2	 2757883849	 0.999420593951057	 -0.025801700664355887	 -0.017289404336768014	 -0.013922109287870188	 0.008800931746551742	 -0.05721622697815654	 -0.26446642209023363	 -1.18505859375	 -0.854736328125	 -2.06982421875	 0.6475749	 0.5028956	 -0.34002793	 0.4605691	 2.0826552	 15.2965975	 -14.864695	Scatto 30m	4	Braccio
3	 2757900516	 0.9989072502922178	 0.01775622974470742	 -0.03675000875732385	 -0.02276968324834833	 -0.07509908243070185	 -0.006734044729533942	 -0.2575150610950266	 -1.204833984375	 -0.879638671875	 -2.0458984375	 0.6325069	 0.543074	 -0.34935066	 0.42773837	 -1.4438316	 13.872233	 -17.853128	Scatto 30m	4	Braccio
4	 2757917183	 0.9967575278794769	 0.04284821883735307	 -0.06333436283582776	 -0.025044345514304067	 -0.06957220743122165	 0.11145413317752917	 -0.27415864526143807	 -1.252197265625	 -0.95361328125	 -1.941650390625	 0.59222716	 0.6087651	 -0.36053953	 0.38559487	 -8.088758	 15.935937	 -13.468333	Scatto 30m	4	Braccio
5	 2757933850	 0.9959370673085662	 0.042585179360062675	 -0.07506337526016907	 -0.02571672907340306	 -0.049048004428569436	 0.2243496088401445	 -0.1621926679751877	 -1.303955078125	 -1.029296875	 -1.802978515625	 0.54305005	 0.6756211	 -0.3735885	 0.330249	 -13.705537	 9.14466	 -6.1962605	Scatto 30m	4	Braccio
6	 2757950517	 0.9973556160541588	 0.013069920707924676	 -0.06684347521868304	 -0.025355514560097492	 0.04876473782380257	 0.35259007505202655	 -0.09112327736784284	 -1.332763671875	 -1.0751953125	 -1.697998046875	 0.5152512	 0.71753407	 -0.38544628	 0.26663134	 -16.807076	 2.0198276	 4.3097267	Scatto 30m	4	Braccio
7	 2757967184	 0.9984953419739905	 -0.023474578494636023	 -0.043096221884004395	 -0.024468589662411448	 0.28909348032001075	 0.48376660104394675	 -0.06206454218259061	 -1.33349609375	 -1.088134765625	 -1.671875	 0.5235332	 0.7288852	 -0.39029297	 0.20569666	 -13.661302	 -6.4349613	 20.668865	Scatto 30m	4	Braccio
8	 2757983851	 0.9968706686474238	 -0.07317222736270107	 -0.01053778055878782	 -0.027993754912732927	 0.5210971040851367	 0.6000389681235884	 -0.1048174047487517	 -1.30859375	 -1.061767578125	 -1.7578125	 0.58182305	 0.7021424	 -0.3821637	 0.14976318	 -7.6311345	 -10.313095	 36.54016	Scatto 30m	4	Braccio
14	 2758083853	 0.9023286614455035	 -0.39109481718656636	 0.017130475912100086	 -0.18042831678757376	 0.682432659123585	 -0.42800068444901895	 1.6407982025684476	 -1.005126953125	 -0.49365234375	 -2.30859375	 0.86106175	 0.4202631	 -0.277651	 -0.06972456	 -7.3690095	 -4.794222	 -27.922031	Scatto 30m	4	Braccio
15	 2758100520	 0.9980323354174369	 0.04700083449673348	 -0.023842802855064935	 0.03396910022125877	 -0.12866239688929995	 -0.3608767433509953	 -0.1094351976777473	 -1.07421875	 -0.572509765625	 -2.27197265625	 0.8398227	 0.44359997	 -0.31089687	 -0.035498183	 -0.62928283	 -6.89628	 -32.69385	Scatto 30m	4	Braccio
17	 2758133854	 0.9874424521560362	 0.10588132118658011	 -0.014131602192512582	 0.11639092457460314	 0.057258324668676044	 -0.7755027735015055	 -0.18907593131078093	 -1.20947265625	 -0.70458984375	 -2.157958984375	 0.78760886	 0.48262402	 -0.37123176	 0.094517425	 12.183677	 -11.798008	 -28.315607	Scatto 30m	4	Braccio
19	 2758167188	 0.9888795453623271	 0.009747239861539636	 0.027988707458562637	 0.14573561106976426	 0.2635194921406024	 -0.4516272484291054	 0.1760934671198705	 -1.29736328125	 -0.638916015625	 -2.16015625	 0.771331	 0.42269468	 -0.41665113	 0.22973822	 8.964697	 -14.406953	 -4.9034467	Scatto 30m	4	Braccio
21	 2758200522	 0.979947303686425	 -0.1315128828346373	 0.03881922973227514	 0.14457078214224786	 1.4928437586157592	 -0.21912339347504756	 0.60066470816015	 -1.3017578125	 -0.281494140625	 -2.251220703125	 0.79338115	 0.23875794	 -0.47192997	 0.30136925	 23.131918	 -19.645342	 37.10143	Scatto 30m	4	Braccio
23	 2758233856	 0.9918519389611625	 0.03655626389406097	 0.06105374165096828	 0.10566840293818637	 1.1651034085963428	 -0.5775436409143699	 0.8888383735261116	 -1.181640625	 -0.1533203125	 -2.29052734375	 0.77330524	 0.19070604	 -0.43658912	 0.41835415	 8.135333	 -23.672426	 31.505283	Scatto 30m	4	Braccio
24	 2758250523	 0.9844808200789938	 0.16046858063542158	 0.04912128754482487	 0.05132688024206594	 0.6182760977524808	 -0.5442457367336911	 -0.03491968758372069	 -1.100830078125	 -0.414794921875	 -2.301513671875	 0.7307871	 0.2655109	 -0.33377963	 0.53295934	 37.489307	 0.7124631	 22.450043	Scatto 30m	4	Braccio
26	 2758283857	 0.9956110167161378	 0.087326098357491	 -0.0017583991980905935	 -0.03361196173055453	 1.106112460186079	 1.6626965509237057	 -0.7651743947051164	 -1.065673828125	 -0.68359375	 -2.22216796875	 0.7197043	 0.3443978	 -0.28781563	 0.5296963	 -44.07032	 8.972684	 13.719669	Scatto 30m	4	Braccio
28	 2758317191	 0.9973980967679312	 0.02008134350039764	 -0.031795461433463686	 -0.061504673311550295	 -0.10679007363108413	 -0.15699571601233958	 -0.4000495952248988	 -1.049560546875	 -0.72998046875	 -2.20361328125	 0.7340989	 0.40320316	 -0.27776653	 0.47050187	 5.9456353	 5.0216827	 -24.52378	Scatto 30m	4	Braccio
30	 2758350525	 0.9817838641943653	 0.13006086558466	 -0.12797537766891595	 -0.052980354485862136	 -0.30010244132062175	 0.15949818478247732	 -0.5778940147067717	 -1.174072265625	 -0.956298828125	 -1.98388671875	 0.65644825	 0.5697768	 -0.2859877	 0.40328822	 -8.559009	 15.513074	 -19.86901	Scatto 30m	4	Braccio
31	 2758367192	 0.9954432899234549	 0.05521811360728601	 -0.07508257506664646	 -0.020154984430232063	 -0.04639681859615817	 0.1848899493501224	 -0.24040611945491283	 -1.239501953125	 -1.051025390625	 -1.82568359375	 0.6077431	 0.6417128	 -0.30075392	 0.3583298	 -12.10765	 13.840781	 -8.98986	Scatto 30m	4	Braccio
33	 2758400526	 0.9946218745359974	 0.02979656020578636	 -0.09908009290406275	 -0.004756772490248474	 0.6883380739637308	 1.0668162742333587	 -0.3776997878730414	 -1.3271484375	 -1.112548828125	 -1.638427734375	 0.5556628	 0.6979606	 -0.34513548	 0.29149872	 -15.892037	 8.072909	 41.966618	Scatto 30m	4	Braccio
35	 2758433860	 0.9624485907577819	 -0.26030578210347927	 -0.03911084963830429	 -0.06636227386418891	 1.017778007519404	 1.427098265314755	 -0.5696745725109573	 -1.295166015625	 -0.922607421875	 -1.964111328125	 0.7226473	 0.56573105	 -0.3788502	 0.11917291	 -13.657198	 2.5965018	 42.35998	Scatto 30m	4	Braccio
36	 2758450527	 0.9792042612468976	 -0.19338846627847783	 0.012267910612852874	 -0.06007840074078566	 0.8129698766348477	 0.013330729042579426	 -0.16793714338063623	 -1.213623046875	 -0.67578125	 -2.18505859375	 0.82934713	 0.4369091	 -0.34824827	 0.004161491	 37.29675	 -3.1704786	 23.054604	Scatto 30m	4	Braccio
37	 2758467194	 0.9866466299281698	 -0.1524932964842841	 0.04592706620381279	 -0.03413102355119527	 0.565367611876214	 -1.2345224791592269	 0.3652396843940777	 -1.09765625	 -0.35498046875	 -2.322998046875	 0.9001493	 0.31685913	 -0.29319888	 -0.05801694	 36.218716	 -71.818634	 -35.258873	Scatto 30m	4	Braccio
38	 2758483861	 0.9995605089671437	 -0.006355967676351937	 0.002505638004702882	 -0.028846357940495504	 -0.1131033036220698	 -0.445874802879658	 0.3602114717426504	 -1.052978515625	 -0.282470703125	 -2.33642578125	 0.9016733	 0.31409922	 -0.28593698	 -0.081037186	 -15.446815	 -30.954489	 -15.471128	Scatto 30m	4	Braccio
39	 2758500528	 0.9989622898735474	 0.042138841117470016	 -0.014364258914179863	 -0.009608826448716691	 -0.10962752411308717	 -0.15059869322243233	 -0.005633876041430154	 -1.077392578125	 -0.367919921875	 -2.3212890625	 0.8848172	 0.34763834	 -0.30013663	 -0.0785145	 -4.879944	 -4.965097	 -18.562246	Scatto 30m	4	Braccio
40	 2758517195	 0.9986088513765947	 0.046208015433563565	 -0.02243576163719627	 0.011908730485179458	 -0.16646502566411242	 -0.3594478189246236	 -0.10135661678808856	 -1.11865234375	 -0.45068359375	 -2.29296875	 0.8634318	 0.37904277	 -0.32747927	 -0.059746325	 -2.961616	 -9.3888855	 -32.282448	Scatto 30m	4	Braccio
41	 2758533862	 0.9981930013850235	 0.0519834655801793	 -0.016589579057585624	 0.025164203919952142	 -0.1365423757173324	 -0.5576524884537429	 -0.12346803971056822	 -1.1767578125	 -0.538330078125	 -2.244140625	 0.83978695	 0.41125333	 -0.35350558	 -0.025739448	 3.0325263	 -16.40087	 -40.849365	Scatto 30m	4	Braccio
42	 2758550529	 0.9969622480538805	 0.06416203517377572	 -0.0014843784586948685	 0.044128288186869036	 -0.06698870791403569	 -0.4984667345475301	 -0.023830956094051642	 -1.2158203125	 -0.619873046875	 -2.207275390625	 0.8130294	 0.44556794	 -0.37312073	 0.03512203	 5.3254495	 -17.625668	 -33.763725	Scatto 30m	4	Braccio
43	 2758567196	 0.9964290406229852	 0.059650293526698095	 0.008908854114937416	 0.05909011595601247	 -0.0145500907918199	 -0.34609340919367615	 -0.05906937591493083	 -1.252685546875	 -0.693603515625	 -2.15673828125	 0.78633994	 0.46738958	 -0.38838667	 0.11123114	 9.545609	 -9.679356	 -25.928324	Scatto 30m	4	Braccio
44	 2758583863	 0.9976428205986536	 0.010613228373244687	 0.014083190777403944	 0.0663161038435407	 0.05643468846593513	 -0.2140123520180901	 -0.03155646356571065	 -1.291015625	 -0.68359375	 -2.140625	 0.7785251	 0.44490004	 -0.40632427	 0.17568009	 10.176363	 -6.020077	 -16.146332	Scatto 30m	4	Braccio
45	 2758600530	 0.9958006830795387	 -0.051437944912800515	 0.019506007741062092	 0.07317549496571497	 0.19750671648517326	 -0.1241874130126237	 0.09325599128020058	 -1.31494140625	 -0.55859375	 -2.18505859375	 0.79337674	 0.3677075	 -0.4317434	 0.22122881	 9.26193	 -9.706647	 -2.939362	Scatto 30m	4	Braccio
46	 2758617197	 0.9912226908310788	 -0.09932884594456243	 0.01329069852476539	 0.08622479270859798	 0.4709009223491129	 -0.11182446840880887	 0.24473213694275153	 -1.319091796875	 -0.318603515625	 -2.23974609375	 0.809209	 0.24332324	 -0.47213936	 0.25111577	 11.680473	 -14.501107	 16.873386	Scatto 30m	4	Braccio
47	 2758633864	 0.991515908674388	 -0.10305477626164694	 0.017145795154026314	 0.0773429870369687	 0.8544030765654033	 -0.5487277538014006	 0.4466251060462286	 -1.28271484375	 -0.03271484375	 -2.239501953125	 0.81508446	 0.114472315	 -0.5003381	 0.2686921	 25.48065	 -32.357048	 42.471363	Scatto 30m	4	Braccio
48	 2758650531	 0.9985386367879263	 -0.00820429080156243	 0.013924691404018365	 0.05156921003327525	 0.7080242672385844	 -0.5612585418897059	 0.5440627949352217	 -1.2216796875	 0.0888671875	 -2.226806640625	 0.80619013	 0.073950194	 -0.49821603	 0.3104351	 8.717893	 -28.516296	 46.000214	Scatto 30m	4	Braccio
49	 2758667198	 0.9930065886409374	 0.10307044810668181	 0.01885547729186876	 0.05439548344184345	 0.8309123135693199	 -0.47336784105021645	 0.4472304822894724	 -1.16259765625	 -0.00732421875	 -2.28076171875	 0.7843569	 0.11942802	 -0.45205805	 0.40763313	 11.171217	 -12.202525	 51.32993	Scatto 30m	4	Braccio
50	 2758683865	 0.9844084462899323	 0.16651082115816124	 0.03672149089967681	 0.043193627034337545	 0.6976144492819578	 -0.27685797719615274	 0.016610855700309436	 -1.08251953125	 -0.288818359375	 -2.32373046875	 0.7508951	 0.21027839	 -0.35364124	 0.5166021	 22.444702	 11.396071	 27.539768	Scatto 30m	4	Braccio
51	 2758700532	 0.9951775807915444	 0.09622777414030748	 0.005691942190421907	 -0.01814937927290922	 0.6383015952995713	 0.683679191237103	 -0.8018554410675168	 -1.074951171875	 -0.54833984375	 -2.276123046875	 0.738162	 0.28271812	 -0.29594705	 0.53628635	 -14.527407	 72.26874	 -15.305796	Scatto 30m	4	Braccio
52	 2758717199	 0.9984558746155368	 0.020119626575269056	 0.021299120587044088	 -0.0471954927340934	 0.1866954136759189	 0.7114597124841615	 -0.15044884394928587	 -1.005859375	 -0.629150390625	 -2.2685546875	 0.76246417	 0.30225718	 -0.25907686	 0.5100671	 -36.884144	 24.97977	 -3.1276202	Scatto 30m	4	Braccio
53	 2758733866	 0.9993114406695407	 0.007864987192515327	 0.006329381829978026	 -0.03570329745386248	 -0.20643642677154983	 0.07910453780440604	 -0.3994575200342763	 -0.939697265625	 -0.65234375	 -2.266845703125	 0.77927345	 0.31823933	 -0.24041441	 0.4833816	 -6.7029977	 11.3053465	 -33.8463	Scatto 30m	4	Braccio
54	 2758750533	 0.9976439669270363	 0.04196378583857191	 -0.038211584708876346	 -0.038541285995896124	 -0.356929553925259	 -0.05653557638571799	 -0.29869923860878295	 -0.9521484375	 -0.71728515625	 -2.22314453125	 0.773223	 0.3813087	 -0.23791109	 0.44735715	 -4.7447286	 -0.7322405	 -37.530582	Scatto 30m	4	Braccio
55	 2758767200	 0.9931316063386706	 0.08247630152298052	 -0.07259446102204371	 -0.04021587257764165	 -0.19755061887055086	 -0.08700317407241312	 -0.32134125809204966	 -1.02294921875	 -0.856689453125	 -2.119384765625	 0.7368658	 0.4867366	 -0.24047081	 0.40285248	 -0.74478763	 7.9021583	 -31.640112	Scatto 30m	4	Braccio
56	 2758783867	 0.99187691182857	 0.08388836890701312	 -0.08840936655376212	 -0.03642413003906472	 -0.05466476795853431	 0.020954433600105127	 -0.3376430325790496	 -1.103515625	 -1.007080078125	 -1.9599609375	 0.68291605	 0.5906977	 -0.2525057	 0.34776855	 -3.649513	 17.570063	 -19.847599	Scatto 30m	4	Braccio
57	 2758800534	 0.9946333960885781	 0.0661041646581621	 -0.07512197223808101	 -0.026293270759061325	 0.10694426301391192	 0.2609824900560508	 -0.25809263799519594	 -1.15234375	 -1.110107421875	 -1.788330078125	 0.62940323	 0.66720253	 -0.26452923	 0.29785404	 -9.046039	 17.244457	 2.3095741	Scatto 30m	4	Braccio
58	 2758817201	 0.9972204464429213	 0.04663713250858598	 -0.057873581509907075	 -0.005196886642350518	 0.24229474119411712	 0.5912699575652058	 -0.31953052007320437	 -1.187744140625	 -1.167236328125	 -1.648193359375	 0.581552	 0.7151652	 -0.28330413	 0.26471633	 -17.039288	 16.873512	 25.716618	Scatto 30m	4	Braccio
59	 2758833868	 0.9986031547578548	 -0.03862965663809248	 -0.034591538251049526	 0.010144674322471294	 0.45817176358101824	 0.8330784768925849	 -0.422395677800993	 -1.23828125	 -1.1572265625	 -1.64013671875	 0.5947747	 0.70010275	 -0.32036218	 0.23123	 -17.444704	 13.749053	 48.523327	Scatto 30m	4	Braccio
60	 2758850535	 0.9918584692076646	 -0.1239538595945141	 -0.02364652295591452	 -0.01711898667407219	 0.27823980472983073	 0.695199362753641	 -0.2180274788001454	 -1.2451171875	 -1.06689453125	 -1.81005859375	 0.6723065	 0.6338854	 -0.34757027	 0.15933698	 -17.753992	 6.078989	 33.05245	Scatto 30m	4	Braccio
61	 2758867202	 0.9828341804666088	 -0.17656802991268672	 -0.020989303225747158	 -0.049195057367378565	 0.5496493004648546	 0.5866089641257358	 -0.2100945131044554	 -1.20703125	 -0.8896484375	 -2.047607421875	 0.7729634	 0.52667904	 -0.3507943	 0.045610797	 3.8910306	 9.580518	 38.955162	Scatto 30m	4	Braccio
62	 2758883869	 0.9781102964602303	 -0.2021608513344213	 0.01782261678370989	 -0.045973823826211124	 0.9255799557916858	 -0.4410167102307614	 -0.05300663314078102	 -1.14306640625	 -0.57763671875	 -2.25	 0.87042314	 0.37597504	 -0.31303278	 -0.054925498	 54.8708	 -25.66336	 1.3580647	Scatto 30m	4	Braccio
63	 2758900536	 0.9942305150416052	 -0.09961912361614517	 0.018984281532911932	 -0.034947249172644586	 0.023831686816131403	 -0.9373862103379096	 0.5636315599772574	 -1.060546875	 -0.31298828125	 -2.3271484375	 0.9060743	 0.29926923	 -0.2783164	 -0.10957829	 -10.762441	 -61.44193	 -30.253998	Scatto 30m	4	Braccio
64	 2758917203	 0.9997771132288794	 0.013044136416999808	 -0.011026389034368035	 -0.012409396187004623	 -0.09902369686050255	 -0.21865975158507128	 0.2080514062757972	 -1.07177734375	 -0.302978515625	 -2.322509765625	 0.89835995	 0.3103704	 -0.28710636	 -0.11912095	 -12.378004	 -14.335735	 -11.938604	Scatto 30m	4	Braccio
65	 2758933870	 0.9977535032265782	 0.06484840906158418	 -0.015935888921623648	 0.005355192391483716	 -0.11047380302671787	 -0.21681894777870436	 -0.14572628623158346	 -1.104248046875	 -0.410888671875	 -2.303955078125	 0.87349266	 0.36179858	 -0.310255	 -0.09926906	 -0.65339947	 -3.372074	 -26.480345	Scatto 30m	4	Braccio
66	 2758950537	 0.9956824334877953	 0.0893830980841519	 -0.01983184276646158	 0.015292201711576164	 -0.2104163978715222	 -0.5257476987121893	 -0.28110599038211603	 -1.14990234375	 -0.570556640625	 -2.242431640625	 0.8338332	 0.4296755	 -0.34054977	 -0.06424253	 2.0230525	 -8.213604	 -46.790012	Scatto 30m	4	Braccio
67	 2758967204	 0.9969008046181206	 0.06999332837274852	 -0.00788642207481244	 0.03503603975774575	 -0.17445034666165293	 -0.5413405338272429	 -0.12926059168906906	 -1.197265625	 -0.6953125	 -2.1689453125	 0.8017536	 0.47268468	 -0.3654725	 -0.013793173	 2.923773	 -10.971945	 -42.91429	Scatto 30m	4	Braccio
68	 2758983871	 0.9966805441368887	 0.04872777932777417	 0.006511373735320792	 0.06489297706884975	 -0.06694282781741132	 -0.30749352278682984	 -0.05424309622337328	 -1.251220703125	 -0.74365234375	 -2.12646484375	 0.7803031	 0.48509815	 -0.3901619	 0.05983957	 4.9898343	 -6.3635335	 -27.182758	Scatto 30m	4	Braccio
69	 2759000538	 0.9973623489224488	 -0.001714097789973834	 0.008364028162686055	 0.07207946901549565	 0.060201306400828776	 -0.18987805986638898	 -0.049812379136789944	 -1.312255859375	 -0.707763671875	 -2.112060546875	 0.7787009	 0.4526061	 -0.41759124	 0.119959734	 9.519937	 -4.591028	 -16.141333	Scatto 30m	4	Braccio
70	 2759017205	 0.9947087017976044	 -0.06834296828288983	 0.018700076796790702	 0.07439183007698208	 0.1492719740908709	 -0.1985144712966258	 0.08641852814446144	 -1.341064453125	 -0.5537109375	 -2.1748046875	 0.8045914	 0.3625279	 -0.4430677	 0.15778819	 9.504997	 -12.561132	 -8.903165	Scatto 30m	4	Braccio
71	 2759033872	 0.9885550293142547	 -0.12589119447034447	 0.009437396441408398	 0.08259114190232901	 0.3449274289273877	 -0.25376974224408083	 0.27897052768783254	 -1.345458984375	 -0.270751953125	 -2.22119140625	 0.8319523	 0.21757989	 -0.48095384	 0.17087424	 10.265666	 -23.885778	 6.446335	Scatto 30m	4	Braccio
72	 2759050539	 0.9898365660791825	 -0.12275515237453655	 0.003923849693241056	 0.07168924899635551	 0.7677531682506233	 -0.8329508237652569	 0.5235864508648533	 -1.31689453125	 0.05712890625	 -2.1875	 0.83914554	 0.07603369	 -0.51038384	 0.1719362	 23.878952	 -55.11452	 34.894123	Scatto 30m	4	Braccio
73	 2759067206	 0.9987752982912812	 -7.587681125081902E-4	 -0.0025166374721475315	 0.049406419926438135	 0.5493201699086767	 -0.739968145207957	 0.5226931380732426	 -1.27978515625	 0.166748046875	 -2.165283203125	 0.82705444	 0.04654183	 -0.51701033	 0.21567407	 3.9371521	 -43.316296	 36.545437	Scatto 30m	4	Braccio
74	 2759083873	 0.9947202103478462	 0.08068113534920365	 0.008269781654882293	 0.06287979195004303	 0.7334546714319905	 -0.4538138480554563	 0.3266423810610635	 -1.230224609375	 0.11279296875	 -2.21533203125	 0.80856967	 0.07404172	 -0.49296272	 0.31260377	 10.891462	 -16.172274	 41.974335	Scatto 30m	4	Braccio
75	 2759100540	 0.9868915717444846	 0.145183752307031	 0.040376951819430414	 0.05776162608101388	 1.0420236077974823	 -0.2813728119625062	 0.07889047805735692	 -1.148681640625	 -0.090576171875	 -2.2998046875	 0.78846717	 0.14481768	 -0.41219616	 0.4329455	 25.84179	 12.374683	 48.456207	Scatto 30m	4	Braccio
76	 2759117207	 0.9874032545883925	 0.1566527144425024	 0.008433973739269131	 0.02058173882380504	 0.6265106875730279	 0.35259468276136396	 -0.5219637005435891	 -1.094482421875	 -0.416015625	 -2.301025390625	 0.7501213	 0.25058115	 -0.3361419	 0.511406	 10.063092	 51.910896	 -3.0778937	Scatto 30m	4	Braccio
77	 2759133874	 0.9989274768334455	 0.026970380875789957	 0.009125972487894818	 -0.036513164868733135	 0.6401652139166514	 0.9530961238081986	 -0.46111478799079136	 -1.082763671875	 -0.53759765625	 -2.27783203125	 0.7638283	 0.27686659	 -0.30867794	 0.4946002	 -37.038708	 63.031376	 3.0692453	Scatto 30m	4	Braccio
78	 2759150541	 0.9991272110783627	 -3.3209288852698027E-4	 0.03221971351206516	 -0.026581870857533885	 -0.04020445989433885	 0.3021083976432247	 -0.2969479617492994	 -1.00439453125	 -0.5576171875	 -2.285400390625	 0.7860772	 0.27120802	 -0.27908197	 0.48025233	 -14.000787	 18.148973	 -21.055422	Scatto 30m	4	Braccio
79	 2759167208	 0.9995997951120581	 0.01765566272196567	 -0.005166638957106063	 -0.02149030078120601	 -0.27791597332870205	 0.0956159351709126	 -0.28931789605327846	 -0.97021484375	 -0.57275390625	 -2.291748046875	 0.7896012	 0.29661408	 -0.27063444	 0.46401188	 -8.506328	 4.4175005	 -32.624992	Scatto 30m	4	Braccio
80	 2759183875	 0.9965448727307564	 0.06174360083795599	 -0.05049791622308059	 -0.023151778478780916	 -0.2130116050404749	 0.03313977990336344	 -0.22247336458365155	 -1.029541015625	 -0.680908203125	 -2.23193359375	 0.76526886	 0.37687162	 -0.27537897	 0.44328073	 -5.1755376	 3.1905344	 -27.376625	Scatto 30m	4	Braccio
81	 2759200542	 0.9944603968230465	 0.07077278839390244	 -0.07134093478860812	 -0.030825356396773727	 -0.04601646412409367	 0.05433741888320008	 -0.2862274790817168	 -1.117919921875	 -0.820556640625	 -2.12646484375	 0.72786164	 0.47146648	 -0.2863516	 0.4073571	 -2.6507025	 13.910079	 -20.4264	Scatto 30m	4	Braccio
82	 2759217209	 0.9947356339051712	 0.06118330594311616	 -0.07633449378520575	 -0.03050683155794487	 0.004562721365131542	 0.1705332555797994	 -0.24644381887759642	 -1.199951171875	 -0.9404296875	 -1.990966796875	 0.68488157	 0.5556795	 -0.30203864	 0.36184326	 -8.188301	 15.9896145	 -10.641218	Scatto 30m	4	Braccio
83	 2759233876	 0.9968368264798607	 0.03901048582625283	 -0.06632891520346794	 -0.019874566085604953	 0.11592529375224161	 0.3036944181663387	 -0.23133728932331823	 -1.260498046875	 -1.019287109375	 -1.8564453125	 0.6470527	 0.6130589	 -0.3221183	 0.31893778	 -11.068277	 16.843979	 3.1040983	Scatto 30m	4	Braccio
84	 2759250543	 0.9987171866636918	 0.0023022471038949277	 -0.050261649297638884	 -0.005696255850501486	 0.275904042071923	 0.5458623435162375	 -0.2427767951784501	 -1.307373046875	 -1.047607421875	 -1.790283203125	 0.62916166	 0.63420033	 -0.35048622	 0.2812561	 -16.205627	 16.116919	 22.381134	Scatto 30m	4	Braccio
85	 2759267210	 0.9982850485450361	 -0.04750853774776925	 -0.03363738183057832	 -0.006198970566761997	 0.3203168016530709	 0.5968861942909408	 -0.25589114724399037	 -1.33740234375	 -1.0185546875	 -1.799560546875	 0.6470065	 0.617669	 -0.38039944	 0.23487018	 -15.667397	 14.625136	 27.979282	Scatto 30m	4	Braccio
86	 2759283877	 0.9917304020000006	 -0.12496559378163247	 -0.016729549302299366	 -0.023969403410663503	 0.4307800880688318	 0.8123259068959605	 -0.23237214818413293	 -1.33642578125	 -0.91455078125	 -1.941162109375	 0.71723944	 0.5477739	 -0.40174228	 0.15528929	 -19.105698	 15.163013	 41.59633	Scatto 30m	4	Braccio
87	 2759300544	 0.9840566524015808	 -0.17036214171223907	 -0.007706125240652618	 -0.05049615004323322	 0.6495699685871092	 0.43295480165820743	 -0.22404678768773437	 -1.296875	 -0.716796875	 -2.119140625	 0.8033642	 0.4414778	 -0.39765638	 0.03965949	 13.044866	 12.54336	 35.430256	Scatto 30m	4	Braccio
88	 2759317211	 0.9844494691340018	 -0.17134042283136275	 0.020870008218850353	 -0.0326518756382726	 0.8474239781840113	 -0.7168270050843296	 0.08622839685927447	 -1.23681640625	 -0.427734375	 -2.262939453125	 0.8754012	 0.31221166	 -0.36569402	 -0.04964475	 49.279415	 -44.673664	 -3.6925502	Scatto 30m	4	Braccio
89	 2759333878	 0.9971851124680988	 -0.06748673081827766	 3.7103270097504915E-4	 -0.03266886851700632	 0.013613446598970062	 -0.6577154871297115	 0.400622219257989	 -1.19921875	 -0.251220703125	 -2.29248046875	 0.89167506	 0.2649882	 -0.35201538	 -0.10383804	 -9.964202	 -44.07739	 -19.488323	Scatto 30m	4	Braccio
90	 2759350545	 0.9996963812301689	 0.009787849842858909	 -0.0181623580917632	 -0.01347115805359772	 -0.07395989790945107	 -0.1732104761324959	 0.017831845036726704	 -1.23486328125	 -0.258056640625	 -2.28369140625	 0.88115793	 0.275278	 -0.36621335	 -0.11692156	 -3.945541	 -7.5156555	 -17.34842	Scatto 30m	4	Braccio
91	 2759367212	 0.9990747592388646	 0.033464623073359734	 -0.02684438411604018	 -0.0030205125050731534	 -0.24248034468871912	 -0.423182119744367	 -0.18406030377788357	 -1.279541015625	 -0.3212890625	 -2.25537109375	 0.8612581	 0.3012193	 -0.39299312	 -0.11427184	 -2.5055363	 -10.612335	 -39.128716	Scatto 30m	4	Braccio
92	 2759383879	 0.99897064833787	 0.03805953375453047	 -0.024221650874901916	 0.00473574478806188	 -0.28852355658131884	 -0.7317197810861265	 -0.15433904886994534	 -1.33251953125	 -0.388427734375	 -2.2216796875	 0.84043646	 0.32769153	 -0.41940796	 -0.10189149	 -2.8246467	 -23.484	 -51.685596	Scatto 30m	4	Braccio
93	 2759400546	 0.9976389243900117	 0.057249037416178705	 -0.007893943379061463	 0.03710538929575664	 -0.07908844912509928	 -0.5769805689807705	 0.03233274661042712	 -1.368408203125	 -0.451904296875	 -2.18408203125	 0.8211194	 0.35678136	 -0.44291356	 -0.047934428	 -0.8492236	 -25.392635	 -33.878815	Scatto 30m	4	Braccio
94	 2759417213	 0.9957311450094888	 0.06265617272108193	 0.003033360767311755	 0.06770885909904178	 0.030799275020487644	 -0.389672306679157	 -0.012265419908713354	 -1.396728515625	 -0.503662109375	 -2.14404296875	 0.801157	 0.37458745	 -0.46513867	 0.038447995	 7.261907	 -17.734056	 -23.35376	Scatto 30m	4	Braccio
95	 2759433880	 0.9969907392930294	 0.010433342855532268	 0.004287564279625567	 0.07669568379867099	 0.21479081756771773	 -0.27013879190786383	 -0.023321820954162645	 -1.4287109375	 -0.466064453125	 -2.135986328125	 0.79495883	 0.34355578	 -0.48811954	 0.10839407	 14.958158	 -14.376077	 -9.264195	Scatto 30m	4	Braccio
96	 2759450547	 0.9957653727719198	 -0.053983552286622105	 0.005923810506919592	 0.07417551442353051	 0.39773668005790086	 -0.28004187402297154	 0.06453023997350454	 -1.44189453125	 -0.310302734375	 -2.15966796875	 0.80536103	 0.2597134	 -0.51274145	 0.1450476	 17.765871	 -18.69621	 4.387109	Scatto 30m	4	Braccio
97	 2759467214	 0.9937909731565693	 -0.0811398413096992	 0.006289935840204208	 0.07587005029576634	 0.4930668684706187	 -0.30854846638214994	 0.22614827774103816	 -1.424560546875	 -0.087646484375	 -2.157470703125	 0.8131635	 0.14990586	 -0.53671056	 0.16803329	 11.823356	 -23.632994	 16.71422	Scatto 30m	4	Braccio
98	 2759483881	 0.9967207068875182	 -0.04591216906025014	 0.0019714484807359382	 0.06660344273922258	 0.5574850228775845	 -0.6597465293901241	 0.3900020967232693	 -1.381103515625	 0.104248046875	 -2.12841796875	 0.80616194	 0.07253788	 -0.55196804	 0.20043091	 10.183819	 -41.3347	 27.88343	Scatto 30m	4	Braccio
99	 2759500548	 0.9974614164785943	 0.04478986403694091	 0.0016626616414250896	 0.055333771535427796	 0.7566378497934971	 -0.5934223900837199	 0.27367435560484304	 -1.344482421875	 0.13134765625	 -2.14404296875	 0.78943735	 0.07315434	 -0.5446068	 0.27357042	 14.166973	 -26.177387	 42.266045	Scatto 30m	4	Braccio
100	 2759517215	 0.9938925871806567	 0.09974478294097433	 0.014696072037468479	 0.04486121810727331	 0.9271728094039918	 -0.11876893531869906	 0.09938913213066118	 -1.29638671875	 0.026611328125	 -2.210693359375	 0.77191067	 0.118022904	 -0.5054599	 0.36706257	 12.74173	 11.92066	 43.82008	Scatto 30m	4	Braccio
101	 2759533882	 0.9926294026047484	 0.11353680972088287	 0.026552490816918684	 0.03303372752751264	 0.7333650660623958	 0.11768963484028341	 0.02654200315775254	 -1.23388671875	 -0.150146484375	 -2.273193359375	 0.75329375	 0.17402036	 -0.44349673	 0.45340505	 3.4367192	 24.166304	 27.505642	Scatto 30m	4	Braccio
102	 2759550549	 0.9964013051098979	 0.08418304634421375	 0.008572447040907484	 -0.004915997887625256	 0.5398473026360149	 0.4600843973782518	 -0.41070513761532335	 -1.216796875	 -0.338623046875	 -2.272705078125	 0.7415207	 0.23198725	 -0.39703545	 0.48856136	 -4.320566	 48.135418	 -0.7202501	Scatto 30m	4	Braccio
103	 2759567216	 0.9985953169694268	 0.027584191545385772	 0.0200953906375157	 -0.04052999603556862	 0.26146396805392513	 0.5517387196464013	 -0.18093358354574784	 -1.17333984375	 -0.436279296875	 -2.2744140625	 0.7614625	 0.25737536	 -0.36047542	 0.47327635	 -22.913582	 30.170347	 -4.861654	Scatto 30m	4	Braccio
104	 2759583883	 0.9989638219981722	 0.02121646507480235	 0.022832082224094778	 -0.03316383527045541	 -0.11059810258803529	 0.24530167500539582	 -0.3029023786203012	 -1.10302734375	 -0.498046875	 -2.2841796875	 0.77898175	 0.27517688	 -0.32564026	 0.4598086	 -9.694284	 15.989735	 -25.346573	Scatto 30m	4	Braccio
105	 2759600550	 0.9986626578610334	 0.03996607157170917	 -0.01361224035807046	 -0.02983816062520978	 -0.24504523176281082	 0.1872037474472835	 -0.187589754085808	 -1.08837890625	 -0.578857421875	 -2.260498046875	 0.7760365	 0.32338372	 -0.31059447	 0.4435329	 -12.555202	 5.151481	 -26.690292	Scatto 30m	4	Braccio
106	 2759617217	 0.9964008810776724	 0.06153577591920212	 -0.048032858922436784	 -0.033037507978009945	 -0.1469727253764	 0.05585212825392691	 -0.21858820778429516	 -1.134765625	 -0.701171875	 -2.193115234375	 0.7528837	 0.4032535	 -0.3096062	 0.4179675	 -4.0749874	 7.2814994	 -23.64576	Scatto 30m	4	Braccio
107	 2759633884	 0.9953997274409391	 0.06376095337675514	 -0.0618144161997738	 -0.03595693792403088	 -0.05933673345614361	 0.05697916101949257	 -0.23058479373796242	 -1.20458984375	 -0.83203125	 -2.0771484375	 0.7191938	 0.4881489	 -0.31425855	 0.38172334	 -2.8540506	 11.776692	 -18.114859	Scatto 30m	4	Braccio
108	 2759650551	 0.996134396357791	 0.05872054800533949	 -0.058706882969532144	 -0.028664673848721456	 0.00480808517673402	 0.15509800042095523	 -0.2427003136678187	 -1.253662109375	 -0.949462890625	 -1.954345703125	 0.67953414	 0.5618022	 -0.31959206	 0.3470918	 -6.6464815	 15.953984	 -9.938191	Scatto 30m	4	Braccio
109	 2759667218	 0.9982012575914204	 0.042107383676394605	 -0.03878064896275579	 -0.017812322949666063	 0.12126440924580528	 0.56873256299596	 -0.3103112040179342	 -1.281005859375	 -1.02587890625	 -1.8349609375	 0.64742064	 0.61072326	 -0.32150304	 0.32326436	 -23.418056	 23.436134	 11.782509	Scatto 30m	4	Braccio
110	 2759683885	 0.9992990220033678	 -0.010220092291057914	 -0.03332035405268458	 -0.013666321468428444	 0.41405023692068027	 0.6724137368672102	 -0.418642910025289	 -1.29296875	 -1.04638671875	 -1.796142578125	 0.6456998	 0.6217581	 -0.3380186	 0.2867617	 -17.470156	 27.260674	 32.934093	Scatto 30m	4	Braccio
111	 2759700552	 0.9953020505360519	 -0.08992531178610924	 -0.027901985931847815	 -0.022555391372360404	 0.5789465718658166	 0.60601103763899	 -0.3769153270491148	 -1.301513671875	 -0.9912109375	 -1.873291015625	 0.69425255	 0.5800172	 -0.36591384	 0.2184051	 -5.5552106	 22.631212	 40.15792	Scatto 30m	4	Braccio
112	 2759717219	 0.9870916383949926	 -0.15121483326039825	 -0.019553708659779432	 -0.04900840836394865	 0.5049567959269409	 0.541912726059527	 -0.21120807213234696	 -1.26708984375	 -0.83984375	 -2.05810546875	 0.775128	 0.4938015	 -0.37849405	 0.10990524	 -0.88242644	 15.651225	 33.660675	Scatto 30m	4	Braccio
113	 2759733886	 0.9820760026871824	 -0.18006361687683448	 -0.00654542647046405	 -0.05532608982674892	 0.6939832980287322	 0.03576271782541629	 -0.09420845165888657	 -1.227783203125	 -0.59033203125	 -2.214599609375	 0.8525277	 0.37129247	 -0.36771834	 -0.011042461	 30.366627	 -3.0019107	 19.154903	Scatto 30m	4	Braccio
114	 2759750553	 0.9866294277462091	 -0.15575972890520218	 0.01924887902161682	 -0.043940412071088286	 0.5564885975093544	 -0.6398641252718069	 0.22004418233943726	 -1.17236328125	 -0.291748046875	 -2.298828125	 0.90426636	 0.25369594	 -0.32786772	 -0.10219425	 25.615126	 -45.872612	 -8.231177	Scatto 30m	4	Braccio
115	 2759767220	 0.9978632680947128	 -0.05318470917070839	 0.0012576576828881305	 -0.03793024116610925	 0.028647471247948725	 -0.541013311456781	 0.21940319489352728	 -1.153076171875	 -0.15478515625	 -2.301513671875	 0.91138166	 0.21928178	 -0.31174928	 -0.15527853	 -7.803362	 -33.32687	 -17.45004	Scatto 30m	4	Braccio
116	 2759783887	 0.9995648053984495	 0.020572033115696553	 -0.00856329748680973	 -0.019330318114273826	 -0.11157631363072718	 -0.32787348821739526	 -0.0754647625683757	 -1.1689453125	 -0.178466796875	 -2.2998046875	 0.9004341	 0.2427159	 -0.31890187	 -0.16914313	 -5.060058	 -12.64742	 -26.145094	Scatto 30m	4	Braccio
117	 2759800554	 0.9985426431941864	 0.05163046918582653	 -0.015017913595427673	 -0.004620243030348776	 -0.17158796985690633	 -0.5740402378463687	 -0.18867281878982864	 -1.195068359375	 -0.27490234375	 -2.29052734375	 0.8809528	 0.28735322	 -0.33986917	 -0.1607462	 -5.3327646	 -19.992218	 -41.31273	Scatto 30m	4	Braccio
118	 2759817221	 0.998090932582864	 0.058995012550855486	 -0.011100379157344577	 0.014521032076143081	 -0.2025582157578258	 -0.7232971968893971	 -0.07388213741922345	 -1.228515625	 -0.3818359375	 -2.266357421875	 0.86129004	 0.33096763	 -0.3626807	 -0.1307778	 -9.459053	 -26.524683	 -45.275337	Scatto 30m	4	Braccio
119	 2759833888	 0.9974632192886937	 0.05578955530500024	 -0.00209787130511685	 0.04416164196554032	 0.010560436539065098	 -0.4639779360181926	 -0.011091409538382196	 -1.249755859375	 -0.463134765625	 -2.235595703125	 0.8467308	 0.3600572	 -0.38495076	 -0.0722393	 1.3436761	 -20.858147	 -28.222519	Scatto 30m	4	Braccio
120	 2759850555	 0.9978076102560574	 0.026511594079912826	 0.004829390390844735	 0.060446548974202374	 0.1257572236754537	 -0.24450212743128436	 -0.0338682349561443	 -1.276611328125	 -0.488037109375	 -2.217529296875	 0.8428414	 0.3565538	 -0.40302372	 -0.0077404487	 8.955596	 -12.620986	 -15.877779	Scatto 30m	4	Braccio
121	 2759867222	 0.9974406937172705	 -0.03198527111221572	 0.00901020209089054	 0.06330735507798006	 0.1082533211281398	 -0.1904253381416196	 -0.05581600395937533	 -1.28759765625	 -0.4013671875	 -2.235107421875	 0.85718703	 0.30077302	 -0.41636127	 0.037544746	 9.831776	 -8.482911	 -13.724882	Scatto 30m	4	Braccio
122	 2759883889	 0.9950635318271113	 -0.07525621382664605	 0.005139877846089992	 0.0644876078325208	 0.11792842981986401	 -0.23744767471865008	 0.05038275917537754	 -1.2841796875	 -0.22021484375	 -2.253662109375	 0.8757354	 0.20511454	 -0.43225497	 0.064584665	 7.03141	 -14.584786	 -9.962211	Scatto 30m	4	Braccio
123	 2759900556	 0.9943664467788766	 -0.07470985070323116	 -0.006379764954190793	 0.07492066689092954	 0.3638822097470675	 -0.40873703830945574	 0.23358336671655106	 -1.269287109375	 -0.01123046875	 -2.232177734375	 0.8784297	 0.103654675	 -0.45601276	 0.098334014	 10.423351	 -29.30869	 7.7032375	Scatto 30m	4	Braccio
124	 2759917223	 0.9972709678978496	 -0.02179225933948986	 -0.016860554423539013	 0.06849405613261153	 0.8264591567788421	 -0.7152354110604634	 0.3648457977155727	 -1.254638671875	 0.133056640625	 -2.19140625	 0.86329186	 0.05099327	 -0.47936016	 0.1494679	 22.40269	 -42.666996	 39.757214	Scatto 30m	4	Braccio
125	 2759933890	 0.9976135325171246	 0.04477198093619303	 -0.01993726911420285	 0.04863347367833203	 0.8714977119888385	 -0.20616120359471643	 0.275408587748767	 -1.254150390625	 0.120849609375	 -2.202392578125	 0.84110236	 0.06424649	 -0.4918592	 0.21562427	 16.091822	 -3.8685699	 43.911446	Scatto 30m	4	Braccio
126	 2759950557	 0.9965143590295072	 0.06702667107817278	 -0.005022024089718914	 0.049409886523156366	 0.8447821541050451	 0.1309598651538296	 0.24791732085633827	 -1.243408203125	 0.048095703125	 -2.2314453125	 0.8195815	 0.092309214	 -0.48373482	 0.29285827	 5.891401	 18.125523	 40.07592	Scatto 30m	4	Braccio
127	 2759967224	 0.995667556956017	 0.08428644351541492	 0.008971192414021669	 0.03822864333755425	 0.6560732275742869	 0.09709345676731033	 0.24245367272714374	 -1.216064453125	 -0.066162109375	 -2.2685546875	 0.8004788	 0.13579313	 -0.45379305	 0.367241	 -0.12062547	 14.176111	 30.112885	Scatto 30m	4	Braccio
128	 2759983891	 0.9945356436217505	 0.10391343531799571	 0.0019968029007159664	 0.0098419664934849	 0.34083103929931446	 -0.03005220773585965	 -0.05215688104122745	 -1.203125	 -0.251953125	 -2.291748046875	 0.7788184	 0.20969865	 -0.4134434	 0.42253187	 9.6630745	 10.109921	 5.538065	Scatto 30m	4	Braccio
129	 2760000558	 0.9971919185578444	 0.06886793443296996	 0.012818297236699694	 -0.02647973613563823	 0.2431661231890567	 0.4936320427920562	 -0.3259446746699954	 -1.189697265625	 -0.417236328125	 -2.2744140625	 0.77840996	 0.2652623	 -0.3686764	 0.43334958	 -11.145151	 36.71819	 -9.939834	Scatto 30m	4	Braccio
130	 2760017225	 0.9987182173972043	 0.03457316379274589	 0.02335383899942445	 -0.028656880296002607	 -0.18574063871507981	 0.48072395162959847	 -0.3419271652019752	 -1.130615234375	 -0.525390625	 -2.266845703125	 0.7890873	 0.29089332	 -0.328859	 0.4296209	 -21.90104	 23.59666	 -28.267532	Scatto 30m	4	Braccio
131	 2760033892	 0.9995324000851049	 0.019720873386014748	 0.009045789087749197	 -0.021546276541027535	 -0.23734644664663346	 0.4936076753737606	 -0.2770782628008511	 -1.088623046875	 -0.579345703125	 -2.270263671875	 0.7951662	 0.3094893	 -0.3078672	 0.42088604	 -27.14738	 19.076029	 -25.793467	Scatto 30m	4	Braccio
132	 2760050559	 0.999513226294004	 0.018649183863071628	 -0.01234609392905109	 -0.02175068663945276	 -0.04198280264657074	 0.17191467397209448	 -0.1772987485988619	 -1.078369140625	 -0.62255859375	 -2.245361328125	 0.7944371	 0.33723196	 -0.3033065	 0.40391773	 -7.58475	 11.48465	 -15.852721	Scatto 30m	4	Braccio
133	 2760067226	 0.9986394542005239	 0.026107168787636026	 -0.038197685460263364	 -0.024053961782885856	 0.04606477179539978	 -0.07552745941666308	 -0.18986776436437064	 -1.11865234375	 -0.674560546875	 -2.21533203125	 0.7826543	 0.38181823	 -0.31485704	 0.3775344	 7.569156	 8.095125	 -15.739173	Scatto 30m	4	Braccio
134	 2760083893	 0.9974650325203559	 0.03986689537855548	 -0.05061203753716135	 -0.030208628045272357	 0.07432729462776769	 -0.011894790851815759	 -0.1738849956249575	 -1.1806640625	 -0.760009765625	 -2.13818359375	 0.7605889	 0.44219187	 -0.32778326	 0.34428087	 5.037505	 9.979285	 -11.878365	Scatto 30m	4	Braccio
135	 2760100560	 0.997372126039084	 0.04508058517717445	 -0.05127511292029736	 -0.024237281930363456	 0.07183900242546745	 0.19027656209094243	 -0.1163052596737108	 -1.236083984375	 -0.85302734375	 -2.052978515625	 0.72951823	 0.50248766	 -0.3406668	 0.31504837	 -5.558729	 11.504481	 -3.951643	Scatto 30m	4	Braccio
136	 2760117227	 0.9990370134389799	 0.013896954864170252	 -0.031201907641420643	 -0.027538362042120346	 0.23995880931129496	 0.6916515176408881	 -0.17418342392591973	 -1.260498046875	 -0.91162109375	 -1.988037109375	 0.7190172	 0.5332089	 -0.3457419	 0.28136322	 -23.148682	 23.778713	 20.802608	Scatto 30m	4	Braccio
137	 2760133894	 0.997372838551201	 -0.06135668482363882	 -0.018397285814462983	 -0.03382776998907339	 0.37236013852779537	 0.7270554534135389	 -0.32931858333907865	 -1.246337890625	 -0.884033203125	 -2.021728515625	 0.75206006	 0.5073389	 -0.3574088	 0.22197327	 -16.225126	 31.471027	 29.414738	Scatto 30m	4	Braccio
138	 2760150561	 0.9929067123267219	 -0.11360672412905726	 -0.00988997397604577	 -0.03364463202292339	 0.4806184068218007	 0.40829784869241526	 -0.1783128389999256	 -1.224853515625	 -0.750244140625	 -2.1357421875	 0.80724496	 0.43630594	 -0.36999282	 0.14525238	 5.079478	 18.183733	 24.678581	Scatto 30m	4	Braccio
139	 2760167228	 0.9903892187074158	 -0.1327876589981286	 0.0011168935885743083	 -0.03867021637672861	 0.533106750283774	 0.1204620577720225	 -0.028446782886065683	 -1.1904296875	 -0.542236328125	 -2.25	 0.8623542	 0.34324443	 -0.36737904	 0.059675675	 18.747717	 2.418907	 17.036964	Scatto 30m	4	Braccio
140	 2760183895	 0.9927383507308821	 -0.11299979361207202	 0.004105819246650739	 -0.041045777859253174	 0.47984611539684774	 -0.22910530260343206	 0.08563764727884134	 -1.16162109375	 -0.334716796875	 -2.30224609375	 0.897668	 0.26211244	 -0.35366938	 -0.020186624	 22.625282	 -18.16911	 4.4080887	Scatto 30m	4	Braccio
141	 2760200562	 0.996510542046739	 -0.07339005174197655	 -0.0032606722605110494	 -0.03962332534548458	 0.2683410078632589	 -0.31539418971894156	 0.19691704412213235	 -1.153564453125	 -0.187255859375	 -2.303466796875	 0.9106177	 0.21233189	 -0.3440407	 -0.085595764	 7.194104	 -25.342443	 -1.8814297	Scatto 30m	4	Braccio
142	 2760217229	 0.9990206355595518	 -0.023869120103584884	 -0.014030229264691553	 -0.0345135842596796	 0.07086071705380961	 -0.2011857007125561	 0.07389106341606451	 -1.180908203125	 -0.14208984375	 -2.287109375	 0.90596557	 0.20300779	 -0.34787914	 -0.13036321	 0.10491039	 -13.543546	 -9.761087	Scatto 30m	4	Braccio
143	 2760233896	 0.9995194128168936	 0.005551126305532117	 -0.01724929553047783	 -0.02515134594041635	 -0.025372492585231443	 -0.13490662116832325	 -0.07996588618014186	 -1.218017578125	 -0.15966796875	 -2.276611328125	 0.8942001	 0.21575443	 -0.3597032	 -0.15642932	 1.4121475	 -5.223786	 -17.658937	Scatto 30m	4	Braccio
144	 2760250563	 0.9996668973465973	 0.013770487091606998	 -0.017396098411014475	 -0.01318498368454546	 -0.030871260739519873	 -0.2854151455005497	 -0.12732913966651194	 -1.255859375	 -0.202880859375	 -2.263916015625	 0.881717	 0.23106262	 -0.37521252	 -0.16852498	 2.0240285	 -11.763572	 -24.392372	Scatto 30m	4	Braccio
145	 2760267230	 0.9999467845212232	 -0.005376045473485136	 -0.008774449824208275	 -7.316358491359366E-4	 -0.03951015966814372	 -0.4714818258121581	 -0.025838326301975578	 -1.282958984375	 -0.209716796875	 -2.253662109375	 0.87873924	 0.22570331	 -0.3827006	 -0.17440067	 -3.911777	 -22.084444	 -27.284359	Scatto 30m	4	Braccio
146	 2760283897	 0.9994499271622534	 -0.030330469863604992	 0.0038372437426399957	 0.0128522859320373	 0.0034571525878516057	 -0.35709348480060316	 0.13295049318787622	 -1.278564453125	 -0.152099609375	 -2.251708984375	 0.88841856	 0.19448446	 -0.37749204	 -0.17432147	 -8.714305	 -20.143509	 -16.214565	Scatto 30m	4	Braccio
147	 2760300564	 0.999128067502837	 -0.03284077410114822	 0.006142057209931274	 0.025037240617003746	 0.030687111688161406	 -0.29794629330459294	 0.08361254294922506	 -1.2626953125	 -0.072021484375	 -2.24951171875	 0.9006599	 0.15583424	 -0.37136102	 -0.16315217	 -5.397842	 -17.366955	 -13.9841385	Scatto 30m	4	Braccio
148	 2760317231	 0.9983718745060429	 -0.04393792386134909	 0.003516911964401404	 0.03620345801548805	 0.023295393697277407	 -0.3048574844911852	 0.026144102845925804	 -1.23779296875	 0.03076171875	 -2.234375	 0.91333246	 0.1016232	 -0.36646044	 -0.14561404	 -3.428987	 -17.276562	 -15.173441	Scatto 30m	4	Braccio
149	 2760333898	 0.9976649045381889	 -0.05458590142831049	 -0.0013487021237187369	 0.04102802238284008	 -0.003403239019263621	 -0.3608522550280979	 0.0215761812818656	 -1.209716796875	 0.156982421875	 -2.19775390625	 0.9222779	 0.034249477	 -0.36344656	 -0.1270322	 -5.1584706	 -20.354727	 -15.246672	Scatto 30m	4	Braccio
150	 2760350565	 0.9981415836852192	 -0.040448458603747656	 -0.011101186540838139	 0.044204804855681706	 -0.004663044675692625	 -0.464267533531297	 0.07326654441843444	 -1.184326171875	 0.27099609375	 -2.153076171875	 0.92350346	 -0.023244753	 -0.3696905	 -0.09965126	 -8.95638	 -26.718508	 -10.92178	Scatto 30m	4	Braccio
151	 2760367232	 0.9984116361755132	 0.007840219771351908	 -0.022656762662167932	 0.050984378087232295	 0.04443218675448142	 -0.45848572888321654	 0.13223611978065608	 -1.1669921875	 0.320068359375	 -2.127685546875	 0.9189334	 -0.040395174	 -0.38955045	 -0.0466921	 -8.940332	 -26.421375	 -2.8297443	Scatto 30m	4	Braccio
152	 2760383899	 0.9951318105910251	 0.06532328064416998	 -0.03625569939692198	 0.06427342232175992	 0.2705849700166461	 -0.44043769476841715	 0.12720639103352707	 -1.1572265625	 0.272705078125	 -2.168701171875	 0.90617263	 -0.010657661	 -0.4206247	 0.042573858	 2.8427608	 -26.067135	 8.424061	Scatto 30m	4	Braccio
153	 2760400566	 0.9904874150331078	 0.11581750398911839	 -0.038530505129100445	 0.0635325633455718	 1.140336102437146	 -0.44703844176366436	 -0.08884997726634872	 -1.1787109375	 0.14453125	 -2.223388671875	 0.88030183	 0.065279245	 -0.44447672	 0.15247321	 50.049114	 -19.938013	 40.45068	Scatto 30m	4	Braccio
154	 2760417233	 0.994078560559564	 0.09209774341090976	 -0.01468492755401918	 0.055768933979201935	 1.0765329370442023	 0.573921380079418	 -0.014521602048740978	 -1.182861328125	 -0.0341796875	 -2.273681640625	 0.85387015	 0.11861279	 -0.44399452	 0.24434765	 25.218193	 47.087555	 40.239967	Scatto 30m	4	Braccio
155	 2760433900	 0.9988505407401412	 0.02139200405918018	 -0.016776339261677934	 0.03947827081365813	 0.655957623055509	 0.44357020082681875	 0.10013276631741291	 -1.201904296875	 -0.07568359375	 -2.272705078125	 0.8325415	 0.11991067	 -0.4581397	 0.2874095	 0.8190293	 32.738113	 25.128933	Scatto 30m	4	Braccio
156	 2760450567	 0.9993429718807448	 -0.02505904422651717	 -0.008734127424992468	 0.024685701795536308	 0.5091356876428016	 0.3178232724521589	 0.14668257563346732	 -1.212158203125	 -0.025390625	 -2.258056640625	 0.82303894	 0.08793143	 -0.47655863	 0.29625487	 -4.7888546	 22.703379	 19.098537	Scatto 30m	4	Braccio
157	 2760467234	 0.999890117309756	 -0.0029773066394977177	 0.005034393218772526	 0.01362144766078849	 0.4536748034607943	 -0.07629839830442565	 0.3754747635517466	 -1.20751953125	 0.0263671875	 -2.247802734375	 0.8208036	 0.07609616	 -0.47582752	 0.30672315	 -3.9267747	 -2.2261128	 25.528267	Scatto 30m	4	Braccio
158	 2760483901	 0.9981231230435585	 0.058208889481467935	 0.014995306396432097	 0.011708852086545485	 0.04071320068790511	 -0.3707288382385818	 0.20011315434224464	 -1.170654296875	 -0.059326171875	 -2.281982421875	 0.8178246	 0.11219994	 -0.4467831	 0.34490445	 4.8439636	 -21.711119	 2.4355803	Scatto 30m	4	Braccio
159	 2760500568	 0.9966573230816314	 0.08156456599631823	 0.0012034234021922054	 0.004466955753545333	 -0.022090792819604646	 -0.0178322027017999	 -0.16665613566309445	 -1.16455078125	 -0.19580078125	 -2.298095703125	 0.804576	 0.17410256	 -0.4174299	 0.38483524	 6.781897	 3.4877758	 -16.500355	Scatto 30m	4	Braccio
160	 2760517235	 0.9973339016160054	 0.07244683685143793	 0.007261389250771911	 0.004880240134024438	 -0.01949788374144598	 0.5415294224206002	 -0.23247218604981124	 -1.159912109375	 -0.35595703125	 -2.29052734375	 0.7907321	 0.22513069	 -0.38431838	 0.41995072	 -17.740116	 28.675299	 -20.516787	Scatto 30m	4	Braccio
161	 2760533902	 0.9993380742429131	 0.03157724311729959	 0.01722654820832692	 0.005434806565376983	 0.06869629100289942	 0.6404064950635757	 -0.18151658713768018	 -1.132080078125	 -0.43896484375	 -2.28955078125	 0.78740335	 0.2398742	 -0.35917535	 0.4398294	 -26.159948	 30.383904	 -11.924893	Scatto 30m	4	Braccio
162	 2760550569	 0.9998458084406421	 -0.008914324075835867	 0.014236228101024042	 -0.005120935403360449	 0.12915698976443946	 0.3245199539837904	 -0.17826053833542432	 -1.1025390625	 -0.439453125	 -2.29638671875	 0.79691887	 0.22904842	 -0.35108563	 0.43496686	 -10.295012	 21.148611	 -9.276986	Scatto 30m	4	Braccio
163	 2760567236	 0.99941480606635	 -0.027292695699784153	 0.008484910748719267	 -0.018792564124809872	 0.07776012681225541	 0.05763825112232019	 -0.11831964796724843	 -1.069580078125	 -0.395751953125	 -2.309814453125	 0.81401217	 0.21149	 -0.3522046	 0.41061944	 1.356424	 9.032032	 -10.649329	Scatto 30m	4	Braccio
164	 2760583903	 0.9995144993789569	 -0.009980636800594078	 -0.004479020456609418	 -0.029173460474156754	 -0.013941158446594212	 0.027013347041820936	 -0.13993933637791311	 -1.0595703125	 -0.377197265625	 -2.316650390625	 0.82618785	 0.21695924	 -0.35429606	 0.38054815	 1.6825626	 5.8327856	 -15.893848	Scatto 30m	4	Braccio
165	 2760600570	 0.9995881834574486	 0.0031025348524000296	 -0.01442462644184278	 -0.02461235303137269	 -0.044017250872832495	 0.053020908762971095	 -0.1112379629986302	 -1.0810546875	 -0.39111328125	 -2.309814453125	 0.8293882	 0.23527761	 -0.36034027	 0.35625073	 -0.8980321	 4.918089	 -15.865724	Scatto 30m	4	Braccio
166	 2760617237	 0.9996133915438681	 3.842313720521795E-4	 -0.015145516049420328	 -0.02331379754598137	 -0.028851562850412685	 0.1013754861143091	 -0.05259865567550786	 -1.099609375	 -0.406494140625	 -2.2998046875	 0.83172244	 0.25100824	 -0.36791104	 0.33147264	 -4.107564	 5.1893706	 -12.290886	Scatto 30m	4	Braccio
167	 2760633904	 0.9995180263357735	 -0.007650373761310558	 -0.01158555964984498	 -0.027766195611789755	 0.03835728088986324	 0.1416745837853907	 -0.019395595728348203	 -1.1201171875	 -0.40966796875	 -2.296875	 0.8380539	 0.26041564	 -0.37355456	 0.30051073	 -4.5586157	 7.169162	 -7.216359	Scatto 30m	4	Braccio
168	 2760650571	 0.9991427822560831	 -0.023145792617976724	 -0.01210118523022219	 -0.032117507152375574	 0.1799617691981099	 0.1420089285354216	 -0.020122216363065125	 -1.13134765625	 -0.39306640625	 -2.291259765625	 0.8483437	 0.25843033	 -0.38241848	 0.25938994	 0.47152093	 9.9211645	 -0.22204304	Scatto 30m	4	Braccio
169	 2760667238	 0.9982490921952036	 -0.04566175406087142	 -0.005405942224874338	 -0.037209272180434634	 0.2675772783259822	 0.17204477088272224	 0.034224050155292285	 -1.135498046875	 -0.336181640625	 -2.300537109375	 0.86601335	 0.23705126	 -0.38899988	 0.20617256	 1.5867041	 10.061346	 6.459547	Scatto 30m	4	Braccio
170	 2760683905	 0.9970803654840786	 -0.06614692930705457	 -0.004884841997119694	 -0.03783473044765623	 0.39336215976088823	 0.3304647626486811	 0.15554303472665867	 -1.1337890625	 -0.243408203125	 -2.3056640625	 0.88477707	 0.19714262	 -0.39716458	 0.14340444	 -1.6163228	 14.511154	 18.8934	Scatto 30m	4	Braccio
171	 2760700572	 0.9942745342348469	 -0.10554152553672941	 -0.0066072911997982495	 -0.01534537918915749	 0.7423883317735123	 0.08648873731854302	 0.16523391562099293	 -1.156005859375	 -0.0732421875	 -2.28662109375	 0.8999271	 0.11231272	 -0.41307467	 0.082984775	 20.17016	 4.035775	 31.249397	Scatto 30m	4	Braccio
172	 2760717239	 0.9948526793873396	 -0.09970845235458195	 -0.004478107351538475	 -0.017501925592158518	 0.40363443248923475	 -0.0683991652814934	 0.37608007433210505	 -1.162353515625	 0.131591796875	 -2.22802734375	 0.9057458	 0.032138377	 -0.42201397	 0.022272872	 0.22754423	 -8.87738	 22.337696	Scatto 30m	4	Braccio
173	 2760733906	 0.9988683158685989	 -0.04202951794165477	 -0.0067285779146513125	 -0.02122106063955057	 0.19292814054153518	 -0.0479980508930318	 0.3245518843383254	 -1.18994140625	 0.21826171875	 -2.17626953125	 0.9033462	 0.005251295	 -0.42852247	 -0.017513482	 -7.2404165	 -4.316633	 11.409998	Scatto 30m	4	Braccio
174	 2760750573	 0.9998731954443795	 0.0027329014546502717	 -0.004025192306132353	 -0.015163182660102081	 0.08844282033902771	 -0.1368099265076578	 0.1977402552827874	 -1.21630859375	 0.220458984375	 -2.1669921875	 0.9009296	 0.016065894	 -0.43246007	 -0.032349445	 -6.0649223	 -8.374988	 1.5620003	Scatto 30m	4	Braccio
175	 2760767240	 0.9994583371304758	 0.02913815051394436	 -0.0014898860543338668	 -0.015224347754697916	 0.05500286315012667	 -0.13923959126317298	 0.07505111732628071	 -1.23095703125	 0.167724609375	 -2.187255859375	 0.8985703	 0.050455067	 -0.43447495	 -0.03546195	 -1.8303964	 -8.591428	 -4.9360523	Scatto 30m	4	Braccio
176	 2760783907	 0.9991740512426007	 0.035469089688715816	 -0.0021058236360440023	 -0.019716097659436493	 0.030507687596184618	 -0.11136766112522353	 0.0112384390612398	 -1.24951171875	 0.089111328125	 -2.20654296875	 0.8941405	 0.09207779	 -0.4364244	 -0.0396021	 0.46912965	 -6.87177	 -8.80587	Scatto 30m	4	Braccio
179	 2760833908	 0.9948485154299008	 0.0762196147361825	 -0.02009142081779314	 -0.06374430551753198	 0.021864194227280618	 -0.4435307846271037	 0.026203866410675014	 -1.316162109375	 -0.1142578125	 -2.224609375	 0.8702241	 0.18917626	 -0.4496063	 -0.06911251	 2.4295197	 -11.119206	 -13.307884	Scatto 30m	4	Braccio
180	 2760850575	 0.9999649696282077	 0.0060950327447719665	 0.0035469290650912426	 -0.004508812094676323	 0.0035948274913895906	 -0.3309832892671023	 -0.06093535282692579	 -1.319580078125	 -0.149658203125	 -2.226318359375	 0.87013286	 0.19702601	 -0.4461766	 -0.07054138	 4.070413	 -17.329126	 -19.347425	Scatto 30m	4	Braccio
181	 2760867242	 0.9997953691334458	 -0.01394410494296161	 0.012975723404134387	 0.006812664588540907	 -0.06861431382963062	 -0.34425403707671887	 -0.004032893086884842	 -1.30126953125	 -0.12646484375	 -2.23681640625	 0.87884575	 0.18256839	 -0.4353931	 -0.068789475	 -1.1410875	 -17.55765	 -21.390514	Scatto 30m	4	Braccio
182	 2760883909	 0.999412973553941	 -0.025099680173709504	 0.01536749211179206	 0.01753723277604788	 -0.11774750104616725	 -0.2815430928056201	 0.08230528178404473	 -1.264892578125	 -0.071533203125	 -2.24658203125	 0.89079124	 0.15322818	 -0.42334017	 -0.061608505	 -7.5708094	 -14.940699	 -18.707172	Scatto 30m	4	Braccio
183	 2760900576	 0.9993822855222394	 -0.016195510210350483	 0.012600458368311198	 0.028530357205615756	 -0.08987070982716677	 -0.2737818440648406	 0.0862748280468367	 -1.228515625	 -0.00927734375	 -2.247802734375	 0.89993954	 0.12646903	 -0.41525966	 -0.04091483	 -7.079807	 -15.407224	 -15.994005	Scatto 30m	4	Braccio
184	 2760917243	 0.9991554070982117	 0.006410492624164765	 0.011403322830517761	 0.03895307791619833	 -0.010643739597076578	 -0.21935555656989347	 0.036827888537769464	 -1.189208984375	 0.020263671875	 -2.255859375	 0.9049466	 0.115189634	 -0.4096361	 -0.0012307551	 -1.6613554	 -13.0205145	 -12.300795	Scatto 30m	4	Braccio
185	 2760933910	 0.998485631866516	 0.02731279323998065	 0.009976436274013734	 0.046700374739663326	 0.109585016180925	 -0.07238496775412975	 0.057881352382562784	 -1.146240234375	 0.00439453125	 -2.28466796875	 0.9048729	 0.11917959	 -0.40506455	 0.054075006	 2.2095423	 -5.553933	 -3.6137695	Scatto 30m	4	Braccio
186	 2760950577	 0.9977433211082075	 0.026468722392614108	 -0.01644629471586268	 0.05947429116001285	 0.8778230226894953	 0.09771949883390406	 0.08672220046386882	 -1.130615234375	 -0.016845703125	 -2.288330078125	 0.8900659	 0.11825536	 -0.42430934	 0.11730376	 30.227856	 4.621209	 33.779484	Scatto 30m	4	Braccio
187	 2760967244	 0.9980868806512646	 0.025421299813118303	 -0.016017583161679675	 0.05403492590259135	 1.1021679238206974	 0.16865277559817096	 0.10363940863586533	 -1.14501953125	 -0.026123046875	 -2.292236328125	 0.87209505	 0.1182395	 -0.4415635	 0.17461865	 32.782402	 15.057572	 46.867928	Scatto 30m	4	Braccio
188	 2760983911	 0.998514452193427	 0.020456247562050056	 -0.024088585544633948	 0.044386605445779354	 0.6315906211167039	 0.4389777656762916	 0.346943861994429	 -1.1748046875	 -0.040771484375	 -2.2841796875	 0.8494387	 0.11926806	 -0.46487466	 0.21936461	 -5.265373	 24.201342	 34.341793	Scatto 30m	4	Braccio
189	 2761000578	 0.999717214156138	 0.0031836151948008706	 -0.011860673683907974	 0.020363711202671057	 0.4664756056172811	 0.42067008976541387	 0.22062695669130536	 -1.2001953125	 -0.04052734375	 -2.26513671875	 0.83831346	 0.1144915	 -0.47780716	 0.23626852	 -8.838813	 24.076937	 20.810783	Scatto 30m	4	Braccio
190	 2761017245	 0.9998963436638654	 0.0040678738682599636	 0.0025315845132678487	 0.013577385966282968	 0.2099558324578812	 0.15240339854539117	 0.1972779110584632	 -1.193115234375	 -0.02978515625	 -2.270263671875	 0.83534	 0.11085031	 -0.47742113	 0.24897452	 -8.051774	 6.550926	 6.7592144	Scatto 30m	4	Braccio
191	 2761033912	 0.9985878165147966	 0.04904847124370587	 0.015104988266253174	 0.013728055446518396	 0.07366041735922547	 0.057627725520344904	 0.17821436511828	 -1.171630859375	 -0.083984375	 -2.28759765625	 0.8322314	 0.14161912	 -0.45447743	 0.28422752	 -7.896583	 -0.20975584	 -0.6788006	Scatto 30m	4	Braccio
192	 2761050579	 0.9960003116350886	 0.08693139067252992	 0.018116811123728597	 0.009904226030010954	 0.03702750929190234	 -0.04591021786245345	 0.08751575359846331	 -1.133544921875	 -0.232177734375	 -2.30908203125	 0.82187235	 0.20409909	 -0.41509715	 0.3325115	 -0.9503443	 -4.0306807	 -5.0225654	Scatto 30m	4	Braccio
193	 2761067246	 0.9956991409346023	 0.09250365402147442	 0.0044595050599390285	 0.00253131376775162	 8.013035974964444E-5	 -0.08542984007425031	 -0.21630792145143635	 -1.11083984375	 -0.426025390625	 -2.295166015625	 0.80041265	 0.2769915	 -0.38009697	 0.37167445	 10.77021	 4.3739214	 -17.530212	Scatto 30m	4	Braccio
194	 2761083913	 0.9998049347183195	 0.01298274868006788	 -0.013026493609894498	 -0.007200778696660359	 0.09413726276461151	 0.42132956875174365	 -0.5192644923255236	 -1.13525390625	 -0.507568359375	 -2.279541015625	 0.79427314	 0.29510805	 -0.38456336	 0.36626843	 -5.3420577	 39.210793	 -18.50584	Scatto 30m	4	Braccio
195	 2761100580	 0.9994652267650213	 -0.0307362196608722	 -0.007803255582865155	 -0.007978376452113274	 -0.04355755916056275	 0.5261288587437204	 -0.12855740702247642	 -1.150634765625	 -0.465576171875	 -2.275634765625	 0.80256206	 0.27748272	 -0.400662	 0.34404588	 -23.608013	 22.480501	 -10.118082	Scatto 30m	4	Braccio
196	 2761117247	 0.9989506471114507	 -0.045151026738292965	 0.006988236420358896	 -0.0031865297464503117	 -0.173524573605482	 0.14623172066693513	 -0.21164891047169537	 -1.1396484375	 -0.385009765625	 -2.29931640625	 0.81800514	 0.24153274	 -0.41011122	 0.32301486	 -5.6554427	 11.123752	 -23.630533	Scatto 30m	4	Braccio
197	 2761133914	 0.999018908599066	 -0.04359432741792241	 -6.486346966704803E-4	 -0.007767506133911751	 -0.09639628443197068	 0.047479145300102124	 -0.13729744588861875	 -1.12890625	 -0.292724609375	 -2.309814453125	 0.82986456	 0.21095227	 -0.42318356	 0.29620904	 -0.4616146	 5.485573	 -18.707	Scatto 30m	4	Braccio
198	 2761150581	 0.9995552793817755	 -0.025287238037912385	 -0.011126568766126001	 -0.011224906232453896	 0.002462221186771349	 0.07782913871143377	 -0.06860263289840539	 -1.146484375	 -0.24169921875	 -2.30615234375	 0.83331335	 0.19985364	 -0.43807784	 0.27154273	 -0.6803168	 5.9617505	 -11.476885	Scatto 30m	4	Braccio
199	 2761167248	 0.9995685554241754	 -0.019213450667387277	 -0.015188900103223381	 -0.016212453063411212	 0.05871426683428365	 0.04833765204619483	 -0.05236016184273874	 -1.17626953125	 -0.2109375	 -2.296875	 0.8343653	 0.1969485	 -0.4532072	 0.244232	 1.7887275	 5.003296	 -8.246239	Scatto 30m	4	Braccio
200	 2761183915	 0.9995375237090732	 -0.018333759869452404	 -0.016092557650512266	 -0.01815603301517618	 0.08369496549027522	 0.07561101347877291	 0.021578124747999163	 -1.20849609375	 -0.189208984375	 -2.287841796875	 0.8344923	 0.19565788	 -0.46800914	 0.21519363	 -1.1463226	 4.0588984	 -4.364654	Scatto 30m	4	Braccio
201	 2761200582	 0.9995097305532263	 -0.0171383003859526	 -0.022015459904225876	 -0.014209036367856616	 0.18780129966545944	 0.20341075615167573	 0.14656533250583106	 -1.247314453125	 -0.169677734375	 -2.26513671875	 0.82992226	 0.19456199	 -0.4876682	 0.18855934	 -7.4419427	 7.418716	 5.7698803	Scatto 30m	4	Braccio
202	 2761217249	 0.9987604381595886	 -0.042379947966762255	 -0.026055331954883524	 -0.0016269155854075623	 0.8102438802132931	 0.29408709796626187	 0.10200532887894176	 -1.29833984375	 -0.11962890625	 -2.239013671875	 0.8245637	 0.16684866	 -0.5167588	 0.1587982	 8.718774	 17.715036	 38.377277	Scatto 30m	4	Braccio
203	 2761233916	 0.9959238625193694	 -0.08941743358453536	 -0.006710082567407184	 -0.009754866867064617	 0.9864585292883696	 -0.15271927023443505	 0.2346681740033381	 -1.320068359375	 0.028564453125	 -2.196044921875	 0.8339715	 0.10069796	 -0.53323317	 0.100070484	 17.335857	 -9.404474	 48.46458	Scatto 30m	4	Braccio
208	 2761317251	 0.9961011204743443	 -0.004328249837018128	 -0.04790910840416535	 -0.07394958671298962	 0.7062801917170007	 -0.4816515195627187	 1.1357842265516962	 -1.44482421875	 0.007080078125	 -2.124267578125	 0.81096184	 0.1475291	 -0.5657909	 0.021371506	 -4.241029	 -1.7858553	 -7.995187	Scatto 30m	4	Braccio
209	 2761333918	 0.999603629823351	 0.008868880880394003	 7.579252952577553E-5	 -0.0267192898745971	 0.028812881743154484	 -0.036308928285693653	 0.06345200619101363	 -1.459228515625	 -0.04345703125	 -2.125	 0.809814	 0.17076007	 -0.5612765	 0.003296869	 -2.4070969	 -3.318058	 -7.483301	Scatto 30m	4	Braccio
213	 2761400586	 0.9974090039609416	 -0.032196183782803034	 0.050463333686452894	 -0.039901585441135874	 -0.2304733697210579	 -0.8583822635606915	 0.23362454332275123	 -1.398681640625	 -0.047119140625	 -2.170166015625	 0.8414246	 0.16907321	 -0.5114754	 -0.042568736	 -4.8911357	 -14.242218	 -18.257206	Scatto 30m	4	Braccio
214	 2761417253	 0.9996603722476717	 0.008556020291218325	 0.020759004247391858	 0.01322869672642013	 -0.0795994210650138	 -0.19735993685647724	 0.050062278560336876	 -1.359375	 -0.04296875	 -2.1962890625	 0.8509902	 0.17043692	 -0.49617592	 -0.024011578	 -3.6890254	 -10.683733	 -16.467793	Scatto 30m	4	Braccio
215	 2761433920	 0.9993875076216926	 0.01791886636319895	 0.020748515317677133	 0.021749090787229506	 -0.012648746120620663	 -0.14993170420153829	 0.03325310308851702	 -1.315185546875	 -0.052001953125	 -2.22119140625	 0.8584186	 0.17527606	 -0.4820294	 0.006619665	 -0.9272104	 -8.838088	 -12.364441	Scatto 30m	4	Braccio
216	 2761450587	 0.9989061043561268	 0.027261282414566823	 0.018848276051622818	 0.03298726498304408	 0.15771045394597735	 -0.08247638433701354	 0.06770815294885524	 -1.265869140625	 -0.069091796875	 -2.248779296875	 0.86179173	 0.18236849	 -0.47057453	 0.051152658	 2.6244557	 -7.3702893	 -1.487464	Scatto 30m	4	Braccio
217	 2761467254	 0.9977985193546942	 0.04177941315548167	 0.0069782433877207395	 0.051028418838771135	 0.9086453988663902	 0.14442761701200096	 -0.06278598408279439	 -1.229248046875	 -0.107421875	 -2.272705078125	 0.8531827	 0.19347095	 -0.47036362	 0.115787394	 30.872118	 4.9603157	 35.835598	Scatto 30m	4	Braccio
218	 2761483921	 0.9991899773220301	 0.0031852284492066563	 0.00592803846468143	 0.03967495304204763	 0.8788604547631496	 0.3150161114023711	 -0.1003895674725083	 -1.207275390625	 -0.102294921875	 -2.28662109375	 0.85003835	 0.17649566	 -0.47246152	 0.15186922	 25.36398	 20.516745	 36.11907	Scatto 30m	4	Braccio
219	 2761500588	 0.999273567710375	 -0.009728944287780705	 -0.016952269876260754	 0.0327155171817043	 0.38237341910244654	 0.32876648897224325	 0.24239509250466826	 -1.2216796875	 -0.053955078125	 -2.264404296875	 0.83786666	 0.15516661	 -0.4945276	 0.1713045	 -7.6698856	 13.247245	 20.064636	Scatto 30m	4	Braccio
220	 2761517255	 0.9997093664743475	 -0.0038924404983241567	 -0.01354006776117639	 0.01956266994683073	 0.3576895643128746	 0.4626865870696439	 0.1535147707741163	 -1.238525390625	 -0.030517578125	 -2.24951171875	 0.82792103	 0.14470059	 -0.5101005	 0.1827738	 -9.681638	 23.70627	 15.884541	Scatto 30m	4	Braccio
221	 2761533922	 0.9999199459312179	 -0.008689680572675551	 -7.39368562086895E-4	 0.009167579537941868	 0.24312994183582134	 0.20859474515340515	 0.10323650893674337	 -1.246337890625	 -0.0078125	 -2.242431640625	 0.8268417	 0.13353665	 -0.5141913	 0.18468468	 -4.5193195	 10.762921	 6.664936	Scatto 30m	4	Braccio
222	 2761550589	 0.9997821135490075	 0.01212623499819998	 0.015714640770971625	 0.006459869788724787	 0.1325366283226809	 0.06597767291093708	 0.11694622819192556	 -1.2216796875	 -0.007568359375	 -2.254638671875	 0.831741	 0.13805726	 -0.50030106	 0.19709437	 -4.1686335	 1.990222	 0.5221844	Scatto 30m	4	Braccio
223	 2761567256	 0.9989419157163912	 0.041943682170260455	 0.01863019548046069	 0.002948282080505627	 0.06314479737319087	 -0.026251962815824124	 0.09759638244533984	 -1.1845703125	 -0.0693359375	 -2.2802734375	 0.8336569	 0.16843903	 -0.47696894	 0.22168744	 -2.223511	 -3.1814322	 -3.8080702	Scatto 30m	4	Braccio
224	 2761583923	 0.9978883104290326	 0.06390728143790764	 0.011492910066311259	 -0.0016408249493107818	 0.015144194995932145	 -0.1026377547243722	 0.024607740591041236	 -1.15234375	 -0.18408203125	 -2.30224609375	 0.8268553	 0.2203371	 -0.45244125	 0.2511151	 2.6069129	 -5.741916	 -8.735364	Scatto 30m	4	Braccio
225	 2761600590	 0.99792389147792	 0.06346670110882563	 -0.007687642839050546	 -0.007796461729955546	 -0.046402950991008225	 -0.10097575167373612	 -0.12449744789871695	 -1.15869140625	 -0.322021484375	 -2.2958984375	 0.8095179	 0.2784489	 -0.44068307	 0.2700843	 7.192353	 -0.8830845	 -16.72187	Scatto 30m	4	Braccio
226	 2761617257	 0.9993034265305931	 0.028337351768636276	 -0.020869364572349617	 -0.012414742901182413	 -0.048057526555024765	 0.11492119693786254	 -0.285393723319124	 -1.193603515625	 -0.409912109375	 -2.269775390625	 0.7950698	 0.31285265	 -0.446688	 0.26543728	 3.595908	 16.06974	 -18.639973	Scatto 30m	4	Braccio
227	 2761633924	 0.9998280238971118	 -0.013038945931033663	 -0.0069773376229345105	 -0.01119041012204486	 -0.08134316732963243	 0.28519297010852496	 -0.19998684617029946	 -1.21533203125	 -0.413818359375	 -2.27197265625	 0.79864013	 0.30997118	 -0.45275548	 0.24719265	 -7.710122	 19.478838	 -14.473144	Scatto 30m	4	Braccio
228	 2761650591	 0.9992985048947984	 -0.03691734792028778	 0.005141506880128933	 -0.0036293862503943286	 -0.15418587843154496	 0.19780765720300225	 -0.07266789536727111	 -1.207275390625	 -0.357421875	 -2.2841796875	 0.8125046	 0.28160208	 -0.45692214	 0.22750594	 -9.854578	 10.232962	 -16.416672	Scatto 30m	4	Braccio
229	 2761667258	 0.9992554818883794	 -0.0371309032929768	 0.008541911573135219	 0.006067428066887205	 -0.12081355321759223	 0.0036108690960442533	 -0.04562507184732422	 -1.189453125	 -0.276123046875	 -2.28955078125	 0.8246835	 0.24763057	 -0.46028325	 0.21613827	 -1.9275057	 1.1837032	 -17.22632	Scatto 30m	4	Braccio
230	 2761683925	 0.9995469174855545	 -0.02902520798142255	 -0.0014826680390068183	 0.00782935132992943	 -0.025287807774488427	 -0.0425190177875363	 -0.04306178513364957	 -1.1826171875	 -0.2099609375	 -2.291748046875	 0.82895213	 0.2214089	 -0.4699768	 0.20721634	 2.4425669	 -0.620195	 -12.835857	Scatto 30m	4	Braccio
231	 2761700592	 0.9998147406640543	 -0.015545551661018009	 -0.010097040596645014	 0.005183622827158036	 0.06681532154561107	 -0.004783001838740733	 0.041516237896486896	 -1.200439453125	 -0.170166015625	 -2.282958984375	 0.8262335	 0.20918931	 -0.48313043	 0.20040762	 0.3402019	 -1.0995363	 -5.2266483	Scatto 30m	4	Braccio
232	 2761717259	 0.9997585277711867	 -8.51246957221441E-4	 -0.02104157428494269	 0.006278031460450972	 0.23087787243490762	 0.09639380948698154	 0.15335389732790944	 -1.231689453125	 -0.153564453125	 -2.269287109375	 0.81458974	 0.21061735	 -0.5023847	 0.19923311	 -3.3820004	 1.6054723	 7.3921413	Scatto 30m	4	Braccio
233	 2761733926	 0.9992448341413583	 -0.006916095010513046	 -0.03767567430174579	 0.006517103461172514	 0.8849493421577895	 0.16420298811107545	 0.17036501772609086	 -1.297607421875	 -0.143310546875	 -2.235595703125	 0.7950128	 0.21005291	 -0.5358842	 0.1914698	 9.307097	 8.534582	 43.67741	Scatto 30m	4	Braccio
234	 2761750593	 0.9990816337213722	 -0.03554110533974414	 -0.023878871675470262	 0.0015869717607515932	 0.7124654077145721	 0.12872862205727642	 0.3559845650420976	 -1.34619140625	 -0.08251953125	 -2.203125	 0.7883638	 0.18633859	 -0.5620571	 0.16689092	 -5.5107207	 -1.7480658	 38.2474	Scatto 30m	4	Braccio
235	 2761767260	 0.9995022994649592	 0.007840757996145475	 -0.030485675282885708	 -0.0020735189536633673	 0.4487686428515515	 0.05002188622807108	 0.349701830161055	 -1.399658203125	 -0.07421875	 -2.1689453125	 0.76944244	 0.19965503	 -0.58458835	 0.1623362	 -10.290833	 -6.088837	 22.300255	Scatto 30m	4	Braccio
236	 2761783927	 0.9995658616317191	 0.024566039639840997	 -0.010857120544461809	 -0.0121128398955746	 0.32551834971152294	 0.11369583999242505	 0.20427095859738822	 -1.435546875	 -0.128662109375	 -2.15283203125	 0.7596042	 0.22829583	 -0.5865864	 0.16370472	 -8.365013	 0.10899788	 12.7310505	Scatto 30m	4	Braccio
237	 2761800594	 0.9997220006959063	 0.015967132358217173	 0.006022895822448249	 -0.016269503211266415	 0.1966007525955896	 0.2036263477769077	 0.03024618582103282	 -1.43408203125	 -0.1796875	 -2.157958984375	 0.7617742	 0.24994026	 -0.57569623	 0.16063677	 -4.7362156	 9.063105	 3.8665514	Scatto 30m	4	Braccio
238	 2761817261	 0.999786722734765	 -0.004236215042002001	 0.006932414984826608	 -0.018986973109846317	 0.1862057571091067	 0.17679829878326703	 -0.02539487414044722	 -1.424560546875	 -0.20361328125	 -2.166748046875	 0.76953894	 0.25757363	 -0.56634414	 0.14394473	 -1.233432	 9.092811	 2.6551266	Scatto 30m	4	Braccio
239	 2761833928	 0.999367895184023	 -0.026047080471540196	 0.008737613373306365	 -0.022561333890161187	 0.2286157145618197	 0.09178082718429727	 -0.029184506637112924	 -1.408935546875	 -0.195556640625	 -2.173583984375	 0.783756	 0.2500267	 -0.5572909	 0.11242851	 2.9305382	 4.5353403	 4.057926	Scatto 30m	4	Braccio
240	 2761850595	 0.9986344945491157	 -0.04448537513013456	 0.012035918445983397	 -0.024603543714777465	 0.2219044011517607	 -0.0061621915001795965	 -0.0280567356603519	 -1.390869140625	 -0.15234375	 -2.18408203125	 0.8030374	 0.22829331	 -0.54604536	 0.06962784	 6.259671	 -0.832954	 2.0338573	Scatto 30m	4	Braccio
241	 2761867262	 0.9980658831160117	 -0.055726601991322844	 0.012523749812759555	 -0.024539651199306792	 0.17745865806987987	 -0.09546705787803572	 -0.004049575711115246	 -1.372802734375	 -0.08447265625	 -2.1875	 0.8224576	 0.19665006	 -0.5333529	 0.020667013	 6.470113	 -6.4497933	 -1.8901801	Scatto 30m	4	Braccio
242	 2761883929	 0.9979978151153094	 -0.05658726330790975	 0.012821409593436252	 -0.025176459489520464	 0.10928831511085693	 -0.16441007409557606	 0.03803162506557174	 -1.35986328125	 -0.009033203125	 -2.176513671875	 0.8389564	 0.1637646	 -0.5181518	 -0.029189363	 3.2406695	 -11.040985	 -6.1931486	Scatto 30m	4	Braccio
243	 2761900596	 0.9985838218003225	 -0.045019554458107125	 0.011746104717266894	 -0.02579960424166367	 0.04008582182355719	 -0.22146927092430393	 0.07831095019211598	 -1.346435546875	 0.05078125	 -2.171875	 0.8501139	 0.14020142	 -0.50224525	 -0.073483594	 -1.4187429	 -14.227068	 -9.893905	Scatto 30m	4	Braccio
244	 2761917263	 0.9994333131211092	 -0.025329723742373078	 0.008566303877239225	 -0.020446910690392672	 -0.042593677102179595	 -0.2686776248143485	 0.1054231533561971	 -1.3427734375	 0.08056640625	 -2.158447265625	 0.85564303	 0.13002834	 -0.49016696	 -0.10346055	 -6.51624	 -15.669839	 -14.102858	Scatto 30m	4	Braccio
251	 2762033932	 0.9800902203298576	 0.18090872181355133	 0.050452013479287856	 0.06441885377313043	 -0.31475516289593847	 -1.0078944203815854	 0.13970084049009307	 -1.2373046875	 -0.180419921875	 -2.26513671875	 0.84611064	 0.25744298	 -0.4645669	 0.04469607	 1.7947302	 -4.13333	 -7.139066	Scatto 30m	4	Braccio
252	 2762050599	 0.9988371564151913	 0.027550086126789497	 0.012786470931220208	 0.0374410720993166	 0.2918973008874907	 0.019629785414228263	 0.020511559545614684	 -1.210205078125	 -0.207763671875	 -2.2802734375	 0.8423836	 0.26261938	 -0.4614818	 0.09195562	 8.586987	 -2.4164748	 5.354825	Scatto 30m	4	Braccio
253	 2762067266	 0.9985279006558402	 0.008553595428280325	 0.01077764626876937	 0.05246627448175723	 0.7831501546466559	 0.19102447022196023	 -0.12657755945740248	 -1.187744140625	 -0.20654296875	 -2.28662109375	 0.83910817	 0.24435562	 -0.46468097	 0.1423364	 27.177813	 9.6321335	 29.753952	Scatto 30m	4	Braccio
254	 2762083933	 0.9981364356575014	 -0.043673250855555124	 0.017847621310275178	 0.03870097396980299	 0.44705818172689943	 0.2317747186243473	 -0.070811343566034	 -1.144775390625	 -0.123779296875	 -2.2958984375	 0.85091907	 0.18681803	 -0.4648381	 0.15799175	 10.6835165	 14.318501	 14.9205265	Scatto 30m	4	Braccio
255	 2762100600	 0.997004504999664	 -0.07026234770385295	 -0.0014966871260302386	 0.03229519210601809	 0.27070221097738373	 0.10127773750054443	 0.14394818648106306	 -1.12255859375	 0.035400390625	 -2.273193359375	 0.8555257	 0.111842334	 -0.48237592	 0.15126416	 -0.6070505	 2.8836324	 9.334778	Scatto 30m	4	Braccio
256	 2762117267	 0.9989340458634833	 -0.0377770979033869	 -0.014438895050662317	 0.022252667222743494	 0.3250881796127087	 0.08017138032099787	 0.24334604848214628	 -1.12744140625	 0.13671875	 -2.234375	 0.8483012	 0.071023144	 -0.5029844	 0.1494906	 -3.7934368	 2.492391	 14.603689	Scatto 30m	4	Braccio
257	 2762133934	 0.9994368328527141	 -0.02484444001393621	 -0.016175772366279817	 0.015719902228838598	 0.32454045256268865	 0.08223286710708977	 0.16798409155970634	 -1.144775390625	 0.195556640625	 -2.201171875	 0.83888525	 0.044657923	 -0.5218015	 0.14832619	 -1.2472855	 5.482042	 11.946804	Scatto 30m	4	Braccio
258	 2762150601	 0.9996761919988885	 -0.01966094645332303	 -0.010076392820206727	 0.01262634717144756	 0.3134500354461195	 -0.06819762658098355	 0.18044343005380115	 -1.15478515625	 0.24365234375	 -2.174560546875	 0.8321367	 0.023361431	 -0.53412074	 0.1473709	 -0.39268723	 -2.5805926	 12.115055	Scatto 30m	4	Braccio
259	 2762167268	 0.9999145582381985	 0.005036154147375099	 -0.00640670250781833	 0.01022093624324988	 0.24754330901044433	 -0.12444960115055526	 0.2153230297238454	 -1.15966796875	 0.256591796875	 -2.171630859375	 0.8267936	 0.023322837	 -0.53946054	 0.15764184	 -3.6488266	 -6.398267	 9.91073	Scatto 30m	4	Braccio
260	 2762183935	 0.9993499614576437	 0.034403389949710705	 -0.00651771660718592	 0.008577917276519492	 0.20439475990959277	 -0.09938136247613881	 0.14464684192894836	 -1.1611328125	 0.215087890625	 -2.19189453125	 0.8203832	 0.04843489	 -0.5397828	 0.18237329	 -1.4587976	 -4.5814795	 5.6195955	Scatto 30m	4	Braccio
261	 2762200602	 0.9985824644300806	 0.051997927849223774	 -0.00788789705987808	 0.008188913976016872	 0.16741990663620074	 -0.05251482130620373	 0.0839528537047401	 -1.16748046875	 0.134521484375	 -2.223388671875	 0.81078196	 0.088320315	 -0.5368633	 0.2158937	 0.25851464	 -1.8357141	 1.7092848	Scatto 30m	4	Braccio
262	 2762217269	 0.9977976623614416	 0.06533175819745188	 -0.008131043346049862	 0.008091507336514314	 0.15845272515649728	 -0.030812435953229824	 0.06750278322664012	 -1.18017578125	 0.023193359375	 -2.255859375	 0.7969826	 0.13879533	 -0.5293055	 0.25571537	 0.59013367	 -0.7366405	 0.6426983	Scatto 30m	4	Braccio
263	 2762233936	 0.9972777593776813	 0.07318126378238926	 -0.006447811941903637	 0.006324476500542826	 0.1185824520325535	 -0.06831624016791524	 0.043910104263850856	 -1.19384765625	 -0.108642578125	 -2.27734375	 0.77954394	 0.19533965	 -0.5155499	 0.29725742	 2.4356458	 -2.8436728	 -2.0440822	Scatto 30m	4	Braccio
264	 2762250603	 0.9973884586294475	 0.071172484350387	 -0.01208337419927691	 0.002175346438883119	 0.08494698188633282	 -0.05550849766486696	 -0.04506082033251203	 -1.212646484375	 -0.245361328125	 -2.27392578125	 0.7567082	 0.25304028	 -0.5032432	 0.33182806	 5.5596557	 0.50158644	 -6.1778135	Scatto 30m	4	Braccio
265	 2762267270	 0.9990714769394778	 0.0390826216835618	 -0.01783597389884789	 -0.0032574043945270696	 0.07768498053315354	 0.15450678023844858	 -0.27025520016483834	 -1.248291015625	 -0.3505859375	 -2.254150390625	 0.73820424	 0.2902012	 -0.5028149	 0.34353304	 3.8817258	 18.820131	 -10.955563	Scatto 30m	4	Braccio
266	 2762283937	 0.9999033546046023	 -0.010512489257305191	 -0.0077522263437397885	 -0.004761513078130691	 0.06467087493577857	 0.3568752922061398	 -0.19501952523053215	 -1.270263671875	 -0.359619140625	 -2.241943359375	 0.7388686	 0.2878302	 -0.5111368	 0.3316112	 -9.751616	 22.643675	 -8.196433	Scatto 30m	4	Braccio
267	 2762300604	 0.9991871865028226	 -0.039833648502373864	 0.004552583636288522	 -0.004185780428727471	 -0.029404948022637573	 0.2858718742278704	 -0.06459216133123909	 -1.26513671875	 -0.300048828125	 -2.251708984375	 0.75338465	 0.25934285	 -0.5197837	 0.3081847	 -11.716903	 13.156661	 -11.203205	Scatto 30m	4	Braccio
268	 2762317271	 0.9991246051930632	 -0.03917683713590259	 0.01292967530938516	 -0.0069298070843540616	 -0.06448102630428033	 0.0888642073717613	 -0.054068058778504166	 -1.244873046875	 -0.22412109375	 -2.263427734375	 0.771685	 0.22990482	 -0.52024317	 0.28459302	 -2.9346814	 5.159185	 -14.135923	Scatto 30m	4	Braccio
269	 2762333938	 0.9993520004153915	 -0.03328039578093861	 0.01013082803542592	 -0.009239093339509398	 -0.07493156279729421	 0.007427661995029244	 -0.05526175200927697	 -1.223876953125	 -0.16650390625	 -2.271484375	 0.7866667	 0.20671393	 -0.51981604	 0.26118225	 0.5912148	 1.590342	 -15.154507	Scatto 30m	4	Braccio
270	 2762350605	 0.9996715140446579	 -0.0225327045049441	 6.962286191236623E-5	 -0.012212141008493327	 -0.017640334545078348	 0.037807476764710364	 -0.03042796917238018	 -1.212890625	 -0.122314453125	 -2.270263671875	 0.7941982	 0.19594383	 -0.5233486	 0.23866625	 -0.46529335	 2.648679	 -11.351462	Scatto 30m	4	Braccio
271	 2762367272	 0.9997879828598848	 -0.010982291752562323	 -0.006278804581342668	 -0.016246698429332244	 0.035761352039073414	 0.05286230072438641	 -0.015605012264126925	 -1.2275390625	 -0.108154296875	 -2.263916015625	 0.7966491	 0.19787826	 -0.5280549	 0.21760668	 -0.43575978	 3.4634445	 -7.981251	Scatto 30m	4	Braccio
272	 2762383939	 0.9997449122749127	 -0.007891676008564885	 -0.008403381770520026	 -0.019422023710778946	 0.058206030315991	 0.05451450559127891	 -0.0063791179582008035	 -1.247314453125	 -0.110595703125	 -2.25341796875	 0.79764587	 0.20432132	 -0.5328726	 0.19509256	 -0.31297156	 3.3911512	 -6.430726	Scatto 30m	4	Braccio
273	 2762400606	 0.9996505417544626	 -0.012402144754192823	 -0.010790363607028453	 -0.020701430596302115	 0.09655001791324	 0.10618215398845013	 0.05638565953430953	 -1.2724609375	 -0.105224609375	 -2.241943359375	 0.798011	 0.20818906	 -0.53984946	 0.1685183	 -3.9125125	 4.082499	 -2.490313	Scatto 30m	4	Braccio
274	 2762417273	 0.9994891720026032	 -0.023132066071576807	 -0.01270220251596388	 -0.018026553193946637	 0.29867030827261504	 0.1255563107950954	 0.10899557311407349	 -1.295166015625	 -0.08740234375	 -2.22509765625	 0.7984092	 0.20220727	 -0.55017287	 0.13771385	 -2.4336708	 3.8612363	 10.182486	Scatto 30m	4	Braccio
275	 2762433940	 0.9989894347113771	 -0.03814672784758133	 -0.016308359040373758	 -0.017290862181396725	 0.68300444748714	 0.009576666516917541	 0.15146238235381734	 -1.33544921875	 -0.040283203125	 -2.195556640625	 0.7985141	 0.18402004	 -0.56467366	 0.09826401	 6.895573	 -3.9573746	 31.40678	Scatto 30m	4	Braccio
276	 2762450607	 0.9991344859346752	 -0.03607339711096963	 -0.012949576353658733	 -0.016164699477168143	 0.5116605805935676	 -0.030915782452659413	 0.2568785074510924	 -1.36083984375	 0.008056640625	 -2.166015625	 0.7984674	 0.16609423	 -0.57541484	 0.061323836	 -2.133061	 -9.527785	 23.17332	Scatto 30m	4	Braccio
280	 2762517275	 0.9976885438419015	 0.013641146487728184	 -0.03284399309681186	 -0.057903028647757426	 0.9704099849811674	 0.04622388295130937	 0.7843833019899765	 -1.45751953125	 -0.06982421875	 -2.11962890625	 0.77798444	 0.21419416	 -0.5904884	 0.013600201	 -1.904785	 0.6284201	 3.6686735	Scatto 30m	4	Braccio
281	 2762533942	 0.9998034958475848	 -0.007902917751392569	 0.002932425697517116	 -0.017941974849265244	 0.20610283570587756	 0.06638206065209548	 0.03269636501109045	 -1.45751953125	 -0.082763671875	 -2.125	 0.78132033	 0.2191029	 -0.5843843	 -0.0052480237	 0.86213684	 0.05957291	 3.2975426	Scatto 30m	4	Braccio
285	 2762600610	 0.9923758358871195	 -0.10697448137470489	 0.006016556869270495	 -0.06091355945430028	 0.5359250231341597	 0.08174304966448974	 0.13474617094840047	 -1.4658203125	 0.00537109375	 -2.09423828125	 0.80110615	 0.17132737	 -0.5613482	 -0.117321394	 -0.57036483	 -3.55015	 -3.342475	Scatto 30m	4	Braccio
286	 2762617277	 0.999635109969292	 -0.024412074874108014	 -0.004872769811410217	 -0.010485877711828046	 0.10845193803150087	 -0.03229801597912932	 0.05182932127147561	 -1.477783203125	 0.028564453125	 -2.07666015625	 0.80077004	 0.1573803	 -0.5604687	 -0.14097476	 -0.6825015	 -4.691218	 -4.0423946	Scatto 30m	4	Braccio
287	 2762633944	 0.9997651609686939	 -0.019227178199860973	 -0.006549163507983736	 -0.007552945720574107	 0.0919315743173704	 -0.04141925214548542	 0.055846724970362686	 -1.49267578125	 0.049560546875	 -2.0576171875	 0.798608	 0.14557531	 -0.56177527	 -0.15950483	 -1.443121	 -4.797896	 -5.0466094	Scatto 30m	4	Braccio
288	 2762650611	 0.999861170301374	 -0.013569072812046723	 -0.008452992576174491	 -0.004697584815112732	 0.07115632194531404	 -0.045590183780440975	 0.06191574737840427	 -1.503662109375	 0.06298828125	 -2.037353515625	 0.7947122	 0.1362964	 -0.56569827	 -0.17274663	 -2.3941262	 -4.465893	 -6.092046	Scatto 30m	4	Braccio
289	 2762667278	 0.9999018621993275	 -0.009330350202164328	 -0.01003990292371948	 -0.002900152531204903	 0.05048429677262586	 -0.031447073126357826	 0.07138645251362416	 -1.5224609375	 0.073974609375	 -2.0205078125	 0.7894732	 0.12904595	 -0.5717092	 -0.1822853	 -3.3674135	 -3.0952392	 -6.6252565	Scatto 30m	4	Braccio
290	 2762683945	 0.9999196464250473	 -0.00619344966663149	 -0.01085730035266891	 -0.0021120851041268596	 0.035194292616871736	 -0.011414813020888842	 0.07730274799035701	 -1.539306640625	 0.080810546875	 -1.998046875	 0.78337806	 0.1236403	 -0.57891566	 -0.18944319	 -3.9074357	 -1.5167668	 -6.834366	Scatto 30m	4	Braccio
291	 2762700612	 0.9999186372340385	 -0.004476742993358596	 -0.011856625629854513	 -0.0014484864058922078	 0.04520159456972803	 0.021195528776530848	 0.08356993034635006	 -1.558349609375	 0.0869140625	 -1.982177734375	 0.77650535	 0.118988566	 -0.58719397	 -0.19515197	 -3.8851504	 0.07425659	 -5.452763	Scatto 30m	4	Braccio
292	 2762717279	 0.9999572783854075	 -0.005227935215318391	 -0.0075926782145944735	 -6.79216432894092E-4	 0.0705163748233942	 0.07505817458272322	 0.07600674848521986	 -1.571044921875	 0.092529296875	 -1.9609375	 0.77229244	 0.11412828	 -0.5920101	 -0.20015834	 -2.6416562	 2.360627	 -2.9988718	Scatto 30m	4	Braccio
293	 2762733946	 0.999936298408247	 -0.01123105439866473	 0.0011125232171406707	 -1.5759060461845167E-4	 0.1295892135811636	 0.15180132625784204	 0.04121214489773059	 -1.572998046875	 0.103515625	 -1.94970703125	 0.7739451	 0.10606683	 -0.5888838	 -0.20730394	 0.9170263	 4.8378873	 1.3800783	Scatto 30m	4	Braccio
294	 2762750613	 0.9998853286416335	 -0.013105917546925444	 0.007549144362648919	 -7.5822942273851E-4	 0.16837186257872244	 0.17937680598231814	 0.01255044171978486	 -1.5634765625	 0.117431640625	 -1.94970703125	 0.7793043	 0.09822779	 -0.58022857	 -0.21533957	 3.6218405	 5.1538324	 3.5583906	Scatto 30m	4	Braccio
295	 2762767280	 0.9999020471616913	 -0.01142583316313861	 0.006667693327696179	 -0.004570370233871136	 0.23665084504996658	 0.18429666775808343	 0.015049882673080835	 -1.55859375	 0.134521484375	 -1.95556640625	 0.782965	 0.09370085	 -0.5721479	 -0.22546159	 4.924196	 3.5224001	 7.158144	Scatto 30m	4	Braccio
