2	 2808092244	 0.9939975274669528	 -0.09856650242718579	 0.03682932159023212	 -0.029952646962485063	 0.30163694621503706	 -0.6633293420383152	 0.35714974346255257	 -1.247314453125	 -1.218505859375	 -1.27294921875	 0.9192409	 0.12565021	 -0.34814325	 0.13418226	 19.16939	 -41.046017	 8.031633	Scatto 30m	4	Braccio
3	 2808108911	 0.9996229311623092	 -0.026100611341402263	 0.006675488803582292	 -0.005309560368955469	 -0.2166359759732035	 -0.3827513223117518	 0.49535180821478086	 -1.21923828125	 -1.22265625	 -1.37451171875	 0.6854469	 -0.10860687	 -0.3318622	 0.63893247	 3.4746149	 -24.130522	 21.57693	Scatto 30m	4	Braccio
4	 2808125578	 0.9995610969073898	 0.019398145032329228	 -0.01177029671376942	 0.01904693240052524	 -0.12522877315606143	 -0.162639898619801	 0.16527500244184623	 -1.24365234375	 -1.214111328125	 -1.34375	 0.50332516	 -0.35436752	 -0.15822971	 0.7720433	 0.49090686	 -1.568143	 5.9126873	Scatto 30m	4	Braccio
5	 2808142245	 0.9985550250291876	 0.042064392563517516	 -0.01984848684486168	 0.0269162857242668	 -0.12171702602977107	 -0.1576755742346726	 -0.021983572082177216	 -1.292236328125	 -1.19775390625	 -1.261962890625	 0.4932072	 -0.4606445	 -0.004034779	 0.7379275	 7.465439	 -1.1332216	 -0.4555931	Scatto 30m	4	Braccio
6	 2808158912	 0.9964586542867869	 0.07185132379032194	 -0.020285277532929472	 0.03867874199034754	 -0.1945200236928696	 -0.3289620021284735	 -0.17046790207403933	 -1.353759765625	 -1.156005859375	 -1.10888671875	 0.5597086	 -0.4964227	 0.11918767	 0.65275216	 18.895908	 -6.240012	 5.497037	Scatto 30m	4	Braccio
7	 2808175579	 0.9948233438604932	 0.07824124738726104	 -0.0035301610855967285	 0.06474843380516578	 -0.11071676572930364	 -0.3353693819461724	 -0.19576765830816445	 -1.449462890625	 -1.064697265625	 -0.965576171875	 0.66935295	 -0.50143105	 0.23695272	 0.49435523	 16.397497	 -11.801026	 3.5612555	Scatto 30m	4	Braccio
8	 2808192246	 0.9939147741647539	 0.06497783911705865	 0.024163627985236417	 0.08560035749513484	 0.04598980129485268	 -0.2774277085457987	 -0.219939031920425	 -1.57666015625	 -0.908935546875	 -0.878662109375	 0.73675597	 -0.47087017	 0.34790927	 0.33827686	 13.353806	 -16.049124	 -5.0280566	Scatto 30m	4	Braccio
9	 2808208913	 0.9953015020625158	 0.013471125644930915	 0.042227883236793495	 0.08608283593898393	 0.22689837668274826	 -0.1461713671933454	 -0.02627535949082136	 -1.705810546875	 -0.75390625	 -0.908935546875	 0.7426154	 -0.45837098	 0.43275046	 0.22615422	 14.229874	 -6.1706047	 -14.72954	Scatto 30m	4	Braccio
10	 2808225580	 0.9947436272981596	 -0.046032737367066284	 0.0364004860426343	 0.08391130827281204	 0.5539097542920899	 -0.012585727061820456	 0.1594371744380311	 -1.805419921875	 -0.6142578125	 -1.007080078125	 0.71644753	 -0.47248283	 0.48034114	 0.18092921	 26.133537	 0.1648113	 -32.475075	Scatto 30m	4	Braccio
11	 2808242247	 0.9913017748470928	 -0.1094429279695251	 0.033582190692701526	 0.06492513512300167	 0.817365814374851	 -0.1138303588381386	 0.17601760303248354	 -1.8603515625	 -0.5029296875	 -1.134521484375	 0.6738065	 -0.5237484	 0.49419093	 0.16567464	 38.42229	 -10.0520735	 -41.211807	Scatto 30m	4	Braccio
12	 2808258914	 0.9909173697776764	 -0.125286479940265	 0.014943168896561082	 0.04650554720028747	 0.5698364194561502	 -0.2717395074948397	 0.3823889367447454	 -1.888427734375	 -0.422119140625	 -1.233154296875	 0.59898746	 -0.5868527	 0.49587297	 0.22567219	 40.018585	 2.3676467	 -28.6277	Scatto 30m	4	Braccio
13	 2808275581	 0.9976319125318464	 -0.054987026635633374	 0.014894008225693395	 0.038537806356818145	 0.49122716316550186	 -0.46532296869061196	 0.44602292507633445	 -1.8994140625	 -0.342041015625	 -1.28076171875	 0.552421	 -0.6040977	 0.5104589	 0.26330426	 44.749435	 9.778752	 -26.126532	Scatto 30m	4	Braccio
14	 2808292248	 0.9941746854033915	 0.09565864797259122	 0.012924651145286127	 0.04794863255501722	 0.3382189382002525	 -0.5038362789979453	 0.5620557187458499	 -1.90185546875	 -0.25048828125	 -1.313232421875	 0.590209	 -0.5273841	 0.566154	 0.2301936	 42.700832	 21.035538	 -23.846813	Scatto 30m	4	Braccio
15	 2808308915	 0.9799351305176213	 0.18981153396538236	 0.03323822947328318	 0.05093075350515162	 0.3809515358858715	 -0.5504631347059963	 -0.010032075079187214	 -1.8916015625	 -0.158935546875	 -1.393798828125	 0.6505141	 -0.3829737	 0.6429806	 0.12937711	 34.235405	 -19.158152	 -18.443943	Scatto 30m	4	Braccio
16	 2808325582	 0.9962659833247225	 0.08501674437267899	 -0.013776949460241827	 -0.006036498145806598	 0.9136621017616746	 0.9734732404178246	 -1.3842681917810074	 -1.88916015625	 -0.159423828125	 -1.40087890625	 0.69144636	 -0.33098578	 0.6376236	 0.07606972	 -91.759544	 -34.22334	 -70.83193	Scatto 30m	4	Braccio
17	 2808342249	 0.9991958245251505	 4.777174128636902E-4	 7.285427369113084E-4	 -0.04008672177989173	 0.312863394879286	 1.1797694588700112	 0.15580396998992196	 -1.89501953125	 -0.239990234375	 -1.4072265625	 0.6910396	 -0.35857162	 0.6257551	 0.048182473	 -26.723888	 53.44792	 -53.165253	Scatto 30m	4	Braccio
18	 2808358916	 0.9977797960831032	 -0.04236328882835635	 0.003518711712008016	 -0.051268401144311186	 0.053189458566787265	 -0.021417869747324625	 -0.16408706738048542	 -1.892822265625	 -0.3330078125	 -1.41064453125	 0.6744715	 -0.41538438	 0.6093573	 0.03503815	 -6.925229	 -7.5600495	 -11.723318	Scatto 30m	4	Braccio
19	 2808375583	 0.9985713948791264	 -0.008000933878041981	 -0.015550013793251634	 -0.05049110275350375	 -0.09929738652502032	 -0.23657043319088053	 -0.2273928822941283	 -1.87939453125	 -0.435302734375	 -1.4013671875	 0.68116796	 -0.4501126	 0.5773057	 0.011276065	 -4.488439	 -14.747403	 3.805851	Scatto 30m	4	Braccio
20	 2808392250	 0.9946508346668397	 0.06651806390432619	 -0.06814234726796388	 -0.04002105420639679	 -0.20664672617958932	 -0.21162203115660924	 -0.26531955737168034	 -1.867431640625	 -0.532958984375	 -1.26806640625	 0.74691975	 -0.42603603	 0.50994	 -0.023778562	 -9.65408	 -11.263787	 8.849468	Scatto 30m	4	Braccio
21	 2808408917	 0.9909093906250155	 0.09594306117603715	 -0.08747943931086022	 -0.03522579000092436	 -0.06201816861781269	 -0.021094805617198335	 -0.2593580392900204	 -1.828857421875	 -0.58349609375	 -1.033203125	 0.8244354	 -0.37193906	 0.42214224	 -0.061347805	 -13.422992	 -8.6124115	 -8.009805	Scatto 30m	4	Braccio
22	 2808425584	 0.9923038130847043	 0.08183693130551989	 -0.08967888640786305	 -0.024363015919576875	 0.022837546895218705	 0.18873846743170855	 -0.19392862209783068	 -1.748291015625	 -0.58251953125	 -0.794189453125	 0.88454694	 -0.31855282	 0.330695	 -0.082107656	 -10.189436	 0.96949774	 -22.490314	Scatto 30m	4	Braccio
23	 2808442251	 0.9969687972121314	 0.04001272667972289	 -0.06664755177911448	 0.0032098178920533242	 0.3287777852647969	 0.48613410484753394	 -0.1097272412537061	 -1.658935546875	 -0.527587890625	 -0.628173828125	 0.91667944	 -0.28706574	 0.26860148	 -0.0717325	 8.997571	 12.466049	 -42.16782	Scatto 30m	4	Braccio
24	 2808458918	 0.9985614693624068	 -0.05299332242263305	 -0.0056858431247716066	 0.005862667597832383	 0.4401431796914493	 0.7961885800072191	 -0.21706852414640596	 -1.63330078125	 -0.5419921875	 -0.61767578125	 0.90223557	 -0.33362052	 0.26826656	 -0.051974848	 14.34302	 25.520996	 -57.687412	Scatto 30m	4	Braccio
25	 2808475585	 0.9917936527149449	 -0.12576756431170266	 -0.006889515259719925	 -0.021918138172191102	 0.1667620999641853	 0.8081341879158638	 -0.14156477993823163	 -1.6240234375	 -0.697998046875	 -0.698974609375	 0.8542053	 -0.44917396	 0.2590898	 -0.038060345	 0.15763073	 29.914883	 -50.16541	Scatto 30m	4	Braccio
26	 2808492252	 0.9842810473179635	 -0.16475229030917576	 0.009169534160572037	 -0.06295571754663676	 0.631599141401861	 0.7068226674278317	 -0.005074042553470409	 -1.577392578125	 -0.91552734375	 -0.8798828125	 0.76284796	 -0.5968671	 0.2422111	 -0.056096245	 25.577602	 13.6269865	 -58.74811	Scatto 30m	4	Braccio
27	 2808508919	 0.978594374191346	 -0.18680350445646599	 0.053142763468795436	 -0.06806870216722695	 0.8341155119538861	 -0.48164160357917574	 0.009460070281877578	 -1.468505859375	 -1.101318359375	 -1.22265625	 0.61937064	 -0.7387824	 0.24777773	 -0.09584862	 49.847	 -26.62337	 2.288827	Scatto 30m	4	Braccio
28	 2808525586	 0.9927229090093471	 -0.0983697709777524	 0.056351871275139305	 -0.04060887451769912	 0.0036446677979602438	 -1.04031376391231	 0.644211601378629	 -1.378662109375	 -1.123779296875	 -1.544921875	 0.5252034	 -0.7996248	 0.2561511	 -0.13837785	 32.515648	 40.49361	 42.08182	Scatto 30m	4	Braccio
29	 2808542253	 0.9992643631948968	 0.035696219947382174	 9.56274721549688E-5	 -0.014017959393299974	 -0.12560436679397244	 -0.2429782844093245	 0.21468300797017437	 -1.331298828125	 -1.146240234375	 -1.534423828125	 0.5528509	 -0.78258395	 0.2389999	 -0.15747228	 3.9195607	 18.676788	 -1.3852673	Scatto 30m	4	Braccio
30	 2808558920	 0.9985253738161961	 0.05356478238799635	 -0.008719679094414875	 0.0013634989706413636	 -0.20265780472153286	 -0.12583272945883667	 -0.055644668460578244	 -1.32470703125	 -1.17431640625	 -1.4267578125	 0.59720117	 -0.75153667	 0.22662443	 -0.16487853	 -10.360451	 6.12072	 -1.3748674	Scatto 30m	4	Braccio
31	 2808575587	 0.9979745459648595	 0.05939038028477406	 -0.01245289268394137	 0.01909224448997238	 -0.20178377960383037	 -0.35590888264591414	 -0.16771403784429006	 -1.353515625	 -1.170166015625	 -1.305419921875	 0.6469749	 -0.7114319	 0.22364949	 -0.1589631	 -12.363001	 2.160275	 13.56086	Scatto 30m	4	Braccio
32	 2808592254	 0.997145036008338	 0.06382748335771828	 -0.004187558570913519	 0.04012846726908088	 -0.1538363041441399	 -0.4525992907151488	 -0.10052167501258241	 -1.4140625	 -1.135009765625	 -1.184814453125	 0.6979076	 -0.65933937	 0.23904884	 -0.14509419	 -7.877809	 1.4134325	 18.38197	Scatto 30m	4	Braccio
33	 2808608921	 0.9954343600467692	 0.06991908708341503	 0.012881238128626628	 0.0636853971014899	 -0.03182704269088331	 -0.32641575837081294	 -0.1647017536745717	 -1.51318359375	 -1.045654296875	 -1.069580078125	 0.74693793	 -0.5901897	 0.27896237	 -0.12625377	 -4.5954423	 -9.154127	 9.6793	Scatto 30m	4	Braccio
34	 2808625588	 0.9967884807273103	 0.029741960399758474	 0.022454065282010775	 0.07087986620494618	 0.02349553950059244	 -0.2705096997811641	 -0.15706425876451915	 -1.624755859375	 -0.92822265625	 -1.03369140625	 0.764625	 -0.54386073	 0.33249646	 -0.094921485	 -1.8896782	 -12.776792	 3.8767138	Scatto 30m	4	Braccio
35	 2808642255	 0.9959723142503824	 -0.034027278267175054	 0.02667423308016992	 0.07854793994784777	 0.2102491266358879	 -0.1779284801033834	 -0.004907125753387547	 -1.729248046875	 -0.8095703125	 -1.100341796875	 0.74137235	 -0.54006886	 0.39657822	 -0.03766364	 11.755263	 -10.759113	 -5.4239807	Scatto 30m	4	Braccio
36	 2808658922	 0.9916139495497769	 -0.09596629387679695	 0.01928845682676367	 0.08438128306139178	 0.45200656979683973	 -0.1253105158202871	 0.17455284942231503	 -1.814697265625	 -0.671630859375	 -1.22216796875	 0.6786858	 -0.57396615	 0.45513278	 0.052939214	 27.927036	 -8.082776	 -17.324257	Scatto 30m	4	Braccio
37	 2808675589	 0.9897054133943892	 -0.12448099676372276	 0.014948050097848442	 0.0690234158878227	 0.7372452896728726	 -0.3070020737222286	 0.2827466799609405	 -1.8681640625	 -0.51416015625	 -1.337158203125	 0.58992213	 -0.62372136	 0.49125254	 0.14708713	 46.141537	 -11.900215	 -27.50624	Scatto 30m	4	Braccio
38	 2808692256	 0.9951760919824503	 -0.08618386770697514	 0.009944578095972047	 0.045803845472814214	 0.4906087467617973	 -0.4383135341496725	 0.4981949901129802	 -1.885498046875	 -0.389892578125	 -1.402587890625	 0.52208453	 -0.65314424	 0.50706744	 0.20907715	 46.477333	 8.964615	 -24.339203	Scatto 30m	4	Braccio
39	 2808708923	 0.9990583506788778	 -0.003056402499901245	 0.01233997236816012	 0.041482471292244145	 0.5117627837587397	 -0.4122161824173106	 0.511536490690259	 -1.891845703125	 -0.296142578125	 -1.43212890625	 0.5060864	 -0.63781434	 0.5360172	 0.22305824	 41.953358	 12.534997	 -33.88076	Scatto 30m	4	Braccio
40	 2808725590	 0.9939942601388334	 0.09575438210606357	 0.017300492453545025	 0.05007196899867264	 0.6426841320765889	 -0.2843942225836172	 0.536091760375096	 -1.88671875	 -0.218505859375	 -1.461181640625	 0.54594564	 -0.5640314	 0.59167475	 0.18366536	 36.58094	 9.464692	 -47.027313	Scatto 30m	4	Braccio
41	 2808742257	 0.9851490647987816	 0.1653255817039851	 0.03468599734246458	 0.030751483682638154	 0.5885115927871769	 -0.12103475408215533	 0.0946818354281932	 -1.864990234375	 -0.199462890625	 -1.545166015625	 0.6075202	 -0.4544562	 0.6465766	 0.07954653	 17.209583	 -13.823544	 -38.873066	Scatto 30m	4	Braccio
42	 2808758924	 0.996170973781403	 0.08196565712612644	 0.009109690877265238	 -0.0290178493244148	 0.6209085477857051	 0.8043104421616261	 -0.928251599840267	 -1.861328125	 -0.288818359375	 -1.56494140625	 0.6405552	 -0.42398182	 0.6402432	 0.0041595367	 -66.83989	 -27.301065	 -49.88296	Scatto 30m	4	Braccio
43	 2808775591	 0.9980677414437231	 0.019516188031777824	 0.017237254581496816	 -0.05641612312651731	 0.10065769103366932	 0.754342962303791	 -0.13663445374884878	 -1.84228515625	 -0.414794921875	 -1.600830078125	 0.6362956	 -0.44876555	 0.6253487	 -0.051738508	 -30.515463	 21.108627	 -37.658035	Scatto 30m	4	Braccio
44	 2808792258	 0.9993988554780173	 -9.333072369378317E-4	 -0.008320768486827253	 -0.03364255368754174	 -0.2605878978152306	 0.06208388628723474	 -0.34440563071793023	 -1.8212890625	 -0.501220703125	 -1.606201171875	 0.6383887	 -0.47061726	 0.6051022	 -0.06950293	 -22.543503	 1.5813209	 3.400485	Scatto 30m	4	Braccio
45	 2808808925	 0.9974246210397766	 0.039754782426074546	 -0.056278089137832686	 -0.019911285767314213	 -0.342925616469006	 -0.2125461556500047	 -0.2605291622060706	 -1.83447265625	 -0.5517578125	 -1.498291015625	 0.68752515	 -0.46006554	 0.5560498	 -0.080360964	 -12.223766	 -1.4926343	 16.237856	Scatto 30m	4	Braccio
46	 2808825592	 0.9926009627963591	 0.09000758177988391	 -0.07767833283206528	 -0.024658476966539333	 -0.06428051421833197	 -0.17031256473244138	 -0.31449915766971676	 -1.844482421875	 -0.62353515625	 -1.294189453125	 0.76457584	 -0.41500932	 0.48029894	 -0.111822434	 -13.141471	 -13.596264	 1.0411358	Scatto 30m	4	Braccio
47	 2808842259	 0.9916855705371397	 0.09215839078919855	 -0.08750059244863535	 -0.020253555656009618	 0.038028750667742035	 0.15877137431321336	 -0.2014564520488346	 -1.80908203125	 -0.65087890625	 -1.048828125	 0.83577615	 -0.36139798	 0.39076486	 -0.13480683	 -11.013794	 -1.6766968	 -20.672176	Scatto 30m	4	Braccio
48	 2808858926	 0.995796679108581	 0.06069354096088603	 -0.06852091092279429	 -0.0031863346122829594	 0.2025209874052214	 0.41980892061129277	 -0.11160350272328844	 -1.7548828125	 -0.623046875	 -0.8515625	 0.88018626	 -0.3202547	 0.3226247	 -0.13646427	 1.4902735	 8.168655	 -37.34343	Scatto 30m	4	Braccio
49	 2808875593	 0.9994368659463655	 -0.0014689646684376556	 -0.03251124608555522	 0.008173861270790313	 0.3589187566422669	 0.7635947440666603	 -0.16719291203206782	 -1.718505859375	 -0.5947265625	 -0.754150390625	 0.89062905	 -0.32330942	 0.29666558	 -0.11933408	 11.188841	 20.30854	 -55.91884	Scatto 30m	4	Braccio
50	 2808892260	 0.9980377890116433	 -0.06151264334135895	 -0.006275743579787719	 -0.009868204316392348	 0.1866072991827009	 0.696839585694788	 -0.24545042734966196	 -1.7099609375	 -0.64404296875	 -0.776611328125	 0.8697191	 -0.38064378	 0.29458052	 -0.10918635	 0.8929119	 19.94622	 -50.94231	Scatto 30m	4	Braccio
51	 2808908927	 0.9912112403050852	 -0.12360293706533848	 -0.009454326100991175	 -0.046186651314559325	 0.3511173533788491	 1.0238008485390615	 -0.12935411863341828	 -1.669677734375	 -0.793701171875	 -0.8642578125	 0.8129276	 -0.49860874	 0.2799505	 -0.11029838	 10.270562	 28.844477	 -67.604034	Scatto 30m	4	Braccio
52	 2808925594	 0.9824928981380012	 -0.16338822451245982	 0.007709914765448301	 -0.08917707336174924	 0.7282908999702753	 0.45944944914362773	 -0.10140540467213473	 -1.566650390625	 -1.007080078125	 -1.075927734375	 0.7056276	 -0.64561296	 0.25560802	 -0.1412033	 29.570671	 -11.445882	 -51.054375	Scatto 30m	4	Braccio
53	 2808942261	 0.9840246546176601	 -0.15965979528303115	 0.04692237619930656	 -0.0632654683582294	 0.77981175659869	 -0.8486638474854552	 0.27611373168559616	 -1.439453125	 -1.114501953125	 -1.41748046875	 0.5708442	 -0.75712353	 0.2655191	 -0.17435805	 54.384426	 -17.386282	 32.569675	Scatto 30m	4	Braccio
54	 2808958928	 0.9983067548506749	 -0.038653734066510514	 0.005774836206560136	 -0.043083214005195214	 -0.19147025399453896	 -0.5841950343007651	 0.5371516115399347	 -1.3427734375	 -1.130615234375	 -1.572265625	 0.5322528	 -0.78848666	 0.23972316	 -0.19372343	 16.031685	 39.08785	 14.973721	Scatto 30m	4	Braccio
55	 2808975595	 0.9993155905116058	 0.029252403931494503	 -0.014343152580447079	 -0.01751917231844641	 -0.13773773022314442	 -0.0922470664893116	 -0.06375310934435871	 -1.30615234375	 -1.162841796875	 -1.518310546875	 0.5557852	 -0.7785991	 0.21149679	 -0.20038845	 -7.9004974	 3.7353745	 -3.7146082	Scatto 30m	4	Braccio
56	 2808992262	 0.9988235900882205	 0.04525285609084587	 -0.01728620774958137	 0.0021913284870271887	 -0.2811897193859246	 -0.39168476629311477	 -0.21313543045456232	 -1.30078125	 -1.18408203125	 -1.428955078125	 0.5949033	 -0.7549979	 0.19361025	 -0.19642638	 -18.531652	 6.2037096	 15.056965	Scatto 30m	4	Braccio
57	 2809008929	 0.9981847861654215	 0.052786800309128246	 -0.011523665277540396	 0.026606230841422832	 -0.28843545397698306	 -0.7257912453795512	 -0.16835249220333312	 -1.341796875	 -1.181396484375	 -1.3134765625	 0.64132375	 -0.71892196	 0.1959558	 -0.18291117	 -17.440937	 10.244608	 33.646408	Scatto 30m	4	Braccio
58	 2809025596	 0.997155502142956	 0.050681144095316766	 -0.0010871831009336421	 0.055777631826065266	 -0.06849414041135946	 -0.46266460252895314	 -0.05791828028750248	 -1.4287109375	 -1.128662109375	 -1.218017578125	 0.6864333	 -0.6731755	 0.22584262	 -0.1569686	 -3.9821382	 1.9408131	 18.11444	Scatto 30m	4	Braccio
59	 2809042263	 0.9970127489616722	 0.03040746678687367	 0.008943399610656657	 0.07043422445728366	 0.09304958013078872	 -0.2998706876129603	 -0.11836336363078848	 -1.5400390625	 -1.03857421875	 -1.153564453125	 0.7139713	 -0.6326188	 0.27407482	 -0.122154385	 2.6162806	 -9.777492	 7.59025	Scatto 30m	4	Braccio
60	 2809058930	 0.9963034308813954	 -0.03258040671121076	 0.01771789685548242	 0.07748591383929826	 0.19325876842102613	 -0.2956524801587217	 -0.03482011957356624	 -1.65625	 -0.927734375	 -1.2001953125	 0.6954034	 -0.63021135	 0.33827946	 -0.06939007	 11.421875	 -10.809941	 4.5455456	Scatto 30m	4	Braccio
61	 2809075597	 0.9922984497558132	 -0.08581159243103684	 0.012747496171714251	 0.08841752404366267	 0.3530186035773638	 -0.22473911512016914	 0.18707463810764197	 -1.759521484375	 -0.785400390625	 -1.322021484375	 0.6379048	 -0.6547756	 0.40518364	 0.013145915	 26.84312	 -4.380321	 -5.725756	Scatto 30m	4	Braccio
62	 2809092264	 0.9899996870255297	 -0.10610977314094305	 0.003912511028522248	 0.09287641245646089	 0.7210355860157645	 -0.3755706900945991	 0.30084531343326937	 -1.842041015625	 -0.583740234375	 -1.4169921875	 0.5595922	 -0.67920166	 0.4614871	 0.112123035	 50.423824	 -10.075729	 -17.625607	Scatto 30m	4	Braccio
63	 2809108931	 0.9953679946976329	 -0.07026930822035052	 0.007488866415493346	 0.06518202462072852	 0.6635657504221474	 -0.6116951276264391	 0.5841881239090289	 -1.8740234375	 -0.405029296875	 -1.4755859375	 0.4991324	 -0.6876719	 0.49745327	 0.17468402	 62.244797	 8.596492	 -24.382427	Scatto 30m	4	Braccio
64	 2809125598	 0.9981699159767267	 0.0022559992144901564	 0.003463315251220928	 0.060330214271369476	 0.5966918468510789	 -0.41750263630395434	 0.5546821486750099	 -1.885009765625	 -0.2763671875	 -1.483642578125	 0.48887658	 -0.65757215	 0.5372378	 0.19993536	 46.02639	 10.71672	 -37.803036	Scatto 30m	4	Braccio
65	 2809142265	 0.9942663234622744	 0.084816454927153	 0.015389423140972552	 0.06327568773067736	 0.8550221870323167	 -0.251287236303988	 0.44729526169668704	 -1.871826171875	 -0.164306640625	 -1.510498046875	 0.52286625	 -0.5829469	 0.5973568	 0.17305738	 38.475994	 -3.8822668	 -55.46058	Scatto 30m	4	Braccio
66	 2809158932	 0.9872982309702303	 0.15011507848040267	 0.030414044869591362	 0.042221466229239155	 0.694022689583712	 -0.11079758774374478	 0.17695290232294453	 -1.84814453125	 -0.135986328125	 -1.600341796875	 0.5803579	 -0.4787453	 0.6532794	 0.08493478	 19.99455	 -14.438747	 -45.625492	Scatto 30m	4	Braccio
67	 2809175599	 0.9956907459069372	 0.0923954698866759	 2.0882202619823542E-4	 -0.007935493246716378	 0.6012796153328419	 0.710389140220238	 -0.7510950090689716	 -1.840087890625	 -0.199951171875	 -1.625244140625	 0.62435895	 -0.43024254	 0.65168816	 0.01923765	 -56.320835	 -26.835665	 -45.264114	Scatto 30m	4	Braccio
68	 2809192266	 0.9983719726665703	 0.03836347734710042	 0.019934903126785072	 -0.037205475901071976	 0.17610201220494567	 0.702111332470076	 -0.037373328999740205	 -1.830322265625	 -0.301513671875	 -1.65478515625	 0.6279374	 -0.43235984	 0.6460196	 -0.037661534	 -24.88129	 19.4284	 -39.723946	Scatto 30m	4	Braccio
69	 2809208933	 0.9996738997099089	 0.01297871978966365	 0.005629753845066102	 -0.02125918491025214	 -0.24504581323612118	 0.09613000902013226	 -0.47269771614578626	 -1.813232421875	 -0.36767578125	 -1.683837890625	 0.62898624	 -0.438438	 0.6389571	 -0.062309142	 -29.27078	 -1.536956	 4.1395254	Scatto 30m	4	Braccio
70	 2809225600	 0.997567674238309	 0.04987371401851737	 -0.04432006670789563	 -0.020176215001279058	 -0.321822161522086	 0.01281014816165079	 -0.2986080027797436	 -1.83056640625	 -0.433349609375	 -1.6015625	 0.6760443	 -0.42232046	 0.59741104	 -0.08780567	 -19.122812	 4.3502407	 7.7886906	Scatto 30m	4	Braccio
71	 2809242267	 0.9942393620545089	 0.07579787108242328	 -0.0733400226493262	 -0.01907917080514124	 -0.05992357935868868	 -0.04264241414209902	 -0.3672279963694066	 -1.859619140625	 -0.50927734375	 -1.4287109375	 0.74583036	 -0.38687715	 0.5298894	 -0.11524165	 -19.415138	 -9.619548	 -3.8593936	Scatto 30m	4	Braccio
72	 2809258934	 0.993218428911467	 0.07596585578544254	 -0.08632127396567697	 -0.017174949384641036	 0.05506437609406212	 0.03975471751306219	 -0.319027345558748	 -1.859619140625	 -0.55615234375	 -1.21826171875	 0.8133644	 -0.3473026	 0.4468191	 -0.13480358	 -16.059282	 -9.02165	 -16.42291	Scatto 30m	4	Braccio
73	 2809275601	 0.9957264231946791	 0.055006745210715136	 -0.07406723309407692	 -0.0041464581322070435	 0.16507182031467288	 0.2485426434290985	 -0.22423381341505638	 -1.832275390625	 -0.55859375	 -1.013916015625	 0.86101454	 -0.31369478	 0.37611777	 -0.13705856	 -6.849904	 -0.47075763	 -31.12781	Scatto 30m	4	Braccio
74	 2809292268	 0.9984105682434271	 0.02324849757117564	 -0.04816721837596034	 0.017769739852980415	 0.2682936662122935	 0.6109788679595877	 -0.20171955497654048	 -1.802001953125	 -0.515625	 -0.883544921875	 0.88711345	 -0.2936827	 0.33667466	 -0.11589054	 1.9959296	 15.157633	 -48.744152	Scatto 30m	4	Braccio
75	 2809308935	 0.9991949680542666	 -0.031558147316952806	 -0.019128670245011917	 0.01573509223399983	 0.3082894973375913	 0.8256017870177884	 -0.30838218453681693	 -1.79443359375	 -0.487548828125	 -0.8388671875	 0.8851987	 -0.31842628	 0.32788968	 -0.086698145	 1.8530073	 24.003906	 -60.395798	Scatto 30m	4	Braccio
76	 2809325602	 0.9922501393227926	 -0.11766472948081452	 -0.022495038690863892	 -0.03299463114511042	 0.47086518948950384	 1.2642905359663865	 -0.27619010754658246	 -1.764404296875	 -0.59375	 -0.855712890625	 0.84538597	 -0.4324306	 0.30542555	 -0.071005054	 7.0612426	 40.739223	 -81.34798	Scatto 30m	4	Braccio
77	 2809342269	 0.97910563631887	 -0.1865514834019817	 4.4744748368330534E-4	 -0.08093513921585709	 0.7934843540975683	 0.599788389816293	 -0.2564228387926985	 -1.699951171875	 -0.82568359375	 -1.009765625	 0.74152917	 -0.6047618	 0.2783801	 -0.08308039	 24.138824	 -6.697875	 -66.12146	Scatto 30m	4	Braccio
78	 2809358936	 0.9761537133149002	 -0.2038741194637263	 0.043485113125533166	 -0.060566627204108714	 0.9431004814524169	 -0.8584237961019676	 0.003313486877702065	 -1.600341796875	 -0.988525390625	 -1.351318359375	 0.58387876	 -0.7542775	 0.28420517	 -0.096844085	 58.04028	 -39.117474	 21.102516	Scatto 30m	4	Braccio
79	 2809375603	 0.9955934892800321	 -0.07870656295662165	 0.023688499319890897	 -0.04514128986568267	 -0.17409278701542835	 -0.9460898982008183	 0.5907929358964814	 -1.515869140625	 -1.001953125	 -1.59326171875	 0.51125133	 -0.8078562	 0.2680128	 -0.118995175	 26.094334	 43.89351	 34.68722	Scatto 30m	4	Braccio
80	 2809392270	 0.9989384050440698	 0.03981045857244332	 -0.015152878707661773	 -0.01753797545706054	 -0.07706876268871052	 -0.13847937234277094	 8.585479889774272E-4	 -1.4814453125	 -1.04638671875	 -1.545166015625	 0.5456081	 -0.7927869	 0.23982479	 -0.12761301	 -1.2347065	 5.367339	 -2.0613294	Scatto 30m	4	Braccio
81	 2809408937	 0.9985731829227917	 0.048813926452129716	 -0.021648528399069666	 3.7436603141405295E-4	 -0.2016018384149354	 -0.259623312740223	 -0.2289859878606937	 -1.4794921875	 -1.07568359375	 -1.438232421875	 0.589344	 -0.7673642	 0.22068793	 -0.122974575	 -12.968313	 -0.26287672	 10.423515	Scatto 30m	4	Braccio
82	 2809425604	 0.9979900156492626	 0.057768574382926416	 -0.018094500689317092	 0.018743252731400484	 -0.29276773499135067	 -0.6570441762877894	 -0.17398788768467188	 -1.505126953125	 -1.070556640625	 -1.314208984375	 0.6391546	 -0.7296523	 0.2159995	 -0.111504056	 -12.407216	 7.7929716	 32.10291	Scatto 30m	4	Braccio
83	 2809442271	 0.9976469562198264	 0.05421220306803268	 -0.0041738015613342625	 0.04176322741782324	 -0.15371196888961175	 -0.5981745380964025	 -0.06382330221277911	 -1.561279296875	 -1.025390625	 -1.215576171875	 0.6830646	 -0.6844784	 0.23673603	 -0.094171844	 -3.6259449	 4.0287557	 27.044365	Scatto 30m	4	Braccio
84	 2809458938	 0.9969554315775415	 0.043292479496890815	 0.009115358505717543	 0.06420700044669164	 0.01842026527568892	 -0.33415006748149223	 -0.0476905741113656	 -1.644287109375	 -0.93212890625	 -1.155517578125	 0.7147926	 -0.63652873	 0.28168628	 -0.067495205	 3.577129	 -3.9725254	 9.752167	Scatto 30m	4	Braccio
85	 2809475605	 0.9971429153052452	 -0.009039790121725594	 0.01378571635684478	 0.07371731598234078	 0.12277149851272096	 -0.2706765747341517	 -0.11589920057255414	 -1.73828125	 -0.80810546875	 -1.158447265625	 0.70837784	 -0.61944133	 0.3376724	 -0.021692976	 6.9796333	 -12.356972	 3.0303078	Scatto 30m	4	Braccio
86	 2809492272	 0.9936820200727777	 -0.07966035411235789	 0.016694886440550148	 0.07727581596796318	 0.18602426993468563	 -0.3317194777594467	 0.01982697837786451	 -1.814697265625	 -0.6748046875	 -1.2626953125	 0.6508454	 -0.64585525	 0.39605433	 0.04911502	 16.920732	 -8.587463	 2.9175367	Scatto 30m	4	Braccio
87	 2809508939	 0.9902972111532331	 -0.10910656955784506	 0.0031223931424955447	 0.08600837588579142	 0.35241137944375667	 -0.38120525900290186	 0.2392921189006949	 -1.8701171875	 -0.50341796875	 -1.34228515625	 0.5688987	 -0.67735827	 0.44322166	 0.14523996	 34.060772	 -0.47736555	 -5.814844	Scatto 30m	4	Braccio
88	 2809525606	 0.9936001930381961	 -0.08196291593180671	 -0.007223926316926949	 0.07738573314883493	 0.766483045954236	 -0.7771209794757186	 0.5010484255620539	 -1.89990234375	 -0.3115234375	 -1.359130859375	 0.50226533	 -0.6851606	 0.4753123	 0.22882949	 70.93707	 5.2473736	 -21.345352	Scatto 30m	4	Braccio
89	 2809542273	 0.9980140440398927	 -7.114194112866068E-4	 -0.008657082620514539	 0.06239003688139678	 0.5903073744513483	 -0.46578536674994997	 0.49345929504985764	 -1.89892578125	 -0.17138671875	 -1.341064453125	 0.49168226	 -0.6538118	 0.51041234	 0.26506293	 45.2414	 13.21697	 -36.09179	Scatto 30m	4	Braccio
90	 2809558940	 0.9962445581686437	 0.06117601113205717	 0.0014223134395991573	 0.06125563652280375	 0.7277423625349038	 -0.27932837832445	 0.42023349252120823	 -1.882080078125	 -0.04736328125	 -1.3515625	 0.5143877	 -0.59164345	 0.5632002	 0.26109228	 34.39502	 5.2871118	 -49.964	Scatto 30m	4	Braccio
91	 2809575607	 0.9893309672314752	 0.13510125023905906	 0.01999530363259575	 0.050715651364418406	 0.9185709742277874	 -0.3044781314392728	 0.24323467174728997	 -1.849365234375	 0.0390625	 -1.435546875	 0.5660769	 -0.49368194	 0.63049906	 0.1957196	 33.88292	 -11.640006	 -57.77722	Scatto 30m	4	Braccio
92	 2809592274	 0.9908152819149567	 0.1332898424234411	 -0.0019374240257606509	 0.022696727047384728	 0.6241005028970915	 0.387351124904013	 -0.4844693900494369	 -1.821044921875	 0.0458984375	 -1.54638671875	 0.62512314	 -0.40051088	 0.6585057	 0.12321697	 -29.72552	 -28.373903	 -42.95531	Scatto 30m	4	Braccio
93	 2809608941	 0.9988194510925091	 0.040650247955662834	 -0.0011374186338588418	 -0.026570053429624395	 0.4521497426273423	 0.8157296516389944	 -0.18702312726303916	 -1.83544921875	 -0.014892578125	 -1.55908203125	 0.64551955	 -0.393807	 0.64949304	 0.079871744	 -38.65941	 14.032306	 -49.383213	Scatto 30m	4	Braccio
94	 2809625608	 0.9994140815385955	 0.01773527170507258	 0.014160798012210625	 -0.025620803257712148	 -0.08409525535378742	 0.3280051827795784	 -0.24508799311466523	 -1.8388671875	 -0.087890625	 -1.596923828125	 0.6454389	 -0.4008058	 0.64859915	 0.045634873	 -24.23291	 6.3553753	 -10.988256	Scatto 30m	4	Braccio
95	 2809642275	 0.999453090800124	 0.01621192589939877	 -0.009775439618203347	 -0.027113345956971804	 -0.23324613982948708	 0.17059509393122005	 -0.2534675713200562	 -1.84716796875	 -0.146484375	 -1.591552734375	 0.6593645	 -0.40779236	 0.63127506	 0.020872291	 -20.264387	 4.5836883	 0.19887638	Scatto 30m	4	Braccio
96	 2809658942	 0.9976822395049024	 0.04439313427434288	 -0.043273040958367336	 -0.02805071357377998	 -0.1367953878446532	 0.12506376176475914	 -0.18066969666969213	 -1.870361328125	 -0.222900390625	 -1.523193359375	 0.7038538	 -0.39468834	 0.59053737	 -0.0087652	 -14.564776	 2.8910518	 -5.2650185	Scatto 30m	4	Braccio
97	 2809675609	 0.9961042525004107	 0.053641269302183985	 -0.0631073208338193	 -0.03027207352372921	 0.021679995135965777	 0.0018534549798456812	 -0.24252206943866783	 -1.89404296875	 -0.3076171875	 -1.393798828125	 0.7591769	 -0.37401453	 0.53136325	 -0.037641473	 -11.861101	 -8.47108	 -10.80664	Scatto 30m	4	Braccio
98	 2809692276	 0.9955779054675601	 0.0508685731178395	 -0.07171493990543719	 -0.03307551674789577	 0.033881015970733126	 0.08244124369324507	 -0.19171849154568146	 -1.895263671875	 -0.383056640625	 -1.229736328125	 0.81148845	 -0.35440108	 0.46026763	 -0.06356099	 -10.415888	 -3.4460046	 -16.180723	Scatto 30m	4	Braccio
99	 2809708943	 0.996765938291754	 0.041755945638684594	 -0.06434458702590203	 -0.023955779796215607	 0.08783592566665088	 0.21135685110731167	 -0.16485965425673763	 -1.8779296875	 -0.4306640625	 -1.075439453125	 0.8514984	 -0.3348669	 0.3954853	 -0.08003751	 -7.686613	 2.0182598	 -24.755032	Scatto 30m	4	Braccio
100	 2809725610	 0.9986643024103875	 0.022851864398291954	 -0.04459888386395056	 -0.012583439227264348	 0.2065015631623459	 0.46023091421029216	 -0.20254794481738814	 -1.846435546875	 -0.449462890625	 -0.954833984375	 0.87440497	 -0.32379678	 0.35105297	 -0.08563514	 -4.0634327	 9.931428	 -40.610397	Scatto 30m	4	Braccio
101	 2809742277	 0.9985134489032317	 -0.04464460901505138	 -0.025257805298870728	 -0.018433516125544048	 0.35556336972686015	 0.7819758557880142	 -0.2990377947416999	 -1.820556640625	 -0.491455078125	 -0.91015625	 0.8657549	 -0.37102625	 0.3264875	 -0.07883032	 0.07353576	 19.272333	 -60.870304	Scatto 30m	4	Braccio
102	 2809758944	 0.9920414850563882	 -0.1184616730178811	 -0.019044666751235676	 -0.03818146960575028	 0.3832842417551613	 0.6973951383688022	 -0.2976147795533194	 -1.786865234375	 -0.62158203125	 -0.9384765625	 0.81809634	 -0.48428953	 0.30285838	 -0.066773295	 2.2187595	 10.566005	 -59.632114	Scatto 30m	4	Braccio
103	 2809775611	 0.9837817811135899	 -0.17047491511960172	 -0.004808346376310891	 -0.05557508676612944	 0.5277422211339722	 0.3896234159899019	 -0.14276171070786392	 -1.736328125	 -0.796142578125	 -1.069091796875	 0.72015464	 -0.6326958	 0.27869594	 -0.058326934	 16.438005	 -6.9859295	 -45.915977	Scatto 30m	4	Braccio
104	 2809792278	 0.9821967681193761	 -0.18185569306046495	 0.027881535959293328	 -0.0379557051034653	 0.9119171434349679	 -0.5319277156127732	 0.032162269565238134	 -1.681396484375	 -0.90380859375	 -1.331787109375	 0.58251464	 -0.76125765	 0.280035	 -0.05238507	 55.31199	 -28.389257	 2.4544878	Scatto 30m	4	Braccio
105	 2809808945	 0.994309464647363	 -0.09677511869654495	 0.020125201580635993	 -0.039727083649355295	 0.14045889865987002	 -0.7975682241872146	 0.4742451508110239	 -1.619873046875	 -0.916015625	 -1.557861328125	 0.49804127	 -0.8237861	 0.2631049	 -0.064089425	 35.997375	 28.240494	 23.009037	Scatto 30m	4	Braccio
106	 2809825612	 0.9991458381165059	 0.004502449459263647	 -0.018726173985285508	 -0.03656025890505388	 -0.11890787944330077	 -0.2728958027675564	 0.10712707036733976	 -1.570556640625	 -0.965576171875	 -1.55908203125	 0.50445926	 -0.83165735	 0.2215838	 -0.06904794	 2.2948606	 14.584259	 2.1173277	Scatto 30m	4	Braccio
107	 2809842279	 0.99867706225038	 0.04368289704435235	 -0.023864979853839233	 -0.012899324685378967	 -0.14191140589617718	 -0.20733495005800767	 -0.16487917370375738	 -1.55126953125	 -1.01220703125	 -1.474853515625	 0.545067	 -0.8128711	 0.19427401	 -0.06633545	 -7.2545323	 0.6073357	 6.683468	Scatto 30m	4	Braccio
108	 2809858946	 0.9967483084484183	 0.07459782243891236	 -0.027311747799918577	 0.013492328364773598	 -0.19043127295339995	 -0.5966758597165039	 -0.19999387163376164	 -1.566650390625	 -1.01904296875	 -1.32177734375	 0.6105515	 -0.76863056	 0.1836736	 -0.051943146	 -5.62294	 5.9147153	 28.782516	Scatto 30m	4	Braccio
109	 2809875613	 0.9961390688155791	 0.07836911765992524	 -0.017386996271548105	 0.0355377171057576	 -0.08926256598960802	 -0.6627534096360936	 -0.04756706680241426	 -1.60986328125	 -0.977783203125	 -1.1728515625	 0.67385995	 -0.7120442	 0.19464609	 -0.03192133	 2.8430986	 6.638392	 29.758636	Scatto 30m	4	Braccio
110	 2809892280	 0.9961245576097596	 0.06788224160391058	 -8.25730569103067E-4	 0.05592124078215938	 0.096073962523442	 -0.3528992470176479	 -0.042537104591403196	 -1.677001953125	 -0.876708984375	 -1.063720703125	 0.7219512	 -0.65250283	 0.23014747	 -0.0076765465	 9.47251	 -3.9405818	 9.752773	Scatto 30m	4	Braccio
111	 2809908947	 0.9976586130906722	 0.024560068962415305	 0.007393316317067634	 0.06339900324448035	 0.12243382624649028	 -0.1153506466803092	 -0.06216773810378641	 -1.750732421875	 -0.752685546875	 -1.029052734375	 0.7354866	 -0.61857116	 0.27515936	 0.02676543	 7.2884564	 -6.8173766	 -5.7913656	Scatto 30m	4	Braccio
114	 2809958948	 0.953378223130776	 -0.2238197774461535	 0.012362956835596102	 0.20204412434475688	 0.8138317690949872	 -0.39237175556585335	 0.44246144957896144	 -1.891845703125	 -0.41015625	 -1.192626953125	 0.555359	 -0.70036113	 0.38750616	 0.22563216	 41.235672	 7.7416196	 -15.591089	Scatto 30m	4	Braccio
115	 2809975615	 0.9984460087486559	 -0.030555697054394426	 -0.01118793200393667	 0.04524098991925849	 0.8220856002351596	 -0.7198043503394645	 0.4704803228627929	 -1.900146484375	 -0.302001953125	 -1.185791015625	 0.5280134	 -0.6967413	 0.40404853	 0.26925498	 67.002304	 16.119076	 -28.408379	Scatto 30m	4	Braccio
116	 2809992282	 0.9979139053963618	 0.052321136815459746	 -0.014112609251548365	 0.03508803669389404	 0.7635799408463595	 -0.18750629273284514	 0.3440797438833003	 -1.8994140625	 -0.2275390625	 -1.152587890625	 0.560831	 -0.650345	 0.43238938	 0.27488074	 34.910397	 8.276638	 -46.750656	Scatto 30m	4	Braccio
117	 2810008949	 0.9934208919175128	 0.10721919329146751	 0.0028873612452633146	 0.040132770110964146	 0.7576246086314702	 -0.08385655090702694	 0.289461688730891	 -1.89013671875	 -0.119873046875	 -1.162353515625	 0.61596197	 -0.57002866	 0.4847233	 0.24637713	 28.30836	 5.292092	 -49.35804	Scatto 30m	4	Braccio
118	 2810025616	 0.9901033362982506	 0.13646860691423177	 0.01326162789188598	 0.029930452780054063	 0.6046051425897232	 -0.11408516656294579	 0.06429280356511403	 -1.878662109375	 -0.02783203125	 -1.244873046875	 0.6752881	 -0.4696858	 0.53675616	 0.18781407	 22.010208	 -6.9256988	 -38.885857	Scatto 30m	4	Braccio
119	 2810042283	 0.9966563143901215	 0.08020303799466849	 -0.004522616415551518	 -0.014940201587754337	 0.6235599580917046	 0.5437680133450764	 -0.4739947159963026	 -1.8779296875	 -0.023193359375	 -1.27490234375	 0.7171829	 -0.4218607	 0.53790385	 0.13543166	 -26.927982	 -17.230299	 -57.25638	Scatto 30m	4	Braccio
120	 2810058950	 0.9986989368983851	 0.031216828996727987	 0.017763038410769347	 -0.036199689112505706	 0.17436589728917173	 0.5114680957827136	 -0.13025810917701927	 -1.889892578125	 -0.09912109375	 -1.315673828125	 0.72555864	 -0.42159328	 0.53731596	 0.08435419	 -20.96586	 10.025305	 -33.732628	Scatto 30m	4	Braccio
121	 2810075617	 0.9993217475146061	 0.004579797065376812	 0.02254879474920224	 -0.028751039260383537	 -0.2378538367983797	 0.2763718038433072	 -0.3341608247995874	 -1.8955078125	 -0.16162109375	 -1.373046875	 0.7179242	 -0.43579677	 0.54045796	 0.05070967	 -29.579979	 1.0677661	 -7.6955366	Scatto 30m	4	Braccio
122	 2810092284	 0.9995610614539963	 0.010472204921007503	 0.008804054030824376	 -0.026277480504703136	 -0.24458411747132752	 0.34263623900484236	 -0.25237958680322087	 -1.896484375	 -0.2216796875	 -1.400146484375	 0.7190948	 -0.443059	 0.5349173	 0.021567008	 -28.289099	 8.178743	 -10.068766	Scatto 30m	4	Braccio
123	 2810108951	 0.999201863841759	 0.024171939284009722	 -0.017067101205391347	 -0.026834058635431954	 -0.0468030199213483	 0.11566020382965979	 -0.14555063980304447	 -1.8994140625	 -0.27978515625	 -1.3798828125	 0.73908883	 -0.43942416	 0.5105279	 -0.0039222976	 -11.25523	 -0.30697447	 -12.164059	Scatto 30m	4	Braccio
124	 2810125618	 0.9982508783599253	 0.029828986933754832	 -0.03967955596154633	 -0.032108382563403065	 0.0641181925338365	 -0.06658514542987751	 -0.15919108948437513	 -1.901611328125	 -0.349853515625	 -1.300048828125	 0.7710801	 -0.43327662	 0.46585095	 -0.026263705	 -3.6369977	 -10.363828	 -10.975771	Scatto 30m	4	Braccio
125	 2810142285	 0.9975299016210251	 0.032992454926499555	 -0.04975084555109028	 -0.03701954425465569	 0.051260302562948674	 0.001755587243193197	 -0.12387898013122625	 -1.888916015625	 -0.423828125	 -1.18505859375	 0.805638	 -0.425607	 0.4091159	 -0.04929916	 -3.8127542	 -6.085222	 -13.439318	Scatto 30m	4	Braccio
127	 2810175619	 0.9952393419361428	 0.043892291158922556	 -0.07148200952593316	 -0.04962299218576128	 0.1526756632767532	 0.6554272307844002	 -0.18457598657799998	 -1.8427734375	 -0.51806640625	 -0.995361328125	 0.84709936	 -0.41264966	 0.32565895	 -0.078033574	 -6.4162707	 11.655883	 -37.97129	Scatto 30m	4	Braccio
128	 2810192286	 0.997047241740008	 -0.06768959814827144	 -0.016474414077989944	 -0.032303401089584016	 0.375545472429349	 0.9378651912875665	 -0.32747736376318703	 -1.818359375	 -0.594482421875	 -0.99072265625	 0.8194485	 -0.48062313	 0.30256045	 -0.077219084	 -2.3441753	 14.660322	 -71.7787	Scatto 30m	4	Braccio
129	 2810208953	 0.9890255376195084	 -0.13958788426271035	 -0.010834880413733483	 -0.04718383059823301	 0.4839840076869453	 0.5650631811724748	 -0.1965453293924444	 -1.775146484375	 -0.734619140625	 -1.080078125	 0.7430473	 -0.6047153	 0.27840063	 -0.06850888	 11.054035	 -3.0134642	 -54.538364	Scatto 30m	4	Braccio
130	 2810225620	 0.9834495574768257	 -0.17623319717641117	 0.01639419387094718	 -0.03873058893094278	 0.7010000709641864	 -0.0564595933052319	 -0.038075637448968115	 -1.726318359375	 -0.843994140625	 -1.285888671875	 0.6170967	 -0.7352725	 0.27428105	 -0.057756696	 34.789524	 -21.305481	 -20.831276	Scatto 30m	4	Braccio
131	 2810242287	 0.9898635529303772	 -0.13527509254347328	 0.028116524663007736	 -0.03286726271351842	 0.36793454097446515	 -0.6975687207487344	 0.24341097253383867	 -1.679931640625	 -0.857421875	 -1.526611328125	 0.50191194	 -0.81896394	 0.2712658	 -0.061622947	 38.667656	 6.0266175	 20.533413	Scatto 30m	4	Braccio
132	 2810258954	 0.9990441950359975	 -0.02822452425084465	 -0.005405400339364681	 -0.03293712560106826	 -0.14794027044527197	 -0.3673811981921441	 0.15099043951785124	 -1.632080078125	 -0.879638671875	 -1.600830078125	 0.4780793	 -0.84183246	 0.24145643	 -0.0667607	 4.265808	 19.333525	 6.147317	Scatto 30m	4	Braccio
133	 2810275621	 0.9991797430249638	 0.031854118735605036	 -0.020287023243111685	 -0.014614819057340247	 -0.11925037822041012	 -0.2625281100057126	 -0.16857261009958924	 -1.61328125	 -0.92578125	 -1.54736328125	 0.508859	 -0.83078915	 0.21589208	 -0.06513599	 -4.3559914	 2.254862	 9.617319	Scatto 30m	4	Braccio
134	 2810292288	 0.9979274220321439	 0.05920794842049926	 -0.02489701909818762	 0.003926530292674146	 -0.2206986200113785	 -0.5969329627593682	 -0.2071740360129562	 -1.626220703125	 -0.95361328125	 -1.428466796875	 0.5629925	 -0.79969335	 0.20102753	 -0.055839647	 -5.537256	 9.3789625	 28.838673	Scatto 30m	4	Braccio
135	 2810308955	 0.9973809593210337	 0.06478923754011845	 -0.018560057708652992	 0.026250732193141727	 -0.18396330660047167	 -0.6986187438425686	 -0.07110908874962477	 -1.65625	 -0.935302734375	 -1.30615234375	 0.61890733	 -0.75678766	 0.2064885	 -0.0398617	 -0.6081957	 12.431687	 31.926407	Scatto 30m	4	Braccio
136	 2810325622	 0.997314476338423	 0.05285370167409667	 -0.00647969141096097	 0.05028255268362414	 0.0010091792218968054	 -0.4160152076337388	 -0.0800629146294543	 -1.7109375	 -0.862548828125	 -1.214599609375	 0.6610358	 -0.7117452	 0.23708744	 -0.015493003	 5.092692	 -0.7531305	 15.078806	Scatto 30m	4	Braccio
137	 2810342289	 0.9979286672243021	 0.016624953539497916	 -9.470100983541285E-4	 0.06213766348690048	 0.07173210446222507	 -0.22373837267764798	 -0.053005552276411065	 -1.776611328125	 -0.752685546875	 -1.17333984375	 0.67314225	 -0.68447685	 0.27912173	 0.021497495	 6.997511	 -4.3359947	 2.064393	Scatto 30m	4	Braccio
138	 2810358956	 0.99667977709657	 -0.0454274452249821	 0.006502513085913209	 0.06725686931927827	 0.09272267505492382	 -0.21289796919553108	 -0.02773410628715406	 -1.83251953125	 -0.62939453125	 -1.205322265625	 0.63702506	 -0.6942207	 0.32674453	 0.07412805	 9.358906	 -4.315245	 -0.29086494	Scatto 30m	4	Braccio
139	 2810375623	 0.9926404666521306	 -0.09689848921195504	 0.001865706641631132	 0.072609268635681	 0.2380867827285883	 -0.24029377251267248	 0.17998557494137635	 -1.878173828125	 -0.488037109375	 -1.270263671875	 0.5595901	 -0.72749513	 0.36779493	 0.14945497	 22.361752	 4.583674	 -7.074667	Scatto 30m	4	Braccio
140	 2810392290	 0.9919552755411098	 -0.10554379731769598	 -0.01277695785470401	 0.06871671937673549	 0.7940327327906083	 -0.5705881881590895	 0.43083973063744896	 -1.902587890625	 -0.333984375	 -1.2900390625	 0.47341484	 -0.7538895	 0.39082697	 0.23405889	 61.70248	 9.915244	 -24.110683	Scatto 30m	4	Braccio
141	 2810408957	 0.9991588196750585	 -0.007563198754664491	 -0.018614233880515085	 0.03574858580675295	 0.7806393020019411	 -0.6720585654652029	 0.5601366616721608	 -1.90478515625	 -0.242919921875	 -1.251220703125	 0.4672095	 -0.73905575	 0.40535557	 0.26683116	 60.71338	 22.90076	 -36.98852	Scatto 30m	4	Braccio
142	 2810425624	 0.996573962349438	 0.0741784909687418	 -0.012353352779975292	 0.03442794968967346	 0.795884448163693	 -0.18747784382725674	 0.42445290134158387	 -1.903076171875	 -0.171142578125	 -1.22216796875	 0.51763946	 -0.6851406	 0.44165167	 0.25995296	 34.52822	 9.089744	 -52.008865	Scatto 30m	4	Braccio
143	 2810442291	 0.9901733156241737	 0.13387002340258503	 0.01633559343663946	 0.0369968951007379	 0.6545954777461537	 -0.2530841155840366	 0.3034539455519919	 -1.894287109375	 -0.08154296875	 -1.269775390625	 0.5889507	 -0.5974905	 0.5040184	 0.20520104	 33.857414	 5.0692825	 -40.35148	Scatto 30m	4	Braccio
144	 2810458958	 0.990702606047287	 0.1357015246007571	 -0.007079524889754746	 0.006582014849537938	 0.5147274058906475	 0.03679640738075954	 -0.40875996937832004	 -1.882080078125	 -0.044677734375	 -1.320068359375	 0.66823953	 -0.5076948	 0.5249009	 0.14205977	 2.2824266	 -33.001812	 -31.395	Scatto 30m	4	Braccio
145	 2810475625	 0.9967622122095912	 0.07050784567475564	 0.005314082546321209	 -0.03828180424219474	 0.48430592181221566	 0.7194488704022175	 -0.24473517269882367	 -1.893310546875	 -0.118408203125	 -1.35205078125	 0.70555884	 -0.48053038	 0.5153412	 0.07550399	 -27.371367	 -2.9838355	 -56.34402	Scatto 30m	4	Braccio
146	 2810492292	 0.9989191315847991	 0.02098665038663816	 0.022513127304467615	 -0.034832286149387576	 -0.06258295996453213	 0.2724265842617494	 -0.3514028616041597	 -1.89501953125	 -0.204345703125	 -1.399658203125	 0.70664644	 -0.48546925	 0.5139669	 0.028437462	 -25.336721	 -5.8967843	 -16.820017	Scatto 30m	4	Braccio
147	 2810508959	 0.9995922525563278	 0.014054091978206465	 0.005204160707952405	 -0.02430489332131557	 -0.3894848514371175	 0.2705098434880201	 -0.30665949184704716	 -1.893798828125	 -0.265869140625	 -1.42626953125	 0.71166897	 -0.4885624	 0.50481045	 7.905153E-4	 -32.606804	 6.0850587	 -2.8988795	Scatto 30m	4	Braccio
148	 2810525626	 0.9993464202034128	 0.0274828517542295	 -0.012011060639036954	 -0.02017819883944262	 -0.1484429740252371	 0.12345676200755065	 -0.16511369847898624	 -1.894287109375	 -0.316162109375	 -1.408447265625	 0.73096967	 -0.4792486	 0.4852911	 -0.02228584	 -15.140532	 1.352242	 -8.6858015	Scatto 30m	4	Braccio
149	 2810542293	 0.9986421060352295	 0.035082239173354894	 -0.033811423176089296	 -0.018438226891764525	 -0.010624873072520795	 -0.055838490902683544	 -0.17165832809199563	 -1.898681640625	 -0.361572265625	 -1.338134765625	 0.76292926	 -0.46297488	 0.44967076	 -0.03727343	 -6.4130607	 -8.4849	 -7.6714945	Scatto 30m	4	Braccio
150	 2810558960	 0.9977892550033339	 0.041153694545038894	 -0.047187869977986414	 -0.02227736411979593	 0.019238079040794026	 -0.009550080197686784	 -0.12799029374517393	 -1.89404296875	 -0.41162109375	 -1.23095703125	 0.8007337	 -0.44270697	 0.40022504	 -0.051538248	 -4.64308	 -6.0407176	 -11.4217	Scatto 30m	4	Braccio
151	 2810575627	 0.9973720312764179	 0.04925265118014288	 -0.04979835527991145	 -0.01852920372533343	 -0.013850500682442254	 0.2445250327212674	 -0.11926696576672569	 -1.878662109375	 -0.44189453125	 -1.105712890625	 0.83940744	 -0.41248375	 0.34797123	 -0.06456435	 -9.46488	 4.420479	 -22.382456	Scatto 30m	4	Braccio
152	 2810592294	 0.9992443667282577	 0.019523610787711726	 -0.025347910302413738	 -0.02206824929517648	 0.1992091708851402	 0.8375165525134547	 -0.23474246416768105	 -1.85888671875	 -0.468994140625	 -1.02685546875	 0.85418636	 -0.40536466	 0.31563267	 -0.08013268	 -9.017629	 18.877443	 -59.093792	Scatto 30m	4	Braccio
153	 2810608961	 0.9977902866384611	 -0.05879723683728105	 -0.014015100197888819	 -0.02758633351283452	 0.4113311711907922	 0.7379028065782857	 -0.3845616711293434	 -1.837646484375	 -0.54345703125	 -1.0146484375	 0.83066684	 -0.46453086	 0.29626197	 -0.080203764	 0.21363547	 4.662879	 -65.30913	Scatto 30m	4	Braccio
154	 2810625628	 0.9939440807530756	 -0.10352032709748041	 -0.005227743828513876	 -0.036488037875689605	 0.4184875447710722	 0.49071550259124586	 -0.20044558570708373	 -1.812744140625	 -0.647705078125	 -1.066162109375	 0.7762059	 -0.5589182	 0.2811841	 -0.07778535	 9.365207	 -2.6026502	 -49.149715	Scatto 30m	4	Braccio
155	 2810642295	 0.9894898232336251	 -0.13574849080368315	 0.0011437794232453946	 -0.04980892219515243	 0.4756722061216112	 0.23389356495490551	 -0.08201482337461659	 -1.768798828125	 -0.771240234375	 -1.199462890625	 0.6880588	 -0.67235625	 0.26133168	 -0.07885522	 18.383255	 -11.375252	 -33.652626	Scatto 30m	4	Braccio
156	 2810658962	 0.9889417222142222	 -0.142768653547971	 0.013700821869196161	 -0.037731539965608026	 0.6019559955668414	 -0.32750283928052737	 0.07145354862408358	 -1.7216796875	 -0.84423828125	 -1.378173828125	 0.5780039	 -0.7720936	 0.25285095	 -0.07648136	 37.505554	 -14.450302	 -0.14743614	Scatto 30m	4	Braccio
157	 2810675629	 0.9951748457734424	 -0.0899846700087415	 0.009761537144577476	 -0.037874765950405294	 0.1922781494124046	 -0.4320166176683404	 0.23155954465487102	 -1.66796875	 -0.8662109375	 -1.53759765625	 0.50050455	 -0.8294833	 0.23343198	 -0.08343987	 23.428762	 11.6541195	 7.886835	Scatto 30m	4	Braccio
158	 2810692296	 0.9991556432617866	 -0.018695653564355513	 -0.004763787380227203	 -0.03627367372796486	 0.00401886590579803	 -0.24503733987274096	 0.03825503129441717	 -1.619873046875	 -0.906005859375	 -1.57763671875	 0.48291188	 -0.84714407	 0.20078781	 -0.093953654	 5.5096664	 7.4414735	 1.8383284	Scatto 30m	4	Braccio
159	 2810708963	 0.9994403921515371	 0.0201988038876606	 -0.010091334373149076	 -0.0246794616646891	 -0.05035465423414538	 -0.27969063889250256	 -0.10956395627578515	 -1.583984375	 -0.95263671875	 -1.554443359375	 0.49972817	 -0.84286284	 0.17156477	 -0.102076404	 -0.884192	 3.7691214	 8.046492	Scatto 30m	4	Braccio
160	 2810725630	 0.9989830674228569	 0.041043787523872804	 -0.016815357308499205	 -0.008092111387165257	 -0.04075193267545524	 -0.4941983921204139	 -0.10494606333547889	 -1.575927734375	 -0.98779296875	 -1.46728515625	 0.5361189	 -0.8246013	 0.15062892	 -0.09959997	 1.100608	 8.96249	 19.226635	Scatto 30m	4	Braccio
161	 2810742297	 0.9990519754776036	 0.0404045391317463	 -0.015458966590234935	 0.004862495636081655	 0.0058028291735788	 -0.4919042776190594	 0.03411201154032617	 -1.580810546875	 -1.00244140625	 -1.38037109375	 0.5720205	 -0.8028993	 0.14095046	 -0.09098671	 5.1426616	 12.82581	 16.349245	Scatto 30m	4	Braccio
162	 2810758964	 0.9993738355144766	 0.027809684642171484	 -0.011382989845812293	 0.018681163543983803	 0.08507423666156788	 -0.2769033803930989	 0.060113440299972946	 -1.606689453125	 -0.98583984375	 -1.313720703125	 0.59765124	 -0.7847452	 0.14571126	 -0.07587011	 7.9424686	 6.6065817	 4.621233	Scatto 30m	4	Braccio
163	 2810775631	 0.9996132693228941	 3.357413699650036E-4	 -0.0077304704238298225	 0.026710277017547527	 0.07568560430921742	 -0.17904577252406956	 0.00702865604423402	 -1.640869140625	 -0.94921875	 -1.287109375	 0.60124505	 -0.78078437	 0.16088046	 -0.054752424	 5.891779	 1.5417168	 0.14324474	Scatto 30m	4	Braccio
164	 2810792298	 0.9989461198453906	 -0.03522462961946024	 -0.004559316718732277	 0.029070392929383737	 0.03511209892499313	 -0.19773862198651185	 -0.0016175090722068755	 -1.68115234375	 -0.899658203125	 -1.313232421875	 0.57586724	 -0.79661375	 0.18152075	 -0.028876679	 4.1459255	 1.9086031	 1.3386927	Scatto 30m	4	Braccio
170	 2810892300	 0.9450495631985709	 0.13945192892048297	 -0.07621453846759253	 0.28570233941065093	 2.351634912190482	 0.7063747191949974	 1.385432046045772	 -1.88330078125	 -0.325927734375	 -1.0703125	 0.68190426	 -0.62383974	 0.34259254	 0.16870432	 15.225148	 2.2686698	 -47.30475	Scatto 30m	4	Braccio
171	 2810908967	 0.9982154514150698	 0.05547956795045755	 3.06368927051437E-4	 0.022087015061326144	 0.4831688604292532	 0.2858501092710607	 0.13796824332274576	 -1.88330078125	 -0.24609375	 -1.060302734375	 0.7122916	 -0.5777467	 0.3635654	 0.16330874	 11.453463	 5.1266503	 -42.148746	Scatto 30m	4	Braccio
172	 2810925634	 0.9976477552032907	 0.06460862461971223	 0.02151109840913024	 0.007871137644374984	 0.3572370004747245	 0.07739543364407385	 0.12115759496948689	 -1.884765625	 -0.204833984375	 -1.094482421875	 0.7396715	 -0.5313345	 0.3914407	 0.13169596	 14.022964	 4.143098	 -27.701729	Scatto 30m	4	Braccio
173	 2810942301	 0.9989833840219201	 0.034517322801867534	 0.02815966670747988	 0.006912745158646581	 0.11141593341911578	 0.12291722064443829	 -0.17297423883118526	 -1.894287109375	 -0.173583984375	 -1.1669921875	 0.7461705	 -0.50654477	 0.41850308	 0.10722536	 -4.629262	 -7.748025	 -21.007183	Scatto 30m	4	Braccio
174	 2810958968	 0.9991471009410551	 0.033976671125600835	 0.021419743714543752	 -0.009583896885458867	 0.00759531881952136	 0.16501888411181234	 -0.15646828129909646	 -1.899169921875	 -0.17529296875	 -1.214599609375	 0.7555015	 -0.48743582	 0.43143722	 0.07406712	 -10.321868	 -3.4733243	 -18.044025	Scatto 30m	4	Braccio
175	 2810975635	 0.9996639578372946	 0.008683267517157214	 0.022029107060752538	 -0.010549441141938636	 -0.15569538542913638	 0.3745642672259324	 -0.2927116740405328	 -1.901611328125	 -0.2021484375	 -1.26513671875	 0.7513274	 -0.4872571	 0.44216782	 0.050749004	 -27.894724	 0.35663816	 -20.88208	Scatto 30m	4	Braccio
176	 2810992302	 0.999644331981179	 -0.014335317755642271	 0.022395156572378425	 0.00204087354973502	 -0.11692794353521521	 0.39474101840050774	 -0.18619120562219885	 -1.90185546875	 -0.205078125	 -1.313720703125	 0.7344915	 -0.49841112	 0.45815894	 0.046896283	 -23.110817	 6.11633	 -22.596905	Scatto 30m	4	Braccio
177	 2811008969	 0.9994835908045803	 -0.027800731880556248	 0.016000571919888323	 -0.0019112083937687376	 -0.001952333711657983	 0.19816771291697508	 -0.19791821158015474	 -1.899169921875	 -0.197509765625	 -1.3515625	 0.71335256	 -0.52042836	 0.46672928	 0.0494611	 -13.750241	 -3.227451	 -18.917238	Scatto 30m	4	Braccio
178	 2811025636	 0.9993351020091846	 -0.03232237641294029	 0.006796731246773908	 -0.01544093001317888	 0.045561097455876935	 0.06013564796111763	 -0.15555434694208098	 -1.89697265625	 -0.2177734375	 -1.36669921875	 0.6939024	 -0.5509277	 0.4610346	 0.04924834	 -6.2126455	 -6.85945	 -14.497442	Scatto 30m	4	Braccio
179	 2811042303	 0.9993531306077427	 -0.025226633085353445	 0.0011647592961579747	 -0.02560430947053333	 0.012554910186740131	 0.018691551511354237	 -0.1458868102124933	 -1.89697265625	 -0.259765625	 -1.375244140625	 0.6804669	 -0.5802403	 0.44557777	 0.041790117	 -5.3419237	 -6.9865513	 -10.860659	Scatto 30m	4	Braccio
180	 2811058970	 0.9994589850937481	 -0.02011163426607898	 -0.0064796778076830494	 -0.025204623743102644	 -0.017197362578973953	 0.05893663835572918	 -0.10624188068914008	 -1.892822265625	 -0.3154296875	 -1.365966796875	 0.67249906	 -0.60491765	 0.42481712	 0.036745753	 -6.204328	 -3.6548386	 -11.346106	Scatto 30m	4	Braccio
181	 2811075637	 0.9993519287603618	 -0.02795319189780543	 -0.008771256525062665	 -0.02091426796808427	 0.0185333491813229	 0.08082876142433688	 -0.041498382520198	 -1.89306640625	 -0.353271484375	 -1.352783203125	 0.6597444	 -0.63223153	 0.40432322	 0.03928682	 -3.3370123	 -1.3335805	 -14.059778	Scatto 30m	4	Braccio
182	 2811092304	 0.9989991386270336	 -0.03813687556518	 -0.007065569273008499	 -0.02227953041289421	 0.13756515660359764	 0.05436133620057952	 0.020380432227909154	 -1.89013671875	 -0.39501953125	 -1.343994140625	 0.63879824	 -0.66581553	 0.38301134	 0.043921106	 4.2825127	 -2.0892928	 -17.399096	Scatto 30m	4	Braccio
183	 2811108971	 0.9985099741892545	 -0.048138237624782365	 -0.003642159203167989	 -0.025441623361985775	 0.24327261022586252	 0.013365951452862204	 0.06548050916048924	 -1.883056640625	 -0.435791015625	 -1.35205078125	 0.6084206	 -0.7054783	 0.360311	 0.047968835	 11.494956	 -3.0624602	 -19.172802	Scatto 30m	4	Braccio
184	 2811125638	 0.9977958898055478	 -0.05850889748073704	 0.00680931142492558	 -0.03055657835331127	 0.25494265375471936	 0.10635338267889131	 0.25033371000419685	 -1.8701171875	 -0.48779296875	 -1.3857421875	 0.56495947	 -0.7511839	 0.3384002	 0.045044694	 13.204332	 6.5311904	 -26.644188	Scatto 30m	4	Braccio
185	 2811142305	 0.9975378632796074	 -0.06631111369994341	 -0.00531953782271255	 -0.02219797379900285	 0.581745830532111	 0.17146804358680956	 0.2859128015682846	 -1.854736328125	 -0.524169921875	 -1.420654296875	 0.51679087	 -0.79434395	 0.3139225	 0.05829091	 26.420002	 -2.2425945	 -40.06649	Scatto 30m	4	Braccio
186	 2811158972	 0.9966214538631267	 -0.07946492518171289	 -0.010631498980202327	 -0.017831842166368683	 0.7447206720495413	 -0.0984828545715069	 0.3828022470074943	 -1.8505859375	 -0.531494140625	 -1.442626953125	 0.4565931	 -0.8380195	 0.28736502	 0.08165508	 44.21584	 1.7170111	 -34.32695	Scatto 30m	4	Braccio
187	 2811175639	 0.9981728903730395	 -0.05203086995977968	 -0.008608131626764522	 -0.029488464955925057	 0.315182444679708	 7.798417224471471E-4	 0.3948012445309703	 -1.835693359375	 -0.5634765625	 -1.4716796875	 0.41744173	 -0.8683391	 0.25246412	 0.08939673	 18.50376	 11.536632	 -30.86674	Scatto 30m	4	Braccio
188	 2811192306	 0.9996127165293303	 -0.010328017203973805	 -0.00886296467939038	 -0.02427337781560751	 0.0471468955322003	 -0.04443651952867192	 0.3016070781577024	 -1.822265625	 -0.60888671875	 -1.46923828125	 0.41322362	 -0.87788874	 0.22515203	 0.08868173	 4.801616	 14.308431	 -20.526062	Scatto 30m	4	Braccio
189	 2811208973	 0.9991184503989048	 0.03567652795389897	 -0.014129959206537951	 -0.017025030938811473	 -0.007002789955368986	 -0.1111427415011744	 0.15019914485781638	 -1.8125	 -0.65234375	 -1.418701171875	 0.44945344	 -0.8650714	 0.20591405	 0.08510356	 3.02486	 10.750304	 -10.8806095	Scatto 30m	4	Braccio
190	 2811225640	 0.9979185219172831	 0.058906618910971265	 -0.019496648671154724	 -0.01756458236042152	 0.004063005406440435	 -0.1137351062329445	 0.042490752850747035	 -1.8017578125	 -0.69921875	 -1.330078125	 0.5055907	 -0.838773	 0.18517165	 0.080929615	 3.2626884	 5.4915447	 -6.3012524	Scatto 30m	4	Braccio
191	 2811242307	 0.9976249610947593	 0.06243224277437892	 -0.02254736486970785	 -0.01839207438743951	 -0.02278081357324218	 -0.08399338058976918	 -0.024262636397942815	 -1.787841796875	 -0.738525390625	 -1.230224609375	 0.56299853	 -0.8067467	 0.16161814	 0.07792505	 0.6403135	 1.1491625	 -4.554448	Scatto 30m	4	Braccio
192	 2811258974	 0.9981324813208632	 0.05318631639287863	 -0.02530053153561063	 -0.016206436524689616	 -0.03766249173177523	 -0.057038611386232424	 -0.01680349016034328	 -1.76708984375	 -0.7568359375	 -1.137451171875	 0.61072385	 -0.7758593	 0.13682473	 0.07961126	 -0.9830395	 0.52124864	 -5.738881	Scatto 30m	4	Braccio
193	 2811275641	 0.9989722394994043	 0.038389233828531766	 -0.02088431686640596	 -0.012024007012078898	 -0.02698544303762674	 -0.04699406879999536	 0.0051131011132300695	 -1.744384765625	 -0.766845703125	 -1.047607421875	 0.64416414	 -0.75148624	 0.11641168	 0.082276285	 -0.6554555	 1.0930277	 -6.8055043	Scatto 30m	4	Braccio
194	 2811292308	 0.9998188688857955	 0.015395467754150377	 -0.005223697979555076	 -0.00989555314156404	 0.002793413879837406	 -0.09420186691553314	 -0.02041194517410668	 -1.728271484375	 -0.775146484375	 -1.005859375	 0.6574786	 -0.7420241	 0.10566964	 0.077176034	 1.7115198	 -0.41460803	 -4.3011417	Scatto 30m	4	Braccio
195	 2811308975	 0.9997524665885893	 -0.019666588455356737	 0.009689580413752787	 -0.003787199488337279	 0.024007984061842	 -0.17689423562617865	 0.03461603258385072	 -1.726318359375	 -0.789306640625	 -1.02099609375	 0.6424107	 -0.75580007	 0.106551215	 0.06871474	 4.174739	 3.1777139	 -0.24691296	Scatto 30m	4	Braccio
197	 2811342309	 0.9950895815361536	 -0.09121251073650338	 0.035266991066829234	 0.015272260619768998	 -0.06096417842615082	 -0.5912199870082109	 0.2227347281026701	 -1.74853515625	 -0.798095703125	 -1.1826171875	 0.5664521	 -0.8113003	 0.13180692	 0.059589908	 1.8956344	 11.534742	 8.265863	Scatto 30m	4	Braccio
198	 2811358976	 0.9992946693626823	 -0.024542702829250584	 0.014476466398409606	 0.02445917909044304	 -0.043544913811805086	 -0.34295557215049627	 0.1511394863708162	 -1.76953125	 -0.7666015625	 -1.248779296875	 0.54332244	 -0.822163	 0.15727451	 0.06413832	 3.7531097	 15.506867	 6.246977	Scatto 30m	4	Braccio
199	 2811375643	 0.9989821501781592	 0.02353723306870853	 0.00916902248431531	 0.03737099559248281	 0.03998791838232211	 -0.2527096888275631	 0.11182997866606836	 -1.804443359375	 -0.70263671875	 -1.2529296875	 0.55892074	 -0.80310464	 0.19336395	 0.07239556	 7.6740527	 11.127564	 0.085045815	Scatto 30m	4	Braccio
200	 2811392310	 0.9968179612478855	 0.06434544414089077	 2.5001267407195887E-4	 0.04704841597315926	 0.3296327807169481	 -0.11221444149969245	 0.0891103591497386	 -1.83837890625	 -0.60888671875	 -1.21630859375	 0.6060553	 -0.7553383	 0.23437	 0.08504041	 21.263327	 2.4258006	 -12.463273	Scatto 30m	4	Braccio
201	 2811408977	 0.9958526829865694	 0.07295627120935841	 -0.004675263246582295	 0.054156792678786765	 1.1387345756854794	 0.17758694338088207	 -0.11937020004854416	 -1.87060546875	 -0.493408203125	 -1.155517578125	 0.65585214	 -0.69479275	 0.27657485	 0.103090666	 53.875336	 -25.629694	 -45.4976	Scatto 30m	4	Braccio
203	 2811442311	 0.987936879329175	 0.11804846012616299	 -8.961053151722299E-4	 0.10022215582613005	 1.3475377258417356	 1.038543638068668	 0.1468795297076385	 -1.889892578125	 -0.239990234375	 -1.127685546875	 0.7212233	 -0.5818994	 0.35116047	 0.1338525	 7.7779	 4.785818	 -59.874985	Scatto 30m	4	Braccio
204	 2811458978	 0.9998619955644712	 -0.00489107363315458	 -0.0028169311546241142	 0.01562472794702266	 0.43743239848436705	 0.5535961326658305	 0.0537882501702993	 -1.887451171875	 -0.188232421875	 -1.115966796875	 0.7178237	 -0.5799033	 0.35591963	 0.14752196	 0.050905522	 6.890958	 -51.705696	Scatto 30m	4	Braccio
205	 2811475645	 0.9994332009156686	 -0.02877652620327914	 0.017460420172056013	 5.676042178980601E-4	 0.3010138896076634	 0.23471757114414635	 -0.022067995834751962	 -1.8935546875	 -0.191162109375	 -1.134521484375	 0.69509876	 -0.6029497	 0.36287627	 0.14700502	 3.4922535	 -0.865393	 -32.468674	Scatto 30m	4	Braccio
206	 2811492312	 0.999482404235237	 0.014088437485306388	 0.028347044444792528	 0.005734511715730403	 0.11262467539855527	 0.10784040511478507	 0.2268114332919728	 -1.89501953125	 -0.181884765625	 -1.193115234375	 0.6927673	 -0.59527606	 0.38650343	 0.127809	 4.9906945	 12.7735	 -19.012554	Scatto 30m	4	Braccio
207	 2811508979	 0.99749620732785	 0.06411063304861547	 0.028443469637002065	 0.009061574458640769	 -0.019705736923320442	 -0.17835193927502258	 0.08036637806508652	 -1.897216796875	 -0.15869140625	 -1.276123046875	 0.7177529	 -0.5497498	 0.41748238	 0.09118418	 7.8632903	 2.0216236	 -1.2543631	Scatto 30m	4	Braccio
208	 2811525646	 0.9995508363921488	 0.029064714391847102	 -0.0072136992994188695	 -0.0011534242470637307	 0.053652160590974995	 0.2155762332698965	 -0.5743133154386425	 -1.897216796875	 -0.150390625	 -1.272705078125	 0.73717403	 -0.5287289	 0.4128162	 0.08126097	 -22.751713	 -25.97858	 -22.948488	Scatto 30m	4	Braccio
209	 2811542313	 0.9999008310448763	 -0.001341182571077515	 -0.008141498007486453	 -0.011412506966961515	 0.07371657847800803	 0.4847190148109358	 -0.15118592211932774	 -1.898193359375	 -0.173583984375	 -1.260498046875	 0.7410832	 -0.5341278	 0.39948753	 0.0768961	 -18.042864	 3.3444958	 -34.529198	Scatto 30m	4	Braccio
210	 2811558980	 0.999683327506959	 -0.02430804903514383	 4.336765042179947E-4	 -0.0064942575717931855	 -0.0978156311316609	 0.3445537812952748	 -0.16465184966798396	 -1.898681640625	 -0.19287109375	 -1.25244140625	 0.72853965	 -0.5549299	 0.39339766	 0.080754355	 -20.136196	 2.0321243	 -22.051886	Scatto 30m	4	Braccio
211	 2811575647	 0.998995333914616	 -0.04323973685503196	 0.007751575736534706	 -0.008863466992840756	 -0.0841568582145208	 0.1197521771593718	 -0.1508072906332185	 -1.90234375	 -0.208984375	 -1.260986328125	 0.70177555	 -0.5902568	 0.3894586	 0.086198054	 -11.776748	 -3.6170382	 -12.495969	Scatto 30m	4	Braccio
212	 2811592314	 0.9989646791597261	 -0.042329420145661795	 0.007121058494161504	 -0.015069190667063026	 -0.006848119762550247	 0.046285133020916934	 -0.08439597253049001	 -1.900146484375	 -0.236572265625	 -1.279052734375	 0.6748378	 -0.62609774	 0.38078934	 0.08715125	 -4.145014	 -3.5963426	 -11.659722	Scatto 30m	4	Braccio
213	 2811608981	 0.9992066641064131	 -0.03361294575273899	 0.003744623813624559	 -0.021028316044122506	 0.031695470773097756	 0.01835802956168121	 -0.07542270714374358	 -1.90283203125	 -0.276123046875	 -1.287841796875	 0.653882	 -0.65689564	 0.36616832	 0.0827489	 -1.1645029	 -4.5864525	 -11.519672	Scatto 30m	4	Braccio
214	 2811625648	 0.9993569510087943	 -0.026031104175650327	 -8.583722307098919E-4	 -0.024644051674110545	 0.03376490041167697	 0.01100751369663159	 -0.036724224560789547	 -1.89892578125	 -0.325927734375	 -1.29345703125	 0.6389053	 -0.68273073	 0.3462449	 0.07611282	 0.2504838	 -2.7004812	 -11.24068	Scatto 30m	4	Braccio
215	 2811642315	 0.9994595545206929	 -0.021190867668661906	 -0.004138606491813746	 -0.024787455316214322	 0.04247142168287764	 0.023489118902338523	 0.023337519810386086	 -1.89697265625	 -0.377685546875	 -1.2900390625	 0.627587	 -0.70444524	 0.32405415	 0.069860645	 1.5784322	 0.41756058	 -12.601871	Scatto 30m	4	Braccio
216	 2811658982	 0.9995391310020538	 -0.019675737118496017	 -0.010874695385707846	 -0.020399312850462092	 0.115468437404635	 0.08901004461333886	 0.12770899831697766	 -1.888916015625	 -0.424560546875	 -1.27783203125	 0.6185692	 -0.7225693	 0.30048373	 0.07053704	 4.8592057	 4.554666	 -19.345228	Scatto 30m	4	Braccio
217	 2811675649	 0.9992695301605197	 -0.03291767731574208	 -0.017142181304145854	 -0.009109238884050326	 0.43959193356394016	 0.13360930313342073	 0.15459848543993054	 -1.887939453125	 -0.44970703125	 -1.254638671875	 0.60035694	 -0.74413687	 0.27988267	 0.086587496	 19.672956	 -0.89841884	 -31.216152	Scatto 30m	4	Braccio
218	 2811692316	 0.9963862207956996	 -0.08336760471633065	 -0.013997619895489562	 -0.008270920721816233	 0.9296888081348911	 -0.11703052756535787	 0.11080625638916021	 -1.882080078125	 -0.465087890625	 -1.251220703125	 0.5410659	 -0.7928287	 0.25606433	 0.11446208	 51.248947	 -10.294281	 -31.55029	Scatto 30m	4	Braccio
219	 2811708983	 0.9965110962289139	 -0.07801007270378996	 -0.01685099458639031	 -0.024415315497599708	 0.3965233831867244	 -0.24072919054794895	 0.3288596391821982	 -1.871826171875	 -0.51025390625	 -1.263916015625	 0.48474443	 -0.83690536	 0.2163749	 0.1333954	 29.584269	 15.485225	 -16.808243	Scatto 30m	4	Braccio
220	 2811725650	 0.9991104799614626	 -0.02718528188131364	 -0.026705201921309655	 -0.018056618469456193	 0.186424810609622	 -0.2559488548266305	 0.34741079952305653	 -1.861572265625	 -0.554931640625	 -1.241943359375	 0.47018817	 -0.8499265	 0.18297282	 0.15188572	 16.994518	 22.225492	 -13.363455	Scatto 30m	4	Braccio
221	 2811742317	 0.9996230739510281	 0.011557727877048396	 -0.022189755845737735	 -0.011302375260272337	 0.09542925339773661	 -0.19778175536962875	 0.23540097167253402	 -1.84912109375	 -0.580810546875	 -1.189208984375	 0.4862149	 -0.84299505	 0.163108	 0.16232783	 9.240469	 16.941261	 -10.656804	Scatto 30m	4	Braccio
222	 2811758984	 0.9996593800279676	 0.023164917546414865	 -0.008384263411215705	 -0.008614792175011127	 0.04410391555978732	 -0.18108830355710714	 0.1462982121663241	 -1.84228515625	 -0.594482421875	 -1.140380859375	 0.50905174	 -0.83151466	 0.15401511	 0.16040301	 6.0490475	 12.500348	 -6.7718844	Scatto 30m	4	Braccio
223	 2811775651	 0.9993806697643018	 0.03286926327965384	 8.803093392102946E-4	 -0.012534491947243489	 -0.005859746089911541	 -0.12381019892426451	 0.09842558425017792	 -1.830810546875	 -0.609375	 -1.127197265625	 0.53869534	 -0.81627715	 0.14781868	 0.14713512	 2.1430597	 8.546841	 -6.2734537	Scatto 30m	4	Braccio
224	 2811792318	 0.9993218077569404	 0.03250673179769181	 0.002476495776318311	 -0.017120277389800542	 0.011183145939177675	 -0.10380491904406439	 0.08217083464544789	 -1.822021484375	 -0.630126953125	 -1.1015625	 0.56775385	 -0.800981	 0.13850828	 0.13000342	 2.6985867	 6.8342075	 -6.7203317	Scatto 30m	4	Braccio
225	 2811808985	 0.9994961124924769	 0.026867152027814034	 0.004044194552656477	 -0.016411025097793023	 0.017207863963737982	 -0.13291914714671282	 0.06558801655777483	 -1.808349609375	 -0.6533203125	 -1.091796875	 0.59126914	 -0.7879476	 0.12978163	 0.11267689	 3.6965418	 6.167942	 -4.4794803	Scatto 30m	4	Braccio
226	 2811825652	 0.9996908506137131	 0.021091091883305935	 0.008910765309447235	 -0.009693673400759772	 -0.014629817738334917	 -0.15207735574165257	 0.04495178718445411	 -1.80419921875	 -0.669921875	 -1.084228515625	 0.6083252	 -0.7772918	 0.12848637	 0.09617373	 2.1811323	 5.0850205	 -2.02247	Scatto 30m	4	Braccio
227	 2811842319	 0.9997575539684586	 0.015428970465475145	 0.015707756002196153	 2.157655107820067E-4	 -0.03965612739338337	 -0.14425331454358278	 0.019987156667419147	 -1.804931640625	 -0.6689453125	 -1.099853515625	 0.61879593	 -0.76898813	 0.13844198	 0.08113529	 0.48294896	 3.318236	 -1.4001875	Scatto 30m	4	Braccio
228	 2811858986	 0.9996645674971117	 0.013238225670822668	 0.019936220950899534	 0.00990196778917854	 -0.014637618906299225	 -0.12095649370301176	 0.013928250296014057	 -1.81787109375	 -0.6474609375	 -1.1259765625	 0.6258463	 -0.7605867	 0.15824708	 0.06915398	 1.4723704	 2.3287382	 -2.9906316	Scatto 30m	4	Braccio
229	 2811875653	 0.9994819853068797	 0.014678942256685479	 0.023773674183468013	 0.015971916511853954	 0.040903356214978565	 -0.1185056347154938	 0.006606373907132909	 -1.833251953125	 -0.614990234375	 -1.152099609375	 0.63244057	 -0.74994975	 0.18506898	 0.057823557	 4.6664224	 1.1873294	 -4.0195746	Scatto 30m	4	Braccio
230	 2811892320	 0.9992882722427981	 0.018329605542092953	 0.02763668258485619	 0.017977438482126212	 0.12884303005255554	 -0.09144710048355202	 0.03505858123864644	 -1.850830078125	 -0.576416015625	 -1.19091796875	 0.6401812	 -0.7359602	 0.21582396	 0.044169664	 9.380868	 1.1799529	 -7.6028113	Scatto 30m	4	Braccio
231	 2811908987	 0.999097705762339	 0.027890175649471216	 0.018625340758348655	 0.026057803520400994	 0.43047052659613433	 0.07284958149367683	 0.05392063678645812	 -1.86767578125	 -0.526123046875	 -1.224609375	 0.6555443	 -0.712557	 0.2467924	 0.040227644	 22.382572	 -4.0055676	 -23.215027	Scatto 30m	4	Braccio
232	 2811925654	 0.9994969145258091	 0.014123603387283079	 0.009011995549433828	 0.026930013311603385	 0.7631296878966292	 0.4629783986912209	 -0.15720108230898872	 -1.881591796875	 -0.462890625	 -1.241943359375	 0.6625542	 -0.69666415	 0.27105024	 0.047042727	 26.371191	 -23.180006	 -51.336	Scatto 30m	4	Braccio
233	 2811942321	 0.9996519149489537	 -0.011140210570745379	 0.003004323569019196	 0.02372590751103393	 0.28516940371615	 0.23549126765610687	 0.09043734982066166	 -1.892822265625	 -0.417236328125	 -1.25	 0.6531394	 -0.6977325	 0.28747684	 0.06273392	 9.927948	 0.11272742	 -30.386057	Scatto 30m	4	Braccio
234	 2811958988	 0.9997116351037403	 0.0084763656568827	 -0.00642194463720916	 0.021530362062294	 0.2318805795603502	 0.277595186787257	 0.13679758945284629	 -1.8984375	 -0.36328125	 -1.236083984375	 0.65988237	 -0.68564683	 0.297281	 0.077896245	 5.8514886	 3.6504998	 -31.965786	Scatto 30m	4	Braccio
235	 2811975655	 0.9996663230960946	 0.024926430981320524	 -0.0045761319118505514	 0.0049974516299211855	 0.1995024199591076	 0.227859533540379	 0.05264503011077132	 -1.899658203125	 -0.34228515625	 -1.2158203125	 0.6782516	 -0.6673441	 0.29808053	 0.075991854	 3.658568	 0.011371892	 -27.889814	Scatto 30m	4	Braccio
236	 2811992322	 0.9994109073390739	 0.033008388901318825	 0.00815575953836581	 -0.00466563395271169	 0.08299615589556414	 0.11786775527076242	 0.03807091442230045	 -1.897705078125	 -0.34765625	 -1.224609375	 0.69830847	 -0.6467634	 0.30142748	 0.05660311	 1.1973062	 1.3969544	 -18.56668	Scatto 30m	4	Braccio
237	 2812008989	 0.9992821641127023	 0.035179021331060656	 0.011926854503941625	 -0.00743929338478569	 -0.04268059921308052	 0.06529929318516728	 -0.02508662724618331	 -1.897705078125	 -0.359130859375	 -1.24365234375	 0.7178565	 -0.6248159	 0.30537304	 0.032163963	 -4.437441	 -0.0016800351	 -11.931314	Scatto 30m	4	Braccio
238	 2812025656	 0.9997932665754296	 0.017500585784786082	 -0.004710585172785276	 -0.009217591602535685	 -0.12250834682403822	 0.08328815042230614	 -0.1985174258349781	 -1.8974609375	 -0.374267578125	 -1.239013671875	 0.7307827	 -0.6149436	 0.2954747	 0.02226806	 -12.840574	 -7.374012	 -11.08289	Scatto 30m	4	Braccio
239	 2812042323	 0.9998381523574728	 -0.008753625552404248	 -0.01048631693116789	 -0.011708129111957235	 -0.018650121875144286	 0.1812544306169145	 -0.16983770022173483	 -1.89306640625	 -0.400146484375	 -1.21240234375	 0.72895	 -0.6246475	 0.2792259	 0.021919299	 -9.339759	 -6.286235	 -19.641796	Scatto 30m	4	Braccio
240	 2812058990	 0.9997217382797027	 -0.022398547563093174	 -0.003185826787793972	 -0.006678441865553969	 -0.02619822683671301	 0.11864437371092296	 -0.06485496880474552	 -1.89013671875	 -0.4208984375	 -1.20947265625	 0.71604764	 -0.64279234	 0.2710965	 0.024510557	 -5.5091043	 -1.5392971	 -15.775381	Scatto 30m	4	Braccio
241	 2812075657	 0.9995949473493061	 -0.028376888558299007	 -4.1313400248568777E-4	 -0.002126675759000635	 -0.03109166813434836	 0.008841413538892501	 -0.03910272158919864	 -1.888427734375	 -0.431396484375	 -1.217529296875	 0.69792134	 -0.6636123	 0.26760557	 0.030198831	 -2.628768	 -1.5154959	 -9.574671	Scatto 30m	4	Braccio
242	 2812092324	 0.9996873736048976	 -0.02398708032239419	 -0.006979037826512797	 -0.0010334716083006401	 0.020677854174035795	 0.01871486879424386	 0.03837580801376048	 -1.89013671875	 -0.43359375	 -1.21923828125	 0.6839145	 -0.68040663	 0.26023552	 0.039817017	 1.3819433	 1.913377	 -11.403095	Scatto 30m	4	Braccio
243	 2812108991	 0.9997924146185222	 -0.015632674355017112	 -0.012921328848116894	 0.0019458737302003872	 0.18421423564085415	 0.05122714014449135	 0.11372951880512482	 -1.88818359375	 -0.43701171875	 -1.198486328125	 0.67667127	 -0.6901089	 0.2510461	 0.05330812	 10.3258295	 3.4012113	 -17.55812	Scatto 30m	4	Braccio
244	 2812125658	 0.9995678499089302	 -0.022452092133468687	 -0.018326608220706312	 0.004914511002474836	 0.5002253327555679	 0.08904297300160337	 0.18991513621312872	 -1.889404296875	 -0.427001953125	 -1.164794921875	 0.66551685	 -0.7029506	 0.23967616	 0.07418396	 26.86323	 2.9450345	 -27.946535	Scatto 30m	4	Braccio
245	 2812142325	 0.9993694100762326	 -0.03341106821501344	 -0.011939214387212599	 -0.001392079175505906	 0.4679800217089771	 0.1319154176960444	 0.2287341123436581	 -1.8828125	 -0.436279296875	 -1.15087890625	 0.64493835	 -0.72434413	 0.22692053	 0.08881071	 24.055693	 6.6563473	 -30.218122	Scatto 30m	4	Braccio
246	 2812158992	 0.9996354273996451	 -0.023832839487456514	 -0.012200791617207137	 -0.00348550332199718	 0.27865453932636447	 0.12288442157239367	 0.27524553423143777	 -1.8828125	 -0.452392578125	 -1.14111328125	 0.6309496	 -0.7392907	 0.21300046	 0.099914305	 14.186722	 12.043942	 -25.946531	Scatto 30m	4	Braccio
247	 2812175659	 0.9999052123174687	 -9.776419128881275E-4	 -0.013716145530583064	 -6.913381458604763E-4	 0.2774495931666048	 0.04614501171698615	 0.2754539048658513	 -1.87548828125	 -0.45361328125	 -1.1103515625	 0.6336643	 -0.7386859	 0.20235868	 0.10892058	 15.593766	 12.673381	 -22.22674	Scatto 30m	4	Braccio
248	 2812192326	 0.9999353260518633	 0.007718873976416962	 -0.004952243341046715	 -0.0067259188205848475	 0.27077441001779795	 -0.007942961891800143	 0.16531657177490972	 -1.870849609375	 -0.46240234375	 -1.088134765625	 0.64163566	 -0.7345714	 0.19368964	 0.10579649	 15.694342	 7.17231	 -17.861755	Scatto 30m	4	Braccio
249	 2812208993	 0.9999535186248486	 -2.656901638845577E-4	 -0.0025558277968089627	 -0.009292886677161218	 0.2058457542859829	 -0.020164343219530194	 0.1252070028470499	 -1.86669921875	 -0.4794921875	 -1.08251953125	 0.6434894	 -0.73620987	 0.18375334	 0.10075464	 12.362079	 5.681137	 -14.848158	Scatto 30m	4	Braccio
250	 2812225660	 0.9998532110374864	 -0.01059618225626452	 -0.0047405383050452285	 -0.01260176956614098	 0.13925319343540918	 -0.0942823635258639	 0.1211274588171557	 -1.860107421875	 -0.505126953125	 -1.09228515625	 0.6383401	 -0.74470717	 0.16887456	 0.097030416	 10.5219965	 6.570957	 -8.958887	Scatto 30m	4	Braccio
251	 2812242327	 0.9998240369797375	 -0.01230245431118987	 -0.0036272313658340387	 -0.0136889695770073	 0.05896201200458759	 -0.16692681638101792	 0.1170924949685861	 -1.852783203125	 -0.538818359375	 -1.0859375	 0.6316218	 -0.75430405	 0.15367568	 0.091995195	 7.514962	 7.7378654	 -3.0441523	Scatto 30m	4	Braccio
252	 2812258994	 0.9999388476562021	 -0.005379202320461185	 -0.0010155959540232298	 -0.009609042368540321	 -0.03215763658622179	 -0.21936056600645892	 0.1173891933281799	 -1.845703125	 -0.561279296875	 -1.088134765625	 0.6291948	 -0.75891614	 0.14382541	 0.086455405	 3.1439865	 9.165688	 1.7050323	Scatto 30m	4	Braccio
253	 2812275661	 0.9999828690094524	 0.005549660481136753	 0.0012750519987536624	 -0.0013554329820746338	 -0.0712702995675679	 -0.22068512798708917	 0.09587607049786415	 -1.846435546875	 -0.56982421875	 -1.084716796875	 0.6339782	 -0.75555485	 0.14266503	 0.08279751	 0.56183404	 8.304797	 2.7336473	Scatto 30m	4	Braccio
