2	 2850931034	 0.9986531672696587	 0.04198206885684291	 -0.022250292794070512	 0.020839430590983254	 -0.16167076436897398	 -0.11652902805225684	 0.004851749989450739	 -0.9638671875	 -0.617431640625	 -2.271484375	 0.092285335	 0.50799394	 -0.25045615	 0.8189611	 8.311357	 5.9738145	 -16.001167	 Scatto 30m	5	Braccio
3	 2850947701	 0.9973601554997563	 0.05793266203225128	 -0.024682780927428708	 0.03615642705035054	 -0.10229875967236864	 -0.174386485980348	 -0.14015807718633577	 -1.04052734375	 -0.71044921875	 -2.211669921875	 0.026196698	 0.5177281	 -0.22056903	 0.8262086	 0.5513915	 13.826995	 -14.950062	 Scatto 30m	5	Braccio
4	 2850964368	 0.996863192475055	 0.055238682007513557	 -0.016757806915073285	 0.05414461566870313	 -0.0832680058157507	 -0.22846533672832958	 -0.16830100412156068	 -1.12841796875	 -0.790283203125	 -2.14794921875	 -0.052822076	 0.52755505	 -0.21315861	 0.82064545	 -2.4985056	 17.316553	 -12.763243	 Scatto 30m	5	Braccio
5	 2850981035	 0.9964452797622716	 0.04292176365949768	 0.001810731706838653	 0.0724654945096803	 -0.04955504020473986	 -0.2843440769470193	 -0.11639492463804572	 -1.220703125	 -0.82373046875	 -2.084716796875	 -0.13645764	 0.5182308	 -0.23268819	 0.81158644	 -2.3685384	 18.327953	 -7.140248	 Scatto 30m	5	Braccio
6	 2850997702	 0.9963213043020208	 0.01334548695684229	 0.02401656166114372	 0.0811724173459269	 0.015880093103898013	 -0.2755826144829595	 -0.04002955450013341	 -1.285400390625	 -0.795166015625	 -2.07568359375	 -0.204031	 0.4865117	 -0.28506395	 0.8002602	 -1.865829	 13.950967	 -0.7600851	 Scatto 30m	5	Braccio
7	 2851014369	 0.9955470293853366	 -0.02223530352846631	 0.038266673182509765	 0.08323079527778081	 0.16632746640624316	 -0.16845143716507885	 0.15334709537468338	 -1.3154296875	 -0.69970703125	 -2.12548828125	 -0.24692687	 0.4415291	 -0.3643931	 0.78185487	 3.7580721	 -1.246256	 6.6408215	 Scatto 30m	5	Braccio
8	 2851031036	 0.9937323651814538	 -0.06395846815886985	 0.03179602926750228	 0.08599019283886306	 0.4845309778910586	 -0.09566460795619981	 0.3476388977246337	 -1.3193359375	 -0.531982421875	 -2.195556640625	 -0.27354148	 0.39669988	 -0.45442232	 0.7492027	 3.4083295	 -24.283804	 16.867453	 Scatto 30m	5	Braccio
9	 2851047703	 0.9908677165246792	 -0.11083957268166361	 0.035897933420037706	 0.06787559099620989	 0.8475302393901334	 -0.26437216976070627	 0.36488728666358883	 -1.287841796875	 -0.275634765625	 -2.257080078125	 -0.2669298	 0.35946926	 -0.54896635	 0.70580924	 -10.830891	 -40.894913	 29.26279	 Scatto 30m	5	Braccio
10	 2851064370	 0.9951355833172032	 -0.07467299756525914	 0.039302293161706144	 0.05083742718489659	 0.48022334728577826	 -0.4652553032553028	 0.4900088819690091	 -1.2001953125	 -0.047119140625	 -2.273681640625	 -0.25612003	 0.32034034	 -0.60527927	 0.6822184	 5.7584558	 -30.289131	 29.215221	 Scatto 30m	5	Braccio
11	 2851081037	 0.9947671050423914	 0.06438032893908802	 0.03704513665865878	 0.0701515347032126	 0.16240361245612353	 -0.5714105670796886	 0.41423474625650447	 -1.100341796875	 -0.041259765625	 -2.3095703125	 -0.31164655	 0.22744404	 -0.5604885	 0.73280174	 11.621336	 -16.748652	 28.560242	 Scatto 30m	5	Braccio
12	 2851097704	 0.9805797274104804	 0.16590320947381815	 0.06202613675770074	 0.08421568521831008	 0.5161984623930895	 -0.8427613951459627	 -0.037237876385574714	 -0.994873046875	 -0.32080078125	 -2.341064453125	 -0.38253808	 0.06903749	 -0.43807003	 0.81055117	 -35.790684	 -9.692155	 36.51284	 Scatto 30m	5	Braccio
13	 2851114371	 0.9939364547433339	 0.10475240863727667	 -0.005748509607376717	 0.03292736634223032	 1.0535495087132365	 0.3221917270297476	 -1.192220055098915	 -0.971923828125	 -0.588623046875	 -2.282958984375	 -0.40531096	 0.035218235	 -0.36634547	 0.83682364	 -68.63977	 -0.84813285	 -78.90727	 Scatto 30m	5	Braccio
14	 2851131038	 0.998766453012265	 0.04392489194192423	 -0.010562515276796388	 -0.020606054358293213	 0.577781451693825	 1.1697778619498895	 0.021026521659083364	 -0.964599609375	 -0.68994140625	 -2.24365234375	 -0.363022	 0.07599439	 -0.37918204	 0.84773874	 14.675975	 -49.938972	 -68.295135	 Scatto 30m	5	Braccio
15	 2851147705	 0.9992632031371058	 -0.004933128517450008	 -0.03762751655501718	 0.005734552912255276	 -0.09733298356358908	 0.1875734715295435	 -0.3017003297631525	 -1.037109375	 -0.693115234375	 -2.2314453125	 -0.38696247	 0.1042946	 -0.3392276	 0.8510626	 3.8534439	 8.459826	 -29.862661	 Scatto 30m	5	Braccio
16	 2851164372	 0.9973260269405275	 0.037810458504659944	 -0.059830982497674205	 -0.01820490999847596	 0.0778099429888788	 -0.022503748769531633	 -0.18905159284007034	 -1.127685546875	 -0.73828125	 -2.173583984375	 -0.39501664	 0.14508924	 -0.2747938	 0.8645225	 -8.886246	 2.7743213	 -17.913055	 Scatto 30m	5	Braccio
17	 2851181039	 0.9945010587290464	 0.06588162926899138	 -0.0802480601071836	 -0.013693208561294025	 0.1401708400041361	 0.19338232430118876	 -0.19047481982897518	 -1.231689453125	 -0.85498046875	 -2.047119140625	 -0.4104571	 0.19608122	 -0.18844746	 0.8703819	 -4.0107837	 -8.400547	 -25.602531	 Scatto 30m	5	Braccio
18	 2851197706	 0.9943466480370159	 0.05763367294675714	 -0.08871263330623734	 -0.009119866889947759	 0.11284970550902886	 0.27973818937874556	 -0.1522895609100729	 -1.34423828125	 -0.947021484375	 -1.888916015625	 -0.42666194	 0.25296748	 -0.09802435	 0.8627619	 2.1905978	 -13.796599	 -24.505829	 Scatto 30m	5	Braccio
19	 2851214373	 0.9962366850956432	 0.027734022043348863	 -0.08107842759446614	 -0.013022283584388951	 0.07646588890703697	 0.27351433405960934	 -0.13187976045732622	 -1.41796875	 -1.0048828125	 -1.73876953125	 -0.42640677	 0.310124	 -0.0253795	 0.84932685	 4.9880443	 -14.271748	 -20.965094	 Scatto 30m	5	Braccio
20	 2851231040	 0.9978517820920855	 0.0037118913367800155	 -0.06337782935631377	 -0.01616457807785915	 0.12795350559512753	 0.24386087604628331	 -0.12821846378454244	 -1.45166015625	 -1.033203125	 -1.644775390625	 -0.4106709	 0.35813877	 0.025222091	 0.83812296	 2.9384708	 -16.821283	 -16.186638	 Scatto 30m	5	Braccio
21	 2851247707	 0.998581975273898	 -0.017332570673776984	 -0.048094563865598794	 -0.014850373008661268	 0.30344789370916103	 0.3372029879737995	 -0.13594179046393612	 -1.467041015625	 -1.041015625	 -1.58740234375	 -0.38504297	 0.4002293	 0.0526374	 0.8299324	 2.2659256	 -28.306776	 -8.8485155	 Scatto 30m	5	Braccio
22	 2851264374	 0.9965492725445706	 -0.0739837442195159	 -0.028029372960992897	 -0.02510592028908476	 0.5364005129883254	 0.5771092537435157	 -0.16263047188239144	 -1.45556640625	 -1.031494140625	 -1.640625	 -0.32427898	 0.44295	 0.034258235	 0.8351437	 5.1304765	 -46.85812	 0.5743866	 Scatto 30m	5	Braccio
23	 2851281041	 0.9878154401590866	 -0.14286887413748856	 -0.008897460333476772	 -0.061073530973824265	 0.5791330474771029	 0.5806584494755282	 -0.2062699974896329	 -1.389892578125	 -0.977783203125	 -1.8251953125	 -0.1947395	 0.47545382	 -0.022871433	 0.8576114	 -2.9488423	 -48.744408	 3.9580317	 Scatto 30m	5	Braccio
24	 2851297708	 0.9844653156815214	 -0.16262498231266972	 0.012771722085147874	 -0.0649464430347509	 0.5550781871414228	 0.10460787687778195	 -0.06767517888183797	 -1.28466796875	 -0.829345703125	 -2.053466796875	 -0.04948437	 0.47632813	 -0.106856935	 0.87134635	 -17.85337	 -17.081837	 13.735186	 Scatto 30m	5	Braccio
25	 2851314375	 0.9895255835460399	 -0.13121330344239995	 0.044274402847524486	 -0.040767214279330284	 0.6131103629317513	 -0.521008440292079	 0.12474395194243607	 -1.168701171875	 -0.6201171875	 -2.23095703125	 0.058357403	 0.44170955	 -0.19243336	 0.87433195	 -13.335811	 23.30442	 30.996769	 Scatto 30m	5	Braccio
26	 2851331042	 0.998323557399193	 -0.042850200839735786	 0.02608927132516795	 -0.02886667545000951	 0.2025912497353587	 -0.6272912347710579	 0.22428961756345459	 -1.07080078125	 -0.50341796875	 -2.30322265625	 0.10909569	 0.42973858	 -0.21849269	 0.86930084	 13.557547	 28.24272	 17.825663	 Scatto 30m	5	Braccio
27	 2851347709	 0.9995742806331883	 0.014242661497229414	 -0.011406166142528708	 -0.022766279099767545	 -0.11240667036728828	 -0.22903150622755641	 0.10393417903310394	 -1.0576171875	 -0.522216796875	 -2.29931640625	 0.11912268	 0.45006818	 -0.20291579	 0.86143714	 13.666666	 9.092009	 -7.867257	 Scatto 30m	5	Braccio
28	 2851364376	 0.9992832850964298	 0.02969452545627138	 -0.02293114297184329	 -0.005031298720905852	 -0.13398740420724514	 -0.21119900066611738	 -0.07401285805527348	 -1.09326171875	 -0.57666015625	 -2.263427734375	 0.10429871	 0.47300428	 -0.17980386	 0.8561888	 6.261602	 13.15196	 -15.533468	 Scatto 30m	5	Braccio
29	 2851381043	 0.9982823870355501	 0.04884569504752917	 -0.02344171049553162	 0.02229035708488736	 -0.21153014223473665	 -0.392764043880073	 -0.10797532067360235	 -1.15185546875	 -0.653564453125	 -2.217529296875	 0.056639086	 0.4930876	 -0.15322158	 0.8545056	 9.967607	 24.119516	 -18.603588	 Scatto 30m	5	Braccio
30	 2851397710	 0.9974087853507142	 0.047317556755039014	 -0.01925796206605535	 0.05065466044708122	 -0.11406233988973907	 -0.4042897108762795	 -0.09228514966809606	 -1.227294921875	 -0.710205078125	 -2.1533203125	 -0.01508467	 0.50334173	 -0.14308116	 0.8520256	 4.927452	 25.130466	 -12.980552	 Scatto 30m	5	Braccio
31	 2851414377	 0.9976915669711863	 0.02276119865808582	 -0.009673068380965823	 0.06324473715909708	 0.040444670111103344	 -0.3779028870483312	 -0.020739177009956977	 -1.311279296875	 -0.71337890625	 -2.11328125	 -0.08422046	 0.50239646	 -0.1617239	 0.8451924	 0.46920252	 21.484129	 -2.0835714	 Scatto 30m	5	Braccio
32	 2851431044	 0.9977352215339726	 -0.010610902326782107	 -0.001947175109260846	 0.06639310936731158	 0.09833743363794278	 -0.32046454127826923	 0.04294061697496998	 -1.375	 -0.646728515625	 -2.114990234375	 -0.13723995	 0.4953701	 -0.21119213	 0.8313673	 -0.064697616	 15.432366	 3.340087	 Scatto 30m	5	Braccio
33	 2851447711	 0.996956302390818	 -0.035899133327293165	 9.690380891834438E-4	 0.06919858607485253	 0.09570011363300526	 -0.28648416551261824	 0.09114455093113709	 -1.421630859375	 -0.52099609375	 -2.13525390625	 -0.17767763	 0.48550734	 -0.28167057	 0.80831623	 1.9296244	 11.076049	 5.4167757	 Scatto 30m	5	Braccio
34	 2851464378	 0.9961277292494461	 -0.047675740102917974	 0.004280701764082768	 0.0737444670357599	 0.19387431522476484	 -0.355389731779557	 0.17623980084327695	 -1.44482421875	 -0.3583984375	 -2.160400390625	 -0.21294734	 0.46911478	 -0.36076546	 0.7774529	 3.808534	 6.7605863	 15.516809	 Scatto 30m	5	Braccio
35	 2851481045	 0.9960471009688577	 -0.044684227650904074	 0.001211225552167933	 0.07675952959364825	 0.6145644048019447	 -0.5427209677262188	 0.32661159981865906	 -1.4482421875	 -0.181640625	 -2.164306640625	 -0.25084785	 0.4484067	 -0.43325448	 0.7404709	 0.36695105	 -11.069589	 41.968487	 Scatto 30m	5	Braccio
36	 2851497712	 0.99807956973753	 -0.004805265479328358	 0.010829403342963536	 0.06080136445389722	 0.9072070831707689	 -0.5044611704904446	 0.39247576251237326	 -1.423095703125	 -0.069091796875	 -2.160888671875	 -0.28835958	 0.4144235	 -0.46482417	 0.72735167	 -4.5126953	 -36.0611	 45.978317	 Scatto 30m	5	Braccio
37	 2851514379	 0.997518598375529	 0.03883176891680523	 0.021857399133083114	 0.054506822699996856	 0.8758954098734727	 -0.16805693509908878	 0.2807594920431438	 -1.370361328125	 -0.0546875	 -2.1962890625	 -0.33229816	 0.36154768	 -0.45682126	 0.74173826	 -11.593719	 -45.17749	 21.360336	 Scatto 30m	5	Braccio
38	 2851531046	 0.9940510830565155	 0.09268070833191833	 0.03461985889330544	 0.04554334141748906	 0.8168545171131428	 -0.13014901413457353	 0.27881460077130077	 -1.302490234375	 -0.140625	 -2.2490234375	 -0.3803169	 0.28437093	 -0.4014695	 0.783144	 -12.702304	 -44.283157	 15.096558	 Scatto 30m	5	Braccio
39	 2851547713	 0.9915846734122613	 0.12484317856528862	 0.02348968454889706	 0.02494495819615267	 0.6176200208807323	 -0.023670242023057425	 -0.11934786393800664	 -1.244384765625	 -0.343505859375	 -2.2685546875	 -0.42122445	 0.20964248	 -0.30206433	 0.8290823	 -26.201069	 -27.00718	 -6.5577307	 Scatto 30m	5	Braccio
40	 2851564380	 0.9974192228805064	 0.06684157699411128	 0.014514415010841978	 -0.021827257507072984	 0.5989794392229177	 0.6689867343628545	 -0.717400511979582	 -1.221923828125	 -0.516845703125	 -2.244873046875	 -0.40883482	 0.18190898	 -0.23851407	 0.8619016	 -23.16117	 -35.44395	 -64.242744	 Scatto 30m	5	Braccio
41	 2851581047	 0.9983387139692378	 0.036978764073714726	 0.008405565514817567	 -0.04337890807990897	 0.07323627954903421	 0.5504792785443652	 -0.14796337363884274	 -1.169921875	 -0.625244140625	 -2.224609375	 -0.3723103	 0.1768972	 -0.19313955	 0.8903875	 13.104248	 -19.899714	 -34.736866	 Scatto 30m	5	Braccio
42	 2851597714	 0.9990866217829036	 0.01925224428012462	 -0.007560779457124086	 -0.037391280783153125	 -0.17633799112094192	 0.12971378173761394	 -0.3269487487276071	 -1.13525390625	 -0.6875	 -2.210693359375	 -0.34191093	 0.18471302	 -0.15403946	 0.90843284	 2.7600832	 6.340948	 -32.384697	 Scatto 30m	5	Braccio
43	 2851614381	 0.9977859657636226	 0.04061673791214182	 -0.03825081490192588	 -0.03619837407771565	 -0.25587035790818824	 0.04830576320959745	 -0.270522823227259	 -1.15185546875	 -0.767578125	 -2.15771484375	 -0.32010564	 0.21108715	 -0.090242796	 0.9191469	 5.260525	 10.594786	 -28.986094	 Scatto 30m	5	Braccio
44	 2851631048	 0.9959548999497548	 0.05613808802076577	 -0.06002106887575825	 -0.036329376962153076	 -0.14694742691548074	 0.03037530421060273	 -0.2444953359879711	 -1.201904296875	 -0.879638671875	 -2.04541015625	 -0.30140793	 0.25026855	 -0.008331928	 0.920027	 0.73334825	 4.481726	 -26.414251	 Scatto 30m	5	Braccio
45	 2851647715	 0.9957704484580928	 0.051315830409984914	 -0.0684712672212224	 -0.03346020161359329	 -0.062285560423408284	 0.1120723370106922	 -0.1803299166870522	 -1.24853515625	 -0.979736328125	 -1.920166015625	 -0.28163332	 0.29676527	 0.06923118	 0.9098461	 1.2711478	 -4.8954153	 -22.087902	 Scatto 30m	5	Braccio
46	 2851664382	 0.997000835222841	 0.03991702448404191	 -0.06275352863812335	 -0.02140000852247051	 0.12175762020593339	 0.256125081241965	 -0.1202041925541934	 -1.283203125	 -1.053466796875	 -1.799072265625	 -0.26739213	 0.33961385	 0.13155903	 0.8921077	 0.04827416	 -18.346233	 -12.035898	 Scatto 30m	5	Braccio
47	 2851681049	 0.9987705898659486	 0.0063949553192155645	 -0.04875073606841542	 -0.00630706731199085	 0.4716043934028634	 0.4970448138047723	 -0.09806946728589003	 -1.32177734375	 -1.08154296875	 -1.7177734375	 -0.2546922	 0.37895912	 0.15731137	 0.87565696	 -4.0230827	 -37.813316	 6.8781395	 Scatto 30m	5	Braccio
48	 2851697716	 0.998384454994926	 -0.05009631629361126	 -0.01015624490948744	 -0.024813097501792475	 0.4764615368983871	 0.7143041248128952	 -0.1422598169986306	 -1.3154296875	 -1.063232421875	 -1.76416015625	 -0.20774935	 0.39416984	 0.1348488	 0.8850345	 2.505509	 -48.16671	 10.199251	 Scatto 30m	5	Braccio
49	 2851714383	 0.9924488162712302	 -0.10972602453218956	 0.0027572348864967626	 -0.054753486445850735	 0.4728928291727057	 0.8242420964069958	 -0.12201347477886527	 -1.240234375	 -0.99951171875	 -1.91845703125	 -0.109005496	 0.39886948	 0.072674304	 0.9076009	 1.4832929	 -53.146545	 12.041969	 Scatto 30m	5	Braccio
50	 2851731050	 0.9889657756552176	 -0.12498072251271093	 0.02187033086947282	 -0.07647353928342975	 0.6123599532868804	 0.38596589376745816	 -0.08151545045220819	 -1.109375	 -0.866943359375	 -2.112548828125	 0.016013116	 0.37348732	 0.004822137	 0.92748445	 -22.100086	 -27.727554	 15.738346	 Scatto 30m	5	Braccio
51	 2851747717	 0.9901584408654288	 -0.12285823281476813	 0.0367684359322236	 -0.056037476135825416	 0.6647403866007795	 -0.5239546212516883	 0.11773757845218169	 -0.9736328125	 -0.676025390625	 -2.2568359375	 0.11810746	 0.32836863	 -0.073152766	 0.934277	 -23.34533	 33.61512	 21.071615	 Scatto 30m	5	Braccio
52	 2851764384	 0.9973853992926245	 -0.05505098070617653	 0.011577931550793565	 -0.045361947733594116	 0.0833657428017022	 -0.6210084573049505	 0.4319455702354854	 -0.884765625	 -0.52099609375	 -2.31884765625	 0.18181726	 0.31809318	 -0.10419613	 0.92460936	 21.962976	 31.26061	 15.195473	 Scatto 30m	5	Braccio
53	 2851781051	 0.9995039719837763	 -9.491978101835996E-4	 -0.010930231863519824	 -0.02952014640175946	 -0.1478206374707942	 0.002348751785045601	 0.09580738223155931	 -0.875732421875	 -0.5078125	 -2.32861328125	 0.20902357	 0.33288726	 -0.098063804	 0.91426414	 9.590197	 -4.2951574	 -10.955659	 Scatto 30m	5	Braccio
54	 2851797718	 0.9999203735201916	 0.006013325514107493	 -0.01106290659171111	 -8.358428350505043E-4	 -0.3123624605120341	 -0.17640255096779203	 -0.1258736174392037	 -0.892578125	 -0.51416015625	 -2.32177734375	 0.20754522	 0.34346604	 -0.09383594	 0.9111262	 13.438783	 5.910371	 -27.270395	 Scatto 30m	5	Braccio
55	 2851814385	 0.999230421682872	 0.030014992616043734	 -0.012377010277878077	 0.022010775050189325	 -0.2778924540150129	 -0.5461539870019566	 -0.1641250250466921	 -0.9287109375	 -0.55859375	 -2.3095703125	 0.17646566	 0.35645658	 -0.07605527	 0.9143382	 20.105352	 27.225695	 -27.227507	 Scatto 30m	5	Braccio
56	 2851831052	 0.9979090019905557	 0.050826670566281706	 -0.007756031622917243	 0.0391678092165508	 -0.15554187942830747	 -0.618507543804709	 -0.09716974079048521	 -0.978271484375	 -0.64013671875	 -2.261474609375	 0.12142746	 0.36633798	 -0.046372224	 0.92135864	 16.768738	 33.45803	 -19.691319	 Scatto 30m	5	Braccio
57	 2851847719	 0.9967654346079425	 0.05133686308263227	 -0.0024523604764754015	 0.061783337460581074	 -0.06404241074590228	 -0.42206984839111716	 -0.08498849872291189	 -1.03515625	 -0.723876953125	 -2.214599609375	 0.044434246	 0.36873484	 -0.025388092	 0.92812485	 5.8677273	 24.683853	 -16.00318	 Scatto 30m	5	Braccio
58	 2851864386	 0.9970206656266384	 0.006982213274573573	 0.0019308287679323524	 0.07679396403020411	 -0.004148529927699812	 -0.3267730117778011	 -0.15229801965500878	 -1.11083984375	 -0.732177734375	 -2.195556640625	 -0.030397125	 0.36312968	 -0.05138026	 0.92982405	 -4.0498686	 20.28588	 -16.140213	 Scatto 30m	5	Braccio
59	 2851881053	 0.9949706935884285	 -0.058907115799484155	 0.00680735875130617	 0.0807275075496492	 0.09079482538381639	 -0.32012404654315463	 -0.010673432986790687	 -1.16845703125	 -0.611572265625	 -2.236083984375	 -0.084252335	 0.3531099	 -0.14044027	 0.92113614	 -4.7850995	 18.542837	 -4.1343865	 Scatto 30m	5	Braccio
60	 2851897720	 0.992048036193116	 -0.09408896136956318	 -9.845170758983615E-4	 0.08358822859653242	 0.22596447237319614	 -0.4307634889572117	 0.1975238835822874	 -1.208740234375	 -0.385986328125	 -2.285888671875	 -0.12773935	 0.3487569	 -0.2607404	 0.8911037	 -3.3210487	 18.343271	 15.579327	 Scatto 30m	5	Braccio
61	 2851914387	 0.9920935733848866	 -0.09567970579071228	 -0.01122044391324345	 0.08043529813831167	 0.6934202713212332	 -0.7068665223967774	 0.39971481957083554	 -1.232177734375	 -0.12744140625	 -2.284912109375	 -0.167786	 0.34880584	 -0.3758594	 0.8419693	 -15.21899	 8.468891	 51.84348	 Scatto 30m	5	Braccio
62	 2851931054	 0.9973822385243564	 -0.04042631866769242	 -0.0063037655224520575	 0.05962084849580784	 0.7390219824316188	 -0.6645588639360267	 0.5486586440486408	 -1.223388671875	 0.034423828125	 -2.24951171875	 -0.20462325	 0.34014535	 -0.4338693	 0.80881906	 -7.8348827	 -15.524622	 56.043827	 Scatto 30m	5	Braccio
63	 2851947721	 0.9984460822263344	 0.008667272419497107	 -0.0034194782830791336	 0.05494184601887512	 0.8208781206127179	 -0.2902265007334746	 0.43524008470885783	 -1.2060546875	 0.08740234375	 -2.2412109375	 -0.2515609	 0.31907392	 -0.44669268	 0.79710394	 -15.100719	 -36.353672	 33.329124	 Scatto 30m	5	Braccio
64	 2851964388	 0.9944245708111834	 0.08434795409835166	 0.010005195551422973	 0.062490732660081816	 0.7976289590246081	 -0.2710320930768104	 0.4592660276359951	 -1.16259765625	 0.01513671875	 -2.280029296875	 -0.32028165	 0.26314119	 -0.39875844	 0.81802714	 -13.549255	 -40.22659	 29.076794	 Scatto 30m	5	Braccio
65	 2851981055	 0.9861945158812372	 0.15867666909657596	 0.010836401795135071	 0.04609407691148871	 0.5924702731980842	 -0.3275376295411084	 0.02797620786731035	 -1.114013671875	 -0.228759765625	 -2.319091796875	 -0.38905343	 0.18508396	 -0.27550665	 0.85934705	 -28.272873	 -17.335968	 13.697323	 Scatto 30m	5	Braccio
66	 2851997722	 0.9939845681469222	 0.1075014532637161	 -0.01501690374604721	 -0.014581098513064827	 0.6493762547011975	 0.6670413853548256	 -0.7850653840253287	 -1.15625	 -0.499267578125	 -2.27392578125	 -0.3959184	 0.16434728	 -0.1709842	 0.8871318	 -27.36335	 -36.72599	 -66.74149	 Scatto 30m	5	Braccio
67	 2852014389	 0.9974665387710732	 0.06127632960760049	 0.005543457461507779	 -0.03570693967912087	 0.2176117486943503	 0.7418623959872298	 -0.14897972503881637	 -1.124267578125	 -0.65283203125	 -2.226806640625	 -0.37001663	 0.1471822	 -0.10934774	 0.91075146	 16.448612	 -36.56143	 -34.79901	 Scatto 30m	5	Braccio
68	 2852031056	 0.9992908531168214	 0.030692668250318633	 -0.011471511809776834	 -0.018551426078047828	 -0.1318018329272805	 0.21737619406901462	 -0.3818076236693387	 -1.104736328125	 -0.7265625	 -2.20068359375	 -0.35686946	 0.15100877	 -0.066614285	 0.91945815	 5.7909427	 -1.9189508	 -36.64913	 Scatto 30m	5	Braccio
69	 2852047723	 0.997985261998289	 0.04431543236683501	 -0.041322757324048526	 -0.01881459580976597	 -0.2753271011544204	 0.13293221150973517	 -0.28822146572605345	 -1.146240234375	 -0.802001953125	 -2.125244140625	 -0.3465939	 0.17556283	 -0.0017818287	 0.9214376	 11.043465	 5.3004084	 -31.846302	 Scatto 30m	5	Braccio
70	 2852064390	 0.9965198903310156	 0.05387910825016082	 -0.05920633228047543	 -0.023232737391922498	 -0.0766871572352527	 0.10791538849982688	 -0.28426055620292595	 -1.207275390625	 -0.90478515625	 -2.028076171875	 -0.33182836	 0.21078855	 0.0775253	 0.91621387	 1.8723754	 -4.152615	 -28.06795	 Scatto 30m	5	Braccio
71	 2852081057	 0.9964010067136777	 0.048744356126668525	 -0.06683485835955334	 -0.018496574651125978	 0.09090361763671623	 0.13295598490831997	 -0.24287525811061508	 -1.271240234375	 -0.990234375	 -1.89990234375	 -0.3168973	 0.2533022	 0.15231596	 0.9012292	 -3.4902074	 -13.450747	 -20.42527	 Scatto 30m	5	Braccio
72	 2852097724	 0.997773691064182	 0.029180780427340423	 -0.05938976203826444	 -0.008306602124087403	 0.22595352433712723	 0.281579094404826	 -0.2254827911078812	 -1.32421875	 -1.0380859375	 -1.783935546875	 -0.30494097	 0.29563746	 0.20353097	 0.8821478	 -2.9874897	 -25.315557	 -11.371458	 Scatto 30m	5	Braccio
73	 2852114391	 0.9989918807019346	 -0.0012488308702712364	 -0.0444572217454062	 -0.006100667811730299	 0.24199002723983043	 0.459611779403319	 -0.28778830804605043	 -1.359375	 -1.055419921875	 -1.725830078125	 -0.28717145	 0.33357605	 0.22308984	 0.8697646	 2.0381098	 -35.52233	 -7.963468	 Scatto 30m	5	Braccio
74	 2852131058	 0.9984469401989817	 -0.04269960251181506	 -0.034761702290718205	 -0.008489735359563657	 0.24913526864218855	 0.7604668948230485	 -0.3272910278708507	 -1.381103515625	 -1.0400390625	 -1.735107421875	 -0.25370473	 0.37284613	 0.20606849	 0.8684213	 11.578996	 -50.076046	 -2.802638	 Scatto 30m	5	Braccio
75	 2852147725	 0.990462379651598	 -0.13501023925844263	 -0.014769052441639926	 -0.023203122209045916	 0.5669208426803676	 0.8851970419774771	 -0.40550143303379516	 -1.38037109375	 -0.94921875	 -1.87841796875	 -0.17291813	 0.4085731	 0.11031758	 0.8893803	 -1.8954167	 -64.43605	 10.53723	 Scatto 30m	5	Braccio
76	 2852164392	 0.9806017277127054	 -0.18317007789566436	 0.014371052084489607	 -0.06828211356232652	 0.889191592142524	 0.2746214968555457	 -0.06667288899414928	 -1.30517578125	 -0.75341796875	 -2.1044921875	 -0.030353414	 0.4070273	 -0.015721982	 0.9127763	 -28.951614	 -27.057743	 29.727825	 Scatto 30m	5	Braccio
77	 2852181059	 0.9865510394349235	 -0.13716503400472904	 0.06291541804635832	 -0.06280485815926765	 0.7801148557553694	 -0.7931430078867413	 0.36088598595988863	 -1.14306640625	 -0.525146484375	 -2.273681640625	 0.088213585	 0.34650156	 -0.10565015	 0.9278973	 -17.433098	 45.348457	 40.821392	 Scatto 30m	5	Braccio
78	 2852197726	 0.9983982789198196	 -0.03848243004647289	 0.02656458134024312	 -0.031848112124239866	 -0.04419243501236441	 -0.7985481411629161	 0.45294914894306215	 -1.02734375	 -0.404541015625	 -2.328125	 0.13627987	 0.3227952	 -0.12311524	 0.9284793	 30.378439	 39.077457	 14.504181	 Scatto 30m	5	Braccio
79	 2852214393	 0.9997540597157265	 0.01582227205565634	 -0.011762371988294858	 -0.010154919700784132	 -0.016559757641200396	 -0.13921941361112383	 0.15375066618898292	 -1.03515625	 -0.427001953125	 -2.322998046875	 0.14023322	 0.33686376	 -0.105457455	 0.9250602	 8.738587	 4.711941	 -2.2436175	 Scatto 30m	5	Braccio
80	 2852231060	 0.9994823908006077	 0.027924191709705448	 -0.015564909088405689	 -0.0035949411581468194	 -0.07103602278989035	 -0.14575080300981375	 -0.2085401124817977	 -1.060791015625	 -0.4814453125	 -2.310791015625	 0.13337609	 0.35462368	 -0.079618335	 0.92201626	 -1.3890167	 11.013865	 -21.124111	 Scatto 30m	5	Braccio
81	 2852247727	 0.9995357952115508	 0.023626553516081117	 -0.018936033349924275	 0.0033773807506706503	 -0.36636055862075495	 -0.44957473379539237	 -0.32593117412367756	 -1.099609375	 -0.533447265625	 -2.28125	 0.121024035	 0.37486434	 -0.061538324	 0.9170841	 11.471329	 26.263079	 -37.594627	 Scatto 30m	5	Braccio
82	 2852264394	 0.999494717862397	 0.009080493826802927	 -0.011582084264802452	 0.028172840132152877	 -0.2559275197742583	 -0.5289862902297311	 -0.14286480357436013	 -1.138916015625	 -0.551513671875	 -2.270263671875	 0.091075696	 0.38460827	 -0.066763975	 0.91614646	 13.352108	 29.688894	 -25.839695	 Scatto 30m	5	Braccio
83	 2852281061	 0.9984270047832167	 -0.002833424793181105	 8.159100404424026E-4	 0.05598948217622577	 -0.044184321300554656	 -0.33900202408189073	 -0.005976053745478285	 -1.17431640625	 -0.51953125	 -2.267333984375	 0.040252917	 0.37887725	 -0.093784206	 0.9198023	 6.0157495	 19.59205	 -10.735107	 Scatto 30m	5	Braccio
84	 2852297728	 0.997414354009257	 -0.03002726266450223	 0.009363371979405679	 0.06461653951078267	 -0.0023424786027468093	 -0.27048743186623847	 -0.06338075815762152	 -1.19140625	 -0.4365234375	 -2.283203125	 -0.007659015	 0.36164632	 -0.14876617	 0.9203381	 -0.16423027	 16.665659	 -10.103892	 Scatto 30m	5	Braccio
85	 2852314395	 0.9959142464568119	 -0.06360236643356332	 0.009028659173808393	 0.06346681023916727	 0.047821755969869185	 -0.3683238596385095	 0.0019453584041721483	 -1.189208984375	 -0.282470703125	 -2.304443359375	 -0.042152487	 0.34302133	 -0.23334175	 0.9089067	 0.030221075	 20.662405	 -1.465498	 Scatto 30m	5	Braccio
86	 2852331062	 0.9943584558023544	 -0.07972283743379788	 -0.00442249890170797	 0.06982816100489864	 0.2242692601742984	 -0.48606954330837593	 0.2550452638266735	 -1.179931640625	 -0.087646484375	 -2.297607421875	 -0.07937511	 0.33263382	 -0.33209407	 0.8790722	 2.0731828	 16.344582	 21.72009	 Scatto 30m	5	Braccio
87	 2852347729	 0.9959744193383001	 -0.06076972792094165	 -0.016121969567477096	 0.06389114406094211	 0.7507731901756229	 -0.7076676165415028	 0.5092629536625616	 -1.173828125	 0.099609375	 -2.248779296875	 -0.12058185	 0.32948953	 -0.40768304	 0.84302515	 -11.494175	 -0.5329125	 58.253887	 Scatto 30m	5	Braccio
88	 2852364396	 0.9990696577963886	 -3.7056264492318913E-4	 -0.014000621798488449	 0.040788039217262345	 0.5911814938506086	 -0.41475818644219714	 0.5054147766441116	 -1.169921875	 0.16162109375	 -2.229736328125	 -0.16003716	 0.32546613	 -0.42215973	 0.8308076	 -5.1592546	 -19.641378	 39.019405	 Scatto 30m	5	Braccio
89	 2852381063	 0.9981310048140553	 0.04695193573473966	 -0.002203892004302592	 0.039053243395121846	 0.6716378839464452	 -0.24925792204861383	 0.4086382845304575	 -1.156494140625	 0.131591796875	 -2.24462890625	 -0.20759179	 0.30373916	 -0.39568618	 0.84147537	 -12.923068	 -27.692003	 29.10788	 Scatto 30m	5	Braccio
90	 2852397730	 0.9922198291666525	 0.11753083850325813	 0.01535313341899868	 0.03808666306515163	 0.7346440191329197	 -0.40917801625305394	 0.31014862588260467	 -1.119873046875	 -0.03564453125	 -2.304443359375	 -0.26637557	 0.25058848	 -0.30791077	 0.8783169	 -22.158209	 -21.261787	 34.332058	 Scatto 30m	5	Braccio
91	 2852414397	 0.9908510465316154	 0.13339558712783345	 -0.007205752013612802	 0.01918066891277537	 0.49771096485177607	 0.023193060691397045	 -0.4131700056918808	 -1.10400390625	 -0.30712890625	 -2.32080078125	 -0.3148235	 0.21581961	 -0.18995425	 0.9045583	 -36.4559	 -9.430314	 -19.31335	 Scatto 30m	5	Braccio
92	 2852431064	 0.9964967689566887	 0.07900667582968265	 -0.009502601729487326	 -0.025726157769749125	 0.49553116552688214	 0.665247894972288	 -0.27472169688041004	 -1.12744140625	 -0.492431640625	 -2.279541015625	 -0.3074812	 0.207908	 -0.10949371	 0.92208487	 -10.238192	 -45.095108	 -34.51909	 Scatto 30m	5	Braccio
93	 2852447731	 0.9987294378035129	 0.04360565501244901	 -0.003087685573185575	 -0.025070363248579922	 -0.05840407699101627	 0.34819653112773263	 -0.3725520894510043	 -1.119873046875	 -0.60986328125	 -2.24365234375	 -0.29148453	 0.2036537	 -0.060531113	 0.93268317	 3.197141	 -12.8060465	 -37.635883	 Scatto 30m	5	Braccio
94	 2852464398	 0.9990049185198471	 0.03503904437648239	 -0.024243186393507112	 -0.013179759323534768	 -0.4733181167723439	 0.3291826074655093	 -0.3454348296757922	 -1.1416015625	 -0.686279296875	 -2.210693359375	 -0.2857635	 0.21937932	 -0.015082674	 0.93272966	 22.749743	 -0.4373916	 -43.105022	 Scatto 30m	5	Braccio
95	 2852481065	 0.9985581743867341	 0.038249347233409114	 -0.034986216677000616	 -0.013947202023367524	 -0.18899478305087028	 0.1924254847123959	 -0.26213607714939	 -1.185546875	 -0.75927734375	 -2.15087890625	 -0.2796661	 0.24169342	 0.037045974	 0.92843896	 7.9165096	 -5.181184	 -30.299974	 Scatto 30m	5	Braccio
96	 2852497732	 0.9982508962673919	 0.033003837142386167	 -0.04779897222943107	 -0.011006956393007916	 0.0029164042640726718	 0.046824905216303246	 -0.24217604149148725	 -1.244384765625	 -0.827880859375	 -2.077392578125	 -0.27348572	 0.27605167	 0.08701607	 0.9172947	 -4.812833	 -5.488076	 -22.688393	 Scatto 30m	5	Braccio
97	 2852514399	 0.9977155595446191	 0.027216829014390286	 -0.061165298324349374	 -0.009039510045477707	 0.10870405081023649	 0.052239124079524316	 -0.19748335814257756	 -1.31689453125	 -0.876220703125	 -1.98046875	 -0.26504418	 0.32355383	 0.13388786	 0.898409	 -8.255988	 -9.290942	 -15.998323	 Scatto 30m	5	Braccio
98	 2852531066	 0.9976555177049511	 0.025950449225562083	 -0.06308609804894506	 -0.005494216123931417	 0.1158783021203953	 0.18614241417951777	 -0.17281784883621137	 -1.3935546875	 -0.91943359375	 -1.87841796875	 -0.2576929	 0.3724525	 0.17799889	 0.87360746	 -3.520206	 -16.19225	 -12.258859	 Scatto 30m	5	Braccio
99	 2852547733	 0.9987994541963309	 0.008711239595587422	 -0.047852486677537394	 -0.0058227244994044644	 0.29640368972969106	 0.5331611612197705	 -0.22598046668197766	 -1.45068359375	 -0.945556640625	 -1.796630859375	 -0.24507438	 0.41106465	 0.20288529	 0.8542846	 0.59170204	 -38.138508	 -1.535635	 Scatto 30m	5	Braccio
100	 2852564400	 0.9977600042270495	 -0.061071281422055756	 -0.020863455614413304	 -0.01760649795194058	 0.5803472453036032	 0.8632926125720357	 -0.32417463967743565	 -1.4638671875	 -0.923828125	 -1.8125	 -0.19741796	 0.43941092	 0.16727298	 0.8602117	 -0.26481503	 -60.534817	 14.868233	 Scatto 30m	5	Braccio
101	 2852581067	 0.990376174985886	 -0.13225859339055213	 -0.002446688797683949	 -0.040702705175521554	 0.5346889817769287	 0.6833028336049116	 -0.3098713915231714	 -1.42578125	 -0.821533203125	 -1.96484375	 -0.09820009	 0.45568103	 0.07740001	 0.8813176	 -10.086157	 -49.985695	 11.523455	 Scatto 30m	5	Braccio
102	 2852597734	 0.9857851791219755	 -0.15429966567338052	 0.01614517344761407	 -0.06448664335259018	 0.5172038533257255	 0.24434185385935792	 -0.19802401467284508	 -1.345947265625	 -0.659423828125	 -2.135986328125	 0.033126246	 0.44353953	 -0.023716643	 0.89532834	 -23.37541	 -19.78116	 9.715557	 Scatto 30m	5	Braccio
105	 2852647735	 0.957766096389327	 -0.25788430097172554	 0.05377925090153962	 -0.11527178358967226	 1.0235271986961239	 -1.315519091591852	 0.7658191349231005	 -1.145263671875	 -0.18701171875	 -2.3173828125	 0.25832736	 0.3716625	 -0.18698132	 0.87187845	 15.2974415	 11.335072	 2.3995905	 Scatto 30m	5	Braccio
106	 2852664402	 0.9994049750812786	 0.021346130524342144	 -0.02024903653017066	 -0.01800041705146113	 -0.08987038171985617	 -0.14055792538815007	 -0.09387788018879606	 -1.183349609375	 -0.234375	 -2.30615234375	 0.26332936	 0.39859614	 -0.16562806	 0.86275506	 5.0414243	 7.949957	 -16.392857	 Scatto 30m	5	Braccio
107	 2852681069	 0.9991541135948919	 0.034787330030415564	 -0.020705465125726717	 0.007223757310994451	 -0.20257224123904807	 -0.44820646420227983	 -0.20585846512940445	 -1.229736328125	 -0.29736328125	 -2.285888671875	 0.24052821	 0.4245956	 -0.14307243	 0.8610431	 14.952075	 23.890026	 -24.951624	 Scatto 30m	5	Braccio
108	 2852697736	 0.9987919843894412	 0.039837441251093175	 -0.01189807767731116	 0.02619133332903273	 -0.22227066170667187	 -0.7247649393920398	 -0.11606399869003553	 -1.26171875	 -0.355712890625	 -2.266845703125	 0.19947802	 0.4403715	 -0.12286349	 0.8667099	 25.673685	 35.93519	 -22.726498	 Scatto 30m	5	Braccio
109	 2852714403	 0.9981190591157846	 0.0416656274085746	 -0.004290751749596228	 0.04476503961680509	 -0.04688805872866079	 -0.49044929683079475	 -0.011410406293287378	 -1.289794921875	 -0.40185546875	 -2.238037109375	 0.1411245	 0.44555572	 -0.108647905	 0.8773595	 14.368015	 25.80349	 -11.240882	 Scatto 30m	5	Braccio
110	 2852731070	 0.9979203013713207	 0.016733567672238547	 0.003053605661931275	 0.062175037727312144	 0.001977510439611226	 -0.26553853966590435	 -0.008083340919774945	 -1.30517578125	 -0.401611328125	 -2.236083984375	 0.07851213	 0.43670705	 -0.12319227	 0.8876637	 5.051417	 15.088376	 -8.853842	 Scatto 30m	5	Braccio
111	 2852747737	 0.996021352880364	 -0.04959832047638829	 0.009616838095022425	 0.07340972440586564	 0.005489413273111504	 -0.22179944583713326	 -0.014267684357517546	 -1.307373046875	 -0.278076171875	 -2.25244140625	 0.03515994	 0.41271278	 -0.20033841	 0.88786066	 2.4322944	 12.984262	 -7.964742	 Scatto 30m	5	Braccio
112	 2852764404	 0.9918640166687237	 -0.09876774394039872	 0.014873481399113266	 0.07892708499482293	 0.08182615594989695	 -0.3509440326353215	 0.08912079317788339	 -1.270751953125	 -0.042236328125	 -2.248291015625	 0.00782541	 0.37634343	 -0.32080206	 0.869132	 5.3827543	 16.658213	 3.9564142	 Scatto 30m	5	Braccio
113	 2852781071	 0.9909834904950203	 -0.09736349899664998	 2.9275294952235686E-4	 0.09204338610213143	 0.35224836815569727	 -0.6605679071428969	 0.3719565808830616	 -1.2021484375	 0.21728515625	 -2.1845703125	 -0.03632381	 0.34198025	 -0.43960667	 0.82974464	 9.350365	 13.735317	 37.50968	 Scatto 30m	5	Braccio
114	 2852797738	 0.9970063766620021	 -0.00785354780524744	 -0.023451210027560166	 0.07325740529407238	 0.9189373509797631	 -1.2624829183841761	 0.5641575866033074	 -1.14208984375	 0.350341796875	 -2.126953125	 -0.10559038	 0.32776988	 -0.47131225	 0.8119621	 -3.8461533	 1.7934803	 89.71246	 Scatto 30m	5	Braccio
115	 2852814405	 0.9944602911327538	 0.09018896560791129	 -0.02243939030519183	 0.04910349891265276	 1.0254708201543887	 -0.28094082778530927	 0.2374739317590171	 -1.13134765625	 0.258056640625	 -2.19189453125	 -0.185546	 0.31091827	 -0.4112063	 0.83654773	 -35.68866	 -30.77955	 35.482506	 Scatto 30m	5	Braccio
116	 2852831072	 0.9918841185965557	 0.11807687916005294	 0.008309956874836476	 0.04641864388900768	 0.8939829523667158	 -0.011839260435610899	 0.16899038636521876	 -1.10595703125	 0.07421875	 -2.282470703125	 -0.25533786	 0.2614992	 -0.3262427	 0.87177205	 -32.745743	 -35.82775	 15.174782	 Scatto 30m	5	Braccio
117	 2852847739	 0.9918935914020174	 0.12278500897411831	 0.010930691895141231	 0.030845824377490286	 0.5797756130899049	 0.036923166781620484	 -0.13161472770125465	 -1.049072265625	 -0.1484375	 -2.341552734375	 -0.30714154	 0.21099499	 -0.22763507	 0.8996264	 -29.788916	 -19.432882	 -6.3022413	 Scatto 30m	5	Braccio
118	 2852864406	 0.9978110974414083	 0.06366531866335445	 0.0016911950250529525	 -0.01780114832400237	 0.4964558711448435	 0.5596602942229305	 -0.4998431685406991	 -1.057373046875	 -0.3251953125	 -2.3310546875	 -0.30162802	 0.19722693	 -0.16668865	 0.91778916	 -22.01952	 -34.722385	 -44.79487	 Scatto 30m	5	Braccio
119	 2852881073	 0.998885211684151	 0.037243731604402586	 0.008869560628182631	 -0.027614656057084245	 0.027108043775538604	 0.4356375113032541	 -0.16006652982294903	 -1.033935546875	 -0.419189453125	 -2.32177734375	 -0.27976492	 0.18661422	 -0.12830123	 0.9329768	 6.957252	 -19.217508	 -28.794245	 Scatto 30m	5	Braccio
120	 2852897740	 0.9994600972966544	 0.022482693791673558	 -0.0016228289610107363	 -0.023904159006234438	 -0.26887974768585626	 0.25552641012099553	 -0.37151046671428684	 -1.01904296875	 -0.47607421875	 -2.314208984375	 -0.25984615	 0.18820143	 -0.09989199	 0.9418502	 10.24059	 -0.39091176	 -39.597565	 Scatto 30m	5	Braccio
121	 2852914407	 0.9986047184687477	 0.03800796288085137	 -0.026848369116745235	 -0.024963495055223665	 -0.21938899867582334	 0.29559022702006665	 -0.2385139303570974	 -1.0361328125	 -0.551025390625	 -2.289306640625	 -0.24414022	 0.20820881	 -0.049747057	 0.9458171	 12.582768	 -6.867161	 -31.88257	 Scatto 30m	5	Braccio
122	 2852931074	 0.9968981246890837	 0.05057996813799817	 -0.0546532599827575	 -0.02547188622392199	 -0.012447899097933427	 0.1642579768543016	 -0.16722223268051448	 -1.113525390625	 -0.654296875	 -2.22265625	 -0.23089434	 0.2494866	 0.019879986	 0.94023895	 0.73648727	 -8.409788	 -21.086369	 Scatto 30m	5	Braccio
123	 2852947741	 0.9960670787028092	 0.04919295962234385	 -0.06423363857937221	 -0.03611740747756723	 0.16055554999930197	 0.19734959287330936	 -0.18101873109760527	 -1.19677734375	 -0.766845703125	 -2.13232421875	 -0.20525427	 0.29777685	 0.09301165	 0.9276576	 -7.141096	 -16.347227	 -15.530981	 Scatto 30m	5	Braccio
124	 2852964408	 0.9971544708957282	 0.03759800720128337	 -0.052863558054256694	 -0.03840306311997477	 0.28360824455097244	 0.34286939786220155	 -0.18593977806423026	 -1.248046875	 -0.86572265625	 -2.03662109375	 -0.17337987	 0.33566236	 0.15333414	 0.91310394	 -9.317918	 -27.2989	 -7.531046	 Scatto 30m	5	Braccio
125	 2852981075	 0.9990407606549954	 -3.0660282793738836E-4	 -0.034117601895290645	 -0.027449112654299283	 0.36535210194329937	 0.5319001122354214	 -0.16375255178377138	 -1.262451171875	 -0.90576171875	 -1.99951171875	 -0.14054404	 0.363379	 0.17223263	 0.9047315	 -7.744335	 -36.972847	 3.1672935	 Scatto 30m	5	Braccio
126	 2852997742	 0.9978422230282035	 -0.05533582618614086	 -0.01929454071516779	 -0.029606840105299792	 0.38595521251088394	 0.550762885273356	 -0.1772598669607017	 -1.258544921875	 -0.874755859375	 -2.0244140625	 -0.08723486	 0.38355535	 0.1406966	 0.90855926	 -10.030613	 -37.006237	 6.65864	 Scatto 30m	5	Braccio
127	 2853014409	 0.9931349777348372	 -0.10918547463607403	 -0.00995255517759286	 -0.04077247568589255	 0.3682439426445376	 0.40610014790725446	 -0.10358901477597848	 -1.232421875	 -0.755859375	 -2.138671875	 -0.0030674746	 0.39425412	 0.06354215	 0.91679704	 -12.912089	 -25.951685	 6.9271774	 Scatto 30m	5	Braccio
128	 2853031076	 0.988832420787194	 -0.14293756424548007	 -3.2735967099017937E-6	 -0.04218170595163986	 0.47792099817913214	 0.2026537110145254	 -0.004686722366739338	 -1.199462890625	 -0.5458984375	 -2.25341796875	 0.09540672	 0.38793027	 -0.04470825	 0.91564673	 -19.241446	 -10.538271	 12.297577	 Scatto 30m	5	Braccio
129	 2853047743	 0.9895958986385045	 -0.13767566365048356	 0.017705280864816902	 -0.037840349704354424	 0.3736570457918862	 -0.24669601088732815	 0.16893622786678217	 -1.15283203125	 -0.29052734375	 -2.30859375	 0.18655057	 0.35699418	 -0.14746217	 0.9033323	 -4.974808	 16.311424	 13.288435	 Scatto 30m	5	Braccio
130	 2853064410	 0.9968992033375965	 -0.07127808295953186	 0.016055030781972016	 -0.029217276756561827	 0.13183544591682927	 -0.4953275305852267	 0.25184858792135667	 -1.1083984375	 -0.118896484375	 -2.319091796875	 0.24297869	 0.33356026	 -0.1929346	 0.89021075	 16.793808	 22.33333	 10.019012	 Scatto 30m	5	Braccio
131	 2853081077	 0.9998658818314805	 0.0015644947147529509	 -0.010003495609860137	 -0.012872481548904942	 -0.03414517355205946	 -0.3317399377567496	 0.06479081672835596	 -1.1171875	 -0.10107421875	 -2.314453125	 0.2540962	 0.34601602	 -0.18615635	 0.8837725	 14.475036	 13.517022	 -4.9918184	 Scatto 30m	5	Braccio
132	 2853097744	 0.9993114158525266	 0.03290022314137431	 -0.016571826655775754	 0.004432158092556135	 -0.034411699341287724	 -0.3245029148632311	 -0.0858239889897961	 -1.150146484375	 -0.156494140625	 -2.306884765625	 0.23725034	 0.36825982	 -0.16012907	 0.8845653	 9.888125	 17.538307	 -11.930689	 Scatto 30m	5	Braccio
133	 2853114411	 0.9992093652145645	 0.03457592230858503	 -0.015324515638570985	 0.012260068697238712	 -0.13387204857355006	 -0.4657512644087881	 -0.09141084455435006	 -1.185546875	 -0.219970703125	 -2.29638671875	 0.21235643	 0.38796586	 -0.13594294	 0.88651395	 16.811943	 23.442642	 -16.392178	 Scatto 30m	5	Braccio
134	 2853131078	 0.9993310804795303	 0.028122706884946502	 -0.00917131908782093	 0.021503298613631677	 -0.18436317235354174	 -0.5216578579754027	 0.023601165567819632	 -1.20751953125	 -0.263671875	 -2.288818359375	 0.18182388	 0.3987141	 -0.12063358	 0.89073837	 22.712101	 23.751532	 -14.710159	 Scatto 30m	5	Braccio
135	 2853147745	 0.9987022004642327	 0.028752695581378274	 -0.0039057808206514615	 0.04185620815225639	 -0.04054777881701422	 -0.37639619477617786	 0.025505628882228182	 -1.223876953125	 -0.291259765625	 -2.28076171875	 0.13271788	 0.4009829	 -0.11255616	 0.89940536	 11.996817	 19.331013	 -8.999668	 Scatto 30m	5	Braccio
136	 2853164412	 0.9982391801401698	 0.016118686003682214	 0.002811776218569984	 0.05701597240329159	 0.09815603951815724	 -0.2505641558714665	 -0.03730242436123911	 -1.232666015625	 -0.294677734375	 -2.279052734375	 0.07510609	 0.39234254	 -0.12122094	 0.90869796	 -0.41020423	 15.675062	 -5.360041	 Scatto 30m	5	Braccio
137	 2853181079	 0.9979563899616704	 -0.01818171734657409	 0.0068125792880563	 0.06087739853544653	 0.09733656796228929	 -0.21441595486218595	 -0.06686797457170285	 -1.225341796875	 -0.235595703125	 -2.28369140625	 0.02749056	 0.3757759	 -0.16221589	 0.91198844	 -3.7973819	 13.686676	 -6.0773935	 Scatto 30m	5	Braccio
138	 2853197746	 0.9965565483375978	 -0.053830936721769806	 0.005573871138130627	 0.06281885208793242	 0.08777645393836675	 -0.2263452591009333	 -0.001406169549809197	 -1.203125	 -0.099609375	 -2.28125	 -0.008935986	 0.35731608	 -0.23595116	 0.90364426	 -1.5061133	 12.454809	 -2.4120312	 Scatto 30m	5	Braccio
139	 2853214413	 0.9953747355734103	 -0.06589881376782275	 -0.004470299435323789	 0.06976029349935413	 0.202493157046628	 -0.30804546651265846	 0.17464977796820907	 -1.1748046875	 0.072998046875	 -2.252197265625	 -0.04967383	 0.34364948	 -0.32129887	 0.8810247	 0.5563247	 9.642482	 12.675652	 Scatto 30m	5	Braccio
140	 2853231080	 0.9968120877434953	 -0.04546389315910504	 -0.022295641356154073	 0.06165712062519271	 0.675934077856497	 -0.6549350424945842	 0.4205970525364045	 -1.1552734375	 0.22119140625	 -2.198974609375	 -0.095684886	 0.34450507	 -0.38245872	 0.8519896	 -9.511152	 4.6796937	 51.124554	 Scatto 30m	5	Braccio
141	 2853247747	 0.9983905475698109	 0.037255314229456604	 -0.02383289831494096	 0.03550139494199173	 0.8593955264692776	 -0.47927250816525424	 0.33556004797633887	 -1.163330078125	 0.222900390625	 -2.196533203125	 -0.14782828	 0.3473404	 -0.36216497	 0.8522548	 -22.186396	 -14.320518	 46.69892	 Scatto 30m	5	Braccio
142	 2853264414	 0.9969929971345107	 0.0722321841847604	 -0.009437487529480629	 0.02642743010160481	 0.7866081225267634	 -0.008238157803749202	 0.25171412942186044	 -1.16845703125	 0.125244140625	 -2.242431640625	 -0.1978695	 0.3351393	 -0.30899423	 0.8677857	 -23.124838	 -31.33431	 20.834093	 Scatto 30m	5	Braccio
143	 2853281081	 0.9953820095160001	 0.09283153297643049	 0.006003388629289689	 0.023683769592299456	 0.5728778067378876	 -0.09525787232897678	 0.2513863497449665	 -1.154052734375	 -0.026611328125	 -2.29345703125	 -0.24555649	 0.30465508	 -0.23679411	 0.8892785	 -14.01688	 -20.8801	 18.631277	 Scatto 30m	5	Braccio
147	 2853347749	 0.9723552345955365	 0.22163580682376582	 0.018151218886098056	 -0.07122780455121742	 0.40678437229267195	 1.3348540553410935	 -0.5381560767506595	 -1.1005859375	 -0.547119140625	 -2.276123046875	 -0.23327006	 0.25366598	 -0.0127887735	 0.93865603	 16.064116	 -14.195718	 -40.04477	 Scatto 30m	5	Braccio
148	 2853364416	 0.9993270313895909	 0.02820728702903688	 -0.01580523371185902	 -0.017321312878727235	 -0.17631490971900218	 0.30975077266411516	 -0.22698226896177037	 -1.111083984375	 -0.604248046875	 -2.255859375	 -0.22263351	 0.2634634	 0.024185156	 0.93831575	 9.486005	 -13.222622	 -29.253742	 Scatto 30m	5	Braccio
149	 2853381083	 0.9984488854216457	 0.02976291408932738	 -0.04114542413755043	 -0.022826436816244248	 -0.007701123173695562	 0.11281864579124093	 -0.19468321644343067	 -1.154541015625	 -0.673828125	 -2.212890625	 -0.20605402	 0.2953215	 0.06997072	 0.93028563	 -2.3855941	 -7.8538494	 -20.54118	 Scatto 30m	5	Braccio
150	 2853397750	 0.9973747167420295	 0.03243080347312324	 -0.05761856920841971	 -0.02952994873376119	 0.0879939308254474	 0.07177012546307107	 -0.16196007645605237	 -1.224609375	 -0.747314453125	 -2.142333984375	 -0.18188566	 0.34008616	 0.12312709	 0.9143845	 -7.140839	 -8.17494	 -14.611024	 Scatto 30m	5	Braccio
151	 2853414417	 0.9973949379165906	 0.032942659215926234	 -0.057347669361484756	 -0.028798677763909906	 0.12351878444208514	 0.16965109326694816	 -0.12932899709870288	 -1.287109375	 -0.8271484375	 -2.044921875	 -0.15752031	 0.38279766	 0.17555642	 0.89321524	 -5.4431777	 -13.748787	 -9.508367	 Scatto 30m	5	Braccio
152	 2853431084	 0.9987960389577829	 0.015227508749606489	 -0.041640527457088274	 -0.02099195113893107	 0.19226563102293143	 0.37428988920624934	 -0.12234898721027937	 -1.327880859375	 -0.880126953125	 -1.972900390625	 -0.13535865	 0.41407508	 0.20601428	 0.87622947	 -2.8446498	 -24.808617	 -1.5817442	 Scatto 30m	5	Braccio
153	 2853447751	 0.9989458315886744	 -0.03239553377183467	 -0.019488675043581566	 -0.026037405559983438	 0.39355697323563443	 0.6980180744864533	 -0.2399567682469434	 -1.33349609375	 -0.88232421875	 -1.978759765625	 -0.09303484	 0.43016598	 0.19373862	 0.8767938	 -7.1879354	 -45.07284	 11.0570755	 Scatto 30m	5	Braccio
154	 2853464418	 0.9935193063804703	 -0.10771667976181833	 -0.010845811692597157	 -0.03462474720612189	 0.4615899047280807	 0.5578103484954211	 -0.24420878102051424	 -1.315673828125	 -0.78662109375	 -2.06689453125	 -0.011277786	 0.44040346	 0.1177603	 0.8899722	 -16.427116	 -36.2803	 12.894976	 Scatto 30m	5	Braccio
155	 2853481085	 0.9878972407960653	 -0.14986144607676538	 0.003954777055428322	 -0.03981140974323354	 0.5461134373438021	 0.19646308583468752	 -0.0676639155569681	 -1.27392578125	 -0.587158203125	 -2.200927734375	 0.092348896	 0.42875817	 0.0047372566	 0.8986744	 -21.728382	 -9.417216	 16.037737	 Scatto 30m	5	Braccio
156	 2853497752	 0.988314637061314	 -0.14718355093242735	 0.02090007214325321	 -0.03368037246960885	 0.5646534638228986	 -0.3162995949553947	 0.11766368514948185	 -1.2216796875	 -0.3232421875	 -2.28369140625	 0.18690968	 0.3918076	 -0.107258536	 0.89445364	 -12.268055	 24.107216	 18.928516	 Scatto 30m	5	Braccio
157	 2853514419	 0.9955537758605816	 -0.08645434888344633	 0.01565632765196856	 -0.03395886236805195	 0.2303467653365892	 -0.4562095072321068	 0.23412779317184304	 -1.1787109375	 -0.134521484375	 -2.30859375	 0.25397438	 0.36466548	 -0.16501807	 0.880503	 12.181416	 23.6258	 10.946882	 Scatto 30m	5	Braccio
158	 2853531086	 0.9994996355691934	 -0.013371398244055976	 -0.0060056127586203	 -0.028028856941409414	 0.027775637937209583	 -0.26479074621142584	 0.11862237418323074	 -1.181884765625	 -0.095947265625	 -2.297607421875	 0.2839591	 0.37197062	 -0.16611081	 0.86799324	 11.997585	 10.151382	 -2.1403089	 Scatto 30m	5	Braccio
159	 2853547753	 0.9995842295357292	 0.01864203602930764	 -0.015065985026723351	 -0.016026810391315652	 -0.04290794114221801	 -0.19541569127000477	 -0.032715579048231934	 -1.211669921875	 -0.13525390625	 -2.288818359375	 0.28961593	 0.3935393	 -0.14674404	 0.86006737	 7.5884132	 9.213686	 -12.148715	 Scatto 30m	5	Braccio
160	 2853564420	 0.9993016714813793	 0.0325751541764574	 -0.018299542879421735	 -3.9425284490057777E-4	 -0.05114320322058363	 -0.2850140731831263	 -0.084440874580568	 -1.24462890625	 -0.1953125	 -2.276123046875	 0.27537686	 0.41905046	 -0.12267581	 0.856455	 9.09431	 14.750784	 -15.030239	 Scatto 30m	5	Braccio
161	 2853581087	 0.9990772249342788	 0.038549122661038104	 -0.013427579773225562	 0.013355293374485324	 -0.07215364470320007	 -0.3985038442404627	 -0.05288036363244772	 -1.278564453125	 -0.260009765625	 -2.257080078125	 0.24681073	 0.43958786	 -0.09814258	 0.8580299	 13.821574	 19.366907	 -15.673896	 Scatto 30m	5	Braccio
162	 2853597754	 0.9988917912534221	 0.03766463341244297	 -0.0022349097474623496	 0.02813485267167412	 -0.052803986749073425	 -0.4071959343552969	 -0.010895019649656779	 -1.294921875	 -0.3125	 -2.24609375	 0.2063196	 0.44779974	 -0.078367114	 0.86646783	 13.550797	 20.173811	 -13.908578	 Scatto 30m	5	Braccio
163	 2853614421	 0.998709898354777	 0.025892525617312034	 0.009900821713855009	 0.042545149838004705	 0.01928957588706767	 -0.2762443321025534	 0.008769414470145995	 -1.289794921875	 -0.33642578125	 -2.245361328125	 0.15888706	 0.44069365	 -0.0729513	 0.88046706	 6.8833776	 15.123808	 -9.348279	 Scatto 30m	5	Braccio
164	 2853631088	 0.9986084778518262	 -0.007747137536956661	 0.015287859738713635	 0.04987355177899211	 0.034196456289567814	 -0.17449103042643266	 0.028444924827936875	 -1.271728515625	 -0.302001953125	 -2.260498046875	 0.1197112	 0.4217266	 -0.09955921	 0.89325464	 3.7314227	 9.808194	 -7.2432613	 Scatto 30m	5	Braccio
165	 2853647755	 0.9969674583412292	 -0.05771664561179318	 0.01356460985356589	 0.050405130566963365	 -0.007820941362462279	 -0.14071913792031848	 0.07402694119808548	 -1.2421875	 -0.173095703125	 -2.27392578125	 0.100407496	 0.39640632	 -0.17088509	 0.8964255	 6.039382	 6.7279754	 -6.7317066	 Scatto 30m	5	Braccio
166	 2853664422	 0.9946638048297767	 -0.08865786828214306	 0.005100637688344471	 0.05251362916796347	 -0.023570406897666943	 -0.17592138853623462	 0.12064402846822625	 -1.209716796875	 0.02197265625	 -2.251220703125	 0.089142784	 0.37186122	 -0.2702075	 0.8836066	 9.158358	 6.8561106	 -3.9048	 Scatto 30m	5	Braccio
167	 2853681089	 0.9957386885404352	 -0.07672440479064868	 -0.012013668024887821	 0.04973431042934654	 0.44037865852479086	 -0.6131985148373378	 0.2559357658481862	 -1.1787109375	 0.218505859375	 -2.19091796875	 0.07029885	 0.36060616	 -0.3568656	 0.8588762	 3.7765224	 21.237993	 32.87524	 Scatto 30m	5	Braccio
168	 2853697756	 0.9972567855611094	 0.048829758871781426	 -0.04433890391718847	 0.033594938610888664	 0.6269602737054943	 -0.5680266741512114	 0.3029332973181153	 -1.2080078125	 0.233642578125	 -2.1669921875	 0.007843057	 0.3892012	 -0.32992023	 0.860008	 -4.304722	 7.6956716	 43.376705	 Scatto 30m	5	Braccio
169	 2853714423	 0.9958156947641339	 0.0775287358821034	 -0.03376209136302738	 0.034648497236429494	 1.0495091750491654	 0.272943111038216	 0.09665727533344318	 -1.25927734375	 0.116943359375	 -2.2001953125	 -0.063201144	 0.405878	 -0.27631927	 0.86885935	 -44.489693	 -31.574205	 26.112534	 Scatto 30m	5	Braccio
170	 2853731090	 0.9969988564770184	 0.06190929975003745	 -0.012687966236988502	 0.04471615257093067	 0.6238575891979152	 0.1307016658756483	 0.1922853458571347	 -1.26806640625	 0.036376953125	 -2.22509765625	 -0.12971848	 0.4004234	 -0.23916905	 0.87500435	 -17.120493	 -24.078398	 17.071493	 Scatto 30m	5	Braccio
171	 2853747757	 0.9962861641094588	 0.08047463660323395	 -0.015291210645687477	 0.026530943153746937	 0.5485221237452832	 0.08442516372344855	 0.15627894880386795	 -1.275634765625	 -0.06640625	 -2.247802734375	 -0.18728481	 0.39680898	 -0.17614609	 0.88115823	 -13.871497	 -21.049051	 13.878277	 Scatto 30m	5	Braccio
172	 2853764424	 0.9955555032668467	 0.09284280379519266	 -0.014927182130272247	 0.005160710434882809	 0.36106750809201554	 -0.05541886741400155	 0.07506599406040523	 -1.3046875	 -0.23828125	 -2.244384765625	 -0.22926189	 0.39135927	 -0.092076086	 0.8864531	 -10.466079	 -8.009268	 8.268995	 Scatto 30m	5	Braccio
173	 2853781091	 0.9986085645078303	 0.05131085263272728	 -0.008986468111224381	 -0.008208208367173732	 0.2997919204402518	 0.24862418091712177	 -0.1686012780218562	 -1.334228515625	 -0.358154296875	 -2.22119140625	 -0.24135377	 0.3892713	 -0.040383685	 0.8880234	 -13.043971	 -21.868153	 -9.99625	 Scatto 30m	5	Braccio
174	 2853797758	 0.9992159419558433	 0.035682292152245526	 0.009051844490405253	 -0.014571872885119797	 0.05530517927681125	 0.3507795405254839	 -0.08150606774444089	 -1.32275390625	 -0.44189453125	 -2.214111328125	 -0.24039586	 0.3745594	 -0.0039962567	 0.8954883	 2.9400282	 -20.632109	 -16.410053	 Scatto 30m	5	Braccio
175	 2853814425	 0.9996763504504672	 0.00909849745207314	 0.02183854196700485	 -0.00935359711044609	 -0.13158719479485917	 0.3658792608520664	 -0.17690988248769612	 -1.28564453125	 -0.484619140625	 -2.223388671875	 -0.23381019	 0.35415196	 0.0040552863	 0.9054795	 6.979165	 -17.87132	 -26.807404	 Scatto 30m	5	Braccio
176	 2853831092	 0.9996545560812654	 -0.009262322739156642	 0.024585185540645687	 -7.392803093552169E-4	 -0.10697216235194161	 0.3463478658975656	 -0.1675460873874052	 -1.232666015625	 -0.475341796875	 -2.248291015625	 -0.22836238	 0.33506137	 -0.00781024	 0.9140697	 6.520613	 -17.59434	 -24.713371	 Scatto 30m	5	Braccio
177	 2853847759	 0.9997245535815525	 -0.017964819784846264	 0.01283006781470885	 -0.007966905053619468	 0.03773412496333782	 0.22360480350053794	 -0.1483837555514094	 -1.197021484375	 -0.44921875	 -2.270263671875	 -0.21332315	 0.32828397	 -0.02219655	 0.91990775	 -1.4761027	 -14.235369	 -17.528307	 Scatto 30m	5	Braccio
178	 2853864426	 0.999495377874445	 -0.022081198530369606	 0.0023591084188567956	 -0.02271221888215169	 0.0914890435078106	 0.07273692575593475	 -0.14198369132665573	 -1.17578125	 -0.418701171875	 -2.285888671875	 -0.18341134	 0.3319625	 -0.033158466	 0.92469543	 -7.3836403	 -7.060713	 -13.982119	 Scatto 30m	5	Braccio
179	 2853881093	 0.9992036483353306	 -0.012706308340327377	 -0.005617947420255763	 -0.037403977709713605	 0.01009497228206672	 0.044239641629497256	 -0.13553913101591633	 -1.17041015625	 -0.408447265625	 -2.294189453125	 -0.14304206	 0.34129524	 -0.029169245	 0.92855036	 -4.6854315	 -3.2036433	 -16.241163	 Scatto 30m	5	Braccio
180	 2853897760	 0.9991387657718045	 -0.003996087612888999	 -0.012866404236824733	 -0.03924555589872433	 -0.027165371196374435	 0.07336479796305832	 -0.12848010820064842	 -1.177490234375	 -0.426025390625	 -2.285888671875	 -0.10391925	 0.35545635	 -0.015519026	 0.92876846	 -2.6906354	 -4.108978	 -17.384478	 Scatto 30m	5	Braccio
183	 2853947761	 0.9902020711914902	 -0.09392868766114526	 -0.024800770858379843	 -0.10031042621367077	 0.3940474529597282	 0.20428752999316957	 -0.1131483744151308	 -1.199462890625	 -0.341552734375	 -2.288818359375	 0.027977655	 0.3879397	 -0.058460683	 0.9194033	 -9.826881	 -4.178329	 -0.18791008	 Scatto 30m	5	Braccio
184	 2853964428	 0.9972607137426659	 -0.06340795309267683	 0.00467670789240933	 -0.03779720509977719	 0.2145848471904922	 0.006418560343042959	 0.018039379777488988	 -1.191162109375	 -0.250732421875	 -2.2958984375	 0.089038454	 0.38379103	 -0.09996588	 0.9136648	 -8.235274	 -0.42128125	 0.14104271	 Scatto 30m	5	Braccio
185	 2853981095	 0.9969601589015769	 -0.06484643157966752	 0.012480637489777513	 -0.04134749765312074	 0.1807624373742026	 0.14273567878447782	 0.17483152396628585	 -1.166748046875	 -0.14697265625	 -2.29931640625	 0.15414704	 0.37045482	 -0.14022253	 0.9051739	 -2.3367543	 -9.929018	 4.221347	 Scatto 30m	5	Braccio
186	 2853997762	 0.9967045905637403	 -0.07704710396232434	 -1.3513171230850054E-4	 -0.025370941243989364	 0.5749165561002961	 0.2410215686643187	 0.24515938328586243	 -1.1650390625	 -0.03369140625	 -2.281982421875	 0.20662197	 0.3618339	 -0.19838206	 0.8871463	 -19.650362	 -12.506906	 22.941002	 Scatto 30m	5	Braccio
187	 2854014429	 0.9949988433284634	 -0.09893275542085234	 -0.0024585850014205994	 -0.013548691436756856	 0.6947486893228592	 0.03465941255852026	 0.4050117185219068	 -1.176025390625	 0.14013671875	 -2.224365234375	 0.25453788	 0.34550944	 -0.2789229	 0.85909015	 -14.571172	 -4.5216136	 36.00887	 Scatto 30m	5	Braccio
188	 2854031096	 0.9973073056367321	 -0.06779931796030814	 -0.0034825819794628014	 -0.027735576981109483	 0.28575304833582527	 0.03928220595601603	 0.3974042783335267	 -1.197509765625	 0.264404296875	 -2.16064453125	 0.30178517	 0.3392907	 -0.32592687	 0.829204	 -1.482666	 -13.05613	 16.557446	 Scatto 30m	5	Braccio
189	 2854047763	 0.9996236677825443	 -0.017936217355431938	 -0.0022263402986511527	 -0.02063633506286028	 0.0487353930808259	 -0.06710813280175149	 0.30615974035697174	 -1.2294921875	 0.29833984375	 -2.118408203125	 0.3257399	 0.34342542	 -0.33249348	 0.81572086	 7.9400616	 -10.4012165	 4.006138	 Scatto 30m	5	Braccio
190	 2854064430	 0.9994247792076261	 0.029029491793999884	 -0.0010949863086772429	 -0.017498580426815902	 0.04045136567158532	 -0.21741099003987538	 0.1392120890484671	 -1.247314453125	 0.2587890625	 -2.14453125	 0.33097553	 0.36021638	 -0.30113098	 0.8185473	 11.456151	 1.7572023	 0.7448654	 Scatto 30m	5	Braccio
191	 2854081097	 0.9983749709447536	 0.0546266977624687	 -0.003338959997794683	 -0.015880573943139357	 -0.012373718882296901	 -0.1799996579974142	 0.006154904697888056	 -1.265380859375	 0.160888671875	 -2.177001953125	 0.3240908	 0.38581118	 -0.24967189	 0.82690936	 8.7267475	 5.9708824	 -7.463456	 Scatto 30m	5	Braccio
192	 2854097764	 0.9976044605457146	 0.06617253657833883	 -0.012007004266331446	 -0.016197763753998312	 -0.030555648346316643	 -0.11333202825459177	 -0.07704400676950655	 -1.294189453125	 0.0322265625	 -2.20947265625	 0.30941263	 0.42073828	 -0.1905748	 0.83121866	 3.653669	 6.954015	 -12.856867	 Scatto 30m	5	Braccio
193	 2854114431	 0.9979245379323122	 0.06003872796840415	 -0.0179370251158886	 -0.014840177441969695	 -0.02730114863915139	 -0.09710317989703528	 -0.04115271227075881	 -1.335205078125	 -0.09521484375	 -2.21826171875	 0.29357937	 0.45655656	 -0.13833264	 0.82839084	 3.2380881	 5.129271	 -12.245812	 Scatto 30m	5	Braccio
194	 2854131098	 0.9990830156775993	 0.04077251962948558	 -0.009645659646806694	 -0.008814231537410483	 0.0041534978406430265	 -0.09864598527015159	 -0.04420547251467401	 -1.35986328125	 -0.195556640625	 -2.210693359375	 0.28175288	 0.47763425	 -0.10211242	 0.8258656	 1.7315408	 6.079785	 -11.285365	 Scatto 30m	5	Braccio
195	 2854147765	 0.999998834688465	 4.8727685548760613E-4	 0.0013965416697860613	 -3.779607687615372E-4	 0.011256850692886858	 -0.1070081512426286	 -0.08537551033171545	 -1.366455078125	 -0.2236328125	 -2.211181640625	 0.28298685	 0.47696602	 -0.10013429	 0.8260721	 -0.3930333	 7.7559066	 -12.569849	 Scatto 30m	5	Braccio
196	 2854164432	 0.9991036393984776	 -0.04077692567456226	 0.00865133673455132	 0.00736983350922335	 0.020990828711484198	 -0.16916230276562882	 -0.03813279956325778	 -1.3505859375	 -0.16357421875	 -2.217529296875	 0.29789525	 0.4575074	 -0.1339524	 0.82704437	 3.5551648	 9.784842	 -11.0144415	 Scatto 30m	5	Braccio
197	 2854181099	 0.9974727778241139	 -0.0687548988302637	 0.014856376695545931	 0.010005471411494079	 -0.023455975465553447	 -0.30883531560155797	 0.06962347379888381	 -1.32763671875	 -0.04052734375	 -2.212890625	 0.3231513	 0.42270145	 -0.18999818	 0.8251048	 14.795692	 11.993955	 -9.655205	 Scatto 30m	5	Braccio
198	 2854197766	 0.9973550264385995	 -0.06777494788269572	 0.020676581825854693	 0.01618600139494572	 -0.08715009241000907	 -0.39368799892621487	 0.16167739317874227	 -1.281982421875	 0.10302734375	 -2.1943359375	 0.34220833	 0.3799196	 -0.2452518	 0.82365423	 24.231148	 9.344525	 -7.5972652	 Scatto 30m	5	Braccio
199	 2854214433	 0.9992094929815236	 -0.021686666619303407	 0.015468157898550246	 0.029509552991786068	 -0.07590438218187337	 -0.4044530540843422	 0.1626521896371741	 -1.231201171875	 0.192138671875	 -2.1826171875	 0.33017862	 0.35231683	 -0.268794	 0.8334296	 24.834307	 7.467152	 -4.1234446	 Scatto 30m	5	Braccio
200	 2854231100	 0.9987114485318225	 0.032216955975074124	 0.004568978694640375	 0.03894399508084467	 0.011423935102184115	 -0.2948488703268356	 0.07156389791741675	 -1.185302734375	 0.185791015625	 -2.205810546875	 0.2875621	 0.34797055	 -0.25392395	 0.8554224	 14.462084	 8.599665	 -2.8309155	 Scatto 30m	5	Braccio
201	 2854247767	 0.997007438104575	 0.060265360512339494	 -0.003045306783068538	 0.048321638973308385	 0.1484195929193023	 -0.17163566434226668	 0.050282174692030585	 -1.1513671875	 0.11865234375	 -2.24755859375	 0.22400111	 0.35413915	 -0.21946101	 0.88104826	 2.9339762	 8.150289	 1.1151295	 Scatto 30m	5	Braccio
202	 2854264434	 0.994294827947329	 0.08023815086344754	 -0.017198626090288594	 0.06814573738549112	 0.5942014440085468	 -0.0587804986624815	 0.1449195353494995	 -1.13818359375	 0.014404296875	 -2.282958984375	 0.13094302	 0.36980638	 -0.1756087	 0.9029169	 -16.701397	 6.5801096	 22.386757	 Scatto 30m	5	Braccio
203	 2854281101	 0.9931151548057415	 0.09273804227612364	 -0.015659394231859327	 0.06983357489238994	 1.273265573576631	 0.1781018037715453	 -0.11157592707375111	 -1.160888671875	 -0.10986328125	 -2.30517578125	 0.030520279	 0.38109317	 -0.11858627	 0.9163919	 -61.030582	 1.1738757	 37.821815	 Scatto 30m	5	Braccio
204	 2854297768	 0.9958441392405242	 0.06681047139270901	 -0.01823510032039755	 0.05914636395323439	 0.6568482710057473	 0.48737139321477607	 0.0736694208977102	 -1.18505859375	 -0.236083984375	 -2.2998046875	 -0.050678518	 0.3921336	 -0.08010649	 0.9150115	 -29.082077	 -30.82825	 15.318979	 Scatto 30m	5	Braccio
205	 2854314435	 0.9991461064573554	 0.007839676472294888	 -0.009326650931287619	 0.039479247793273366	 0.5153209295033461	 0.6913317566283805	 0.0758339752229884	 -1.2158203125	 -0.250244140625	 -2.285888671875	 -0.08953824	 0.39804372	 -0.08748379	 0.90878534	 -16.67001	 -46.037476	 7.5039463	 Scatto 30m	5	Braccio
206	 2854331102	 0.9993448584229219	 -0.023873386809712294	 0.009545709745588592	 0.025471450122772243	 0.31061249122180323	 0.3024385215360326	 0.09432809363921739	 -1.206787109375	 -0.19189453125	 -2.2900390625	 -0.100875564	 0.39049402	 -0.11892302	 0.9073014	 -6.5272703	 -22.387138	 3.0248566	 Scatto 30m	5	Braccio
207	 2854347769	 0.9997117513033908	 0.006277750528469128	 0.011355551313672224	 0.02020038634709798	 0.19987959707665717	 -0.007449949548703275	 0.19139106076533302	 -1.173583984375	 -0.160888671875	 -2.2998046875	 -0.11874747	 0.3785856	 -0.12071661	 0.90994483	 0.319101	 -4.4241915	 6.1937714	 Scatto 30m	5	Braccio
208	 2854364436	 0.9991243157653082	 0.038020466305018985	 0.010456031327449425	 0.013989896258832846	 0.04155967950002754	 -0.06406630376291826	 0.0585712047509776	 -1.154541015625	 -0.213134765625	 -2.307373046875	 -0.14303781	 0.36399433	 -0.09105297	 0.91583735	 0.3454272	 2.4115465	 -4.5770006	 Scatto 30m	5	Braccio
209	 2854381103	 0.9992002305120676	 0.03885223294322143	 -0.0024957809113734797	 0.009120000964862653	 -0.03373045299393539	 0.07255822882685756	 -0.11650040028299823	 -1.148193359375	 -0.289794921875	 -2.309814453125	 -0.16425312	 0.36093265	 -0.056999516	 0.9162422	 -2.6002204	 -3.0143728	 -17.299948	 Scatto 30m	5	Braccio
210	 2854397770	 0.9997413738206172	 0.021767822384411717	 -0.006555084459658044	 6.150183999955594E-4	 -0.011720114732083294	 0.22697726294291037	 -0.23801346095539508	 -1.169189453125	 -0.343994140625	 -2.2958984375	 -0.17162938	 0.36448765	 -0.034844674	 0.9145918	 -5.7159266	 -12.782085	 -23.735897	 Scatto 30m	5	Braccio
211	 2854414437	 0.9999951440801653	 -0.0012928823407862278	 0.0027626040179349475	 6.389760420588143E-4	 -0.06650913059275938	 0.29818808815344056	 -0.1442914290792151	 -1.1640625	 -0.35546875	 -2.30615234375	 -0.17021117	 0.36342368	 -0.035233174	 0.9152651	 1.9603543	 -15.995787	 -22.110003	 Scatto 30m	5	Braccio
212	 2854431104	 0.9998802082959228	 -0.014963628664237838	 0.0020259100196065726	 0.003399200478543307	 -0.10643994002209492	 0.20535120966737125	 -0.12909200670132018	 -1.16357421875	 -0.327880859375	 -2.30908203125	 -0.1662767	 0.36511314	 -0.048755236	 0.91469526	 2.5896943	 -9.912319	 -21.96242	 Scatto 30m	5	Braccio
213	 2854447771	 0.9997630502387962	 -0.021588445464511774	 -0.002326179291703652	 -0.001539899200208972	 -0.04797141974687806	 0.16398832783498551	 -0.11933882843425313	 -1.166015625	 -0.285888671875	 -2.3056640625	 -0.15550557	 0.37186673	 -0.06566943	 0.9128093	 -0.3145008	 -8.526685	 -18.953804	 Scatto 30m	5	Braccio
214	 2854464438	 0.9997279471150754	 -0.02094542405250338	 -0.00731718791740543	 -0.007195813318802258	 0.014275608883578837	 0.16047683273571522	 -0.07648288897455512	 -1.173828125	 -0.248291015625	 -2.303955078125	 -0.14000334	 0.3831686	 -0.079008944	 0.9095816	 -1.5284004	 -9.360029	 -14.7683115	 Scatto 30m	5	Braccio
215	 2854481105	 0.999687504271361	 -0.019368485009077285	 -0.010435427664293536	 -0.011868337778050466	 0.06744999438182495	 0.0923680519598143	 -0.06353630210672813	 -1.191650390625	 -0.2138671875	 -2.29296875	 -0.1209439	 0.39714864	 -0.08856311	 0.90542936	 -4.365508	 -6.39626	 -11.093587	 Scatto 30m	5	Braccio
216	 2854497772	 0.9996446031573115	 -0.016308053172255366	 -0.01170810763984057	 -0.01753952666653502	 0.09893583211940754	 0.0650258897737072	 -0.048551055372659135	 -1.216552734375	 -0.194580078125	 -2.29052734375	 -0.097937584	 0.41209933	 -0.09287138	 0.90108687	 -5.4646363	 -5.2549334	 -8.597612	 Scatto 30m	5	Braccio
217	 2854514439	 0.9995738586351233	 -0.013762091437677648	 -0.015847084584437336	 -0.020287333060938887	 0.13585510923248217	 0.12471907589901353	 0.03201415632836721	 -1.247802734375	 -0.182373046875	 -2.27734375	 -0.07375625	 0.43041885	 -0.09328633	 0.89476115	 -3.00888	 -9.423149	 -4.4966307	 Scatto 30m	5	Braccio
218	 2854531106	 0.9993647739372906	 -0.018877719810832305	 -0.026693527219345068	 -0.01418223933664764	 0.4271684931900137	 0.243199828326032	 0.13098932563466203	 -1.293212890625	 -0.168701171875	 -2.25244140625	 -0.053664636	 0.45769706	 -0.099940136	 0.88184226	 -8.90881	 -20.36993	 11.098862	 Scatto 30m	5	Braccio
219	 2854547773	 0.9984213390070006	 -0.04990759459732569	 -0.022301126535070163	 -0.012912070796107513	 0.9824450117434737	 0.06587102866669503	 0.12988935772084095	 -1.34619140625	 -0.104736328125	 -2.21875	 -0.019686442	 0.48160115	 -0.13432491	 0.8658116	 -27.446608	 -15.633757	 40.715454	 Scatto 30m	5	Braccio
220	 2854564440	 0.998243825997926	 -0.05020602236587712	 -0.02519714124432074	 -0.018807531691668433	 0.5348227168467661	 -0.05957056072027336	 0.3273074371556789	 -1.38623046875	 -0.02685546875	 -2.17578125	 0.019516364	 0.5074408	 -0.16553533	 0.8454119	 -0.26659864	 -5.8531847	 27.520893	 Scatto 30m	5	Braccio
221	 2854581107	 0.999502746128221	 -0.012921275450463676	 -0.027205200127488616	 -0.009336927165908728	 0.3593565639069683	 0.006560311059039703	 0.28952534914056116	 -1.444091796875	 4.8828125E-4	 -2.130615234375	 0.03152416	 0.5327602	 -0.16972062	 0.8284732	 4.331911	 -8.38831	 16.219526	 Scatto 30m	5	Braccio
222	 2854597774	 0.9999540762157372	 0.0030854138789989105	 -0.005962122675829685	 -0.006839500999727577	 0.19407199275920456	 -0.02894185377950409	 0.16004336926846421	 -1.46630859375	 -0.013916015625	 -2.114990234375	 0.03656574	 0.54005015	 -0.16119616	 0.8252422	 3.7944405	 -2.8302135	 4.623164	 Scatto 30m	5	Braccio
223	 2854614441	 0.9999578869000323	 0.002939070744061245	 0.0025982732205417085	 -0.008296702107164574	 0.06527923284263146	 -0.07256030406501497	 0.0744923451660795	 -1.46923828125	 -0.02490234375	 -2.1220703125	 0.044196147	 0.54030263	 -0.15172964	 0.8264974	 3.3395047	 2.3284323	 -3.67239	 Scatto 30m	5	Braccio
224	 2854631108	 0.9998525756462142	 -0.001849886654544608	 0.0013995552849229156	 -0.017013116645734072	 0.050891971427586946	 -0.06838487701423096	 0.044033793742751695	 -1.472412109375	 -0.0439453125	 -2.121337890625	 0.06130744	 0.54240686	 -0.14165922	 0.82581407	 2.043142	 2.8477192	 -5.246804	 Scatto 30m	5	Braccio
225	 2854647775	 0.9996958446729909	 -0.004569973099758651	 -0.0014778708359834136	 -0.024189861248360898	 0.052702326007832104	 -0.11649422013597405	 0.04957794564631099	 -1.480712890625	 -0.065185546875	 -2.121337890625	 0.085276484	 0.5473424	 -0.13017416	 0.82231325	 3.1218965	 5.6131744	 -4.6703954	 Scatto 30m	5	Braccio
226	 2854664442	 0.9997136713579141	 -0.009063285943710975	 -0.002461756707502955	 -0.02200845069276819	 0.031943928951276804	 -0.14969614949113497	 0.03821263387147458	 -1.4931640625	 -0.08544921875	 -2.117431640625	 0.10960609	 0.5519366	 -0.1237457	 0.8173368	 3.8144085	 7.8477125	 -6.1433897	 Scatto 30m	5	Braccio
227	 2854681109	 0.9997792602481709	 -0.016154567712201695	 9.380728411579332E-4	 -0.013400773820817282	 0.02161663749838341	 -0.15720793442670927	 0.020355052203657124	 -1.495361328125	 -0.081787109375	 -2.108642578125	 0.13103774	 0.5514989	 -0.12762101	 0.8138742	 3.5716124	 8.583069	 -7.4224267	 Scatto 30m	5	Braccio
228	 2854697776	 0.9997173902127275	 -0.02166166263869934	 0.007328870391531212	 -0.006496132446658726	 0.018236215096431304	 -0.17044079989518873	 0.039983140678523515	 -1.49560546875	 -0.063232421875	 -2.1103515625	 0.15049379	 0.5438955	 -0.13907848	 0.8137484	 5.303537	 8.781322	 -7.3048515	 Scatto 30m	5	Braccio
229	 2854714443	 0.9996725215893931	 -0.02185717343381316	 0.013177956250627232	 -0.0018587677760286971	 0.0010893666282088994	 -0.20317037679090116	 0.07368105127091004	 -1.4755859375	 -0.02783203125	 -2.11865234375	 0.16685903	 0.5304451	 -0.15243891	 0.8170365	 8.53368	 9.453045	 -7.3687334	 Scatto 30m	5	Braccio
230	 2854731110	 0.9997985365169821	 -0.011432517555770627	 0.016103037226582493	 0.003588330101456122	 -0.03882743256447963	 -0.23134701835234456	 0.08374406194784498	 -1.447021484375	 0.002685546875	 -2.1318359375	 0.17345262	 0.5151255	 -0.15980187	 0.8240288	 11.016514	 10.0656	 -8.996215	 Scatto 30m	5	Braccio
231	 2854747777	 0.9998257763928586	 0.00581387466275296	 0.013926975744210897	 0.010984310103207164	 -0.04360365602480683	 -0.21773005687562194	 0.08052644164827243	 -1.415283203125	 0.009521484375	 -2.150390625	 0.16450456	 0.50308746	 -0.15728398	 0.8337283	 10.7870245	 9.159798	 -9.051523	 Scatto 30m	5	Braccio
232	 2854764444	 0.9994519900899993	 0.02486135473138118	 0.0096324662347973	 0.0196175467450935	 0.015519251931128394	 -0.17796780254687122	 0.0765673463616758	 -1.389892578125	 0.0	 -2.171875	 0.13786748	 0.49592093	 -0.14399311	 0.8451751	 7.8216615	 7.7159667	 -5.903988	 Scatto 30m	5	Braccio
233	 2854781111	 0.9983567942143726	 0.049102312012299254	 0.007224340553138059	 0.028644079748179483	 0.30067008148275653	 -0.10121523399945026	 0.07734194650240059	 -1.364990234375	 -0.04296875	 -2.197265625	 0.09086408	 0.49166387	 -0.114818804	 0.8583862	 -2.5131512	 5.4484987	 8.838018	 Scatto 30m	5	Braccio
