2	 3030620366	 0.9995285357349388	 0.025066632880222317	 0.01331717196678506	 0.011705686584921299	 0.1181014812129633	 -0.06571225793648097	 0.013749571405617098	 -1.43701171875	 -1.061279296875	 -1.589111328125	 0.2398341	 -0.087590165	 -0.14306593	 -0.95621115	 -7.9004393	 0.7630194	 -7.958304	Scatto 10m	4	Braccio
3	 3030637033	 0.9990016436606788	 0.03384226153571607	 0.024960291137982763	 0.015079826382202179	 0.2269106255503321	 -0.01264495722124509	 -0.035577904274055945	 -1.44970703125	 -1.0634765625	 -1.56298828125	 0.25939545	 -0.062360145	 -0.16731167	 -0.94912183	 -12.414711	 -5.9206686	 -8.672144	Scatto 10m	4	Braccio
4	 3030653700	 0.99885166978239	 0.02952657232839584	 0.03447795195559384	 0.015322993454770034	 0.3105341853346617	 0.11207554421020247	 -0.06103068846509796	 -1.457275390625	 -1.06494140625	 -1.55029296875	 0.28020597	 -0.032507353	 -0.18563803	 -0.9412579	 -12.641042	 -15.471962	 -7.242282	Scatto 10m	4	Braccio
5	 3030670367	 0.9989412579212884	 0.012414322538164546	 0.04106644154498207	 0.016607082747572752	 0.41125199777785365	 0.2093738635591998	 -0.04187141875870523	 -1.464111328125	 -1.052734375	 -1.570556640625	 0.30258527	 -0.0027970385	 -0.18781817	 -0.93442965	 -13.820273	 -23.269318	 -3.4516711	Scatto 10m	4	Braccio
6	 3030687034	 0.9990738414521922	 -0.00570945093545383	 0.03830104733061491	 0.018758765134022082	 0.4546995888707076	 0.22143483120422722	 -0.04384759041521724	 -1.46435546875	 -1.0302734375	 -1.6240234375	 0.32607135	 0.01662769	 -0.17516045	 -0.92882717	 -14.443381	 -26.115753	 -3.722435	Scatto 10m	4	Braccio
7	 3030703701	 0.9993967675701035	 -0.018460412358760225	 0.024525860801177583	 0.01624180710186721	 0.46482385629138	 0.15420614113517436	 -0.07677589890868378	 -1.4736328125	 -0.99560546875	 -1.685302734375	 0.3444785	 0.018489879	 -0.15526016	 -0.925682	 -15.772135	 -25.148558	 -7.9701304	Scatto 10m	4	Braccio
8	 3030720368	 0.999948068418415	 -0.0013361641246091849	 0.009480659885338917	 0.003491735936661605	 0.31701912897577106	 0.029690336064776376	 -0.05463859980076911	 -1.473388671875	 -0.978759765625	 -1.7138671875	 0.34807807	 0.013482029	 -0.15549843	 -0.9243811	 -12.970645	 -14.387351	 -10.503716	Scatto 10m	4	Braccio
9	 3030737035	 0.9996839078430086	 0.02488601756459713	 4.869980131616547E-4	 -0.003540248923559392	 0.10115219617119264	 0.25520903104506437	 -0.19533094652966054	 -1.468505859375	 -0.996826171875	 -1.68701171875	 0.34350333	 0.013007553	 -0.1807571	 -0.9215006	 6.600698	 -18.134598	 -15.829292	Scatto 10m	4	Braccio
10	 3030753702	 0.9999562393231143	 0.00424099486970303	 -0.003182449320684067	 -0.007707491006215983	 -0.07404261941813679	 0.2557123577339238	 -0.2480811790888848	 -1.4599609375	 -1.01708984375	 -1.663818359375	 0.334369	 0.012617316	 -0.19185953	 -0.9226203	 15.275381	 -12.80424	 -18.723068	Scatto 10m	4	Braccio
11	 3030770369	 0.9997441110376308	 0.008212035307754162	 -0.01387577982144761	 -0.015866242656283395	 -0.04782455980558857	 0.027539223362275673	 -0.19024929220367107	 -1.44921875	 -1.035888671875	 -1.65234375	 0.31503043	 0.011764942	 -0.21050291	 -0.9253681	 5.1360993	 -3.3919413	 -19.979559	Scatto 10m	4	Braccio
12	 3030787036	 0.9992213548666158	 0.020954127168643366	 -0.022373740835651416	 -0.024839972909487473	 0.11179593353563166	 0.03599433748240059	 -0.04233915420201865	 -1.42626953125	 -1.072998046875	 -1.599609375	 0.2851068	 0.0063415077	 -0.23959094	 -0.92804646	 -3.7190301	 -6.4619875	 -10.535914	Scatto 10m	4	Braccio
13	 3030803703	 0.9991427728569191	 0.01770726756871205	 -0.02365090032289563	 -0.028996672860065912	 0.16458959050530375	 0.014992663425744217	 0.04891779258827863	 -1.39306640625	 -1.1171875	 -1.5322265625	 0.25091493	 -0.0051141707	 -0.26454043	 -0.9311467	 -8.223516	 -4.591402	 -5.541975	Scatto 10m	4	Braccio
14	 3030820370	 0.9991005508856423	 0.009499250466872278	 -0.017624698430020295	 -0.037379452454854634	 0.11546760420707192	 0.12956552587367318	 -0.10566721298267524	 -1.339599609375	 -1.155517578125	 -1.49462890625	 0.21043903	 -0.01374309	 -0.2790658	 -0.9368292	 -1.6404353	 -12.065599	 -10.411232	Scatto 10m	4	Braccio
15	 3030837037	 0.9986099690382464	 0.01928575859522008	 -0.031415669295443045	 -0.0376728678966542	 0.012635148479014709	 0.24011976182389674	 -0.1284175105018839	 -1.274169921875	 -1.197998046875	 -1.43359375	 0.1651821	 -0.03125382	 -0.3072461	 -0.9366632	 5.802362	 -15.24979	 -8.674419	Scatto 10m	4	Braccio
16	 3030853704	 0.9973733928519741	 0.011016945699683978	 -0.05453345750898123	 -0.046379350475270864	 0.2787892067930693	 0.5190678027565356	 -0.22886333743967546	 -1.20654296875	 -1.230712890625	 -1.37158203125	 0.102849856	 -0.06497555	 -0.33215833	 -0.93534553	 -4.9681363	 -36.380016	 -0.32452774	Scatto 10m	4	Braccio
17	 3030870371	 0.9965082053514112	 -0.007865787579794392	 -0.061215419846280955	 -0.05623342801308546	 0.388866421112503	 0.5619968562476124	 -0.1756686909067271	 -1.10498046875	 -1.264404296875	 -1.33837890625	 0.026924556	 -0.106663205	 -0.34341502	 -0.9327188	 -15.210375	 -35.375553	 7.785385	Scatto 10m	4	Braccio
18	 3030887038	 0.9966905948338287	 -0.02275724004560392	 -0.05565550565033318	 -0.054703115871961694	 0.44947573432464205	 0.255471877289764	 1.295579461496818E-4	 -0.996826171875	 -1.28076171875	 -1.361572265625	 -0.0474337	 -0.1471817	 -0.34014812	 -0.9275704	 -24.198336	 -10.621408	 6.4297504	Scatto 10m	4	Braccio
19	 3030903705	 0.9978133551603336	 -0.025804817210626607	 -0.03668167525262505	 -0.04854971032935985	 0.34590480229099785	 -0.11393715824590266	 0.17277347492707767	 -0.893798828125	 -1.28125	 -1.411865234375	 -0.108881466	 -0.17501271	 -0.32911262	 -0.9215206	 -16.402792	 15.709449	 -1.5008326	Scatto 10m	4	Braccio
20	 3030920372	 0.9995631156124268	 -0.008131055666387499	 -0.019334766582556204	 -0.020823799896424744	 0.08836795217400323	 -0.47012190324784603	 0.32996315115244534	 -0.84130859375	 -1.278076171875	 -1.442138671875	 -0.13495049	 -0.19599761	 -0.32438874	 -0.9155027	 5.4190025	 34.340626	 -12.465107	Scatto 10m	4	Braccio
21	 3030937039	 0.9997767616813632	 0.01530714670209482	 -0.011322554495330761	 0.009160667086382192	 -0.03349600477452508	 -0.4002318542287718	 0.3812046818661688	 -0.84130859375	 -1.278564453125	 -1.41943359375	 -0.1263834	 -0.21415275	 -0.32877022	 -0.91108507	 14.880398	 29.698416	 -9.190465	Scatto 10m	4	Braccio
22	 3030953706	 0.9990320210819137	 0.031186588972525575	 0.003249768632931083	 0.03085217212901023	 0.07751539972313086	 -0.2581006192509434	 0.24926503863179597	 -0.898193359375	 -1.28515625	 -1.3603515625	 -0.09069708	 -0.22164793	 -0.34384042	 -0.90797585	 4.336057	 21.497562	 -7.7689285	Scatto 10m	4	Braccio
23	 3030970373	 0.9982223926183119	 0.03710106712479061	 0.01913184810495955	 0.04253866572500104	 0.2722381163826255	 -0.17563768808038369	 0.21087652989896366	 -0.977294921875	 -1.286376953125	 -1.284423828125	 -0.037643958	 -0.21937984	 -0.3645463	 -0.9041911	 -8.512729	 20.350822	 -2.6505504	Scatto 10m	4	Braccio
24	 3030987040	 0.9974325615512679	 0.03355452877120335	 0.035349292510361556	 0.052467192370427296	 0.38153800049090764	 -0.11272411803921274	 0.14871026687364974	 -1.082763671875	 -1.2666015625	 -1.224609375	 0.030191043	 -0.207946	 -0.37996575	 -0.90081805	 -17.441326	 15.805974	 -0.04814148	Scatto 10m	4	Braccio
25	 3031003707	 0.9964210246486034	 0.02850125267406156	 0.05347888168426407	 0.058930717355526525	 0.4331534127382426	 -0.11467416052307135	 0.08544098869987811	 -1.20751953125	 -1.234619140625	 -1.191650390625	 0.1100389	 -0.18428808	 -0.3869979	 -0.89675087	 -23.25908	 11.103138	 -0.60507965	Scatto 10m	4	Braccio
26	 3031020374	 0.9950204141260578	 0.022911446020865645	 0.07293196925753727	 0.06395599247810096	 0.6773152571898393	 -0.053040461167210284	 0.042901448044881996	 -1.338134765625	 -1.179443359375	 -1.1982421875	 0.20026472	 -0.14632064	 -0.38235608	 -0.89010584	 -37.09872	 1.7980437	 7.176111	Scatto 10m	4	Braccio
27	 3031037041	 0.9940860189491459	 0.013058968370620982	 0.08818803079225575	 0.06201065634161141	 0.866012494423922	 0.11668592704010358	 0.04409028008795399	 -1.4580078125	 -1.103759765625	 -1.265625	 0.29143432	 -0.098432735	 -0.36113077	 -0.88031906	 -41.400948	 -15.069691	 18.730482	Scatto 10m	4	Braccio
28	 3031053708	 0.9936090552093535	 -8.756715912355828E-5	 0.09587119493442754	 0.05957979288159443	 0.9510120539036222	 0.21481847756949127	 0.003439142925596786	 -1.552490234375	 -1.024169921875	 -1.390869140625	 0.378081	 -0.048843585	 -0.32156235	 -0.86675644	 -37.999714	 -32.137905	 20.9304	Scatto 10m	4	Braccio
29	 3031070375	 0.9940854467035076	 -0.009146638311402222	 0.09419909152082412	 0.053263447283663674	 0.9176416673078551	 0.20680829695198327	 -0.07486040560244026	 -1.601318359375	 -0.94384765625	 -1.54052734375	 0.45278537	 -0.003346055	 -0.2716803	 -0.8492139	 -29.35893	 -42.953217	 12.514538	Scatto 10m	4	Braccio
30	 3031087042	 0.9949572814200927	 -0.0025219974840548776	 0.09088379992838348	 0.04235307059005769	 0.7990972163367979	 0.18314242455563984	 -0.1121542429348633	 -1.603515625	 -0.86376953125	 -1.6923828125	 0.51168317	 0.0452403	 -0.22718957	 -0.82735646	 -18.057854	 -44.496613	 2.7846928	Scatto 10m	4	Braccio
31	 3031103709	 0.9967214918815881	 0.010590127370517982	 0.07671947506265987	 0.0234145034055326	 0.6967128154724556	 0.1929221955908078	 -0.20451544146334627	 -1.562744140625	 -0.830078125	 -1.80078125	 0.5468126	 0.09447802	 -0.19952172	 -0.8076267	 -6.5381994	 -44.57488	 -8.294198	Scatto 10m	4	Braccio
32	 3031120376	 0.9986593060273853	 0.014347464280510536	 0.0494584367691689	 -0.0052539305258897245	 0.5295607032190659	 0.144874869803115	 -0.5097046387236517	 -1.50048828125	 -0.83447265625	 -1.8720703125	 0.5508795	 0.13183385	 -0.1882833	 -0.80231	 6.0966835	 -39.21424	 -30.917501	Scatto 10m	4	Braccio
33	 3031137043	 0.9997157265109734	 -0.0026221665784515458	 0.013964828925720874	 -0.019146121334274974	 -0.042464478721189844	 0.650227198584701	 -1.0234263518042759	 -1.448486328125	 -0.868408203125	 -1.888427734375	 0.53853554	 0.13782983	 -0.18304971	 -0.8108486	 58.986073	 -20.615398	 -47.15686	Scatto 10m	4	Braccio
34	 3031153710	 0.9994285189548981	 -0.028858973335524257	 -0.017486479286410787	 -0.0020045447872704403	 -0.45219214848679024	 0.300458128433871	 -0.6854532598562435	 -1.44482421875	 -0.83837890625	 -1.929443359375	 0.53631914	 0.11372801	 -0.18052787	 -0.81660134	 43.05546	 12.338388	 -37.133156	Scatto 10m	4	Braccio
35	 3031170377	 0.9961147929360867	 0.06110187095542857	 -0.061001871948596915	 -0.017339327507436945	 -0.12178630476403221	 -0.2938854330572591	 -0.3673674409229293	 -1.4951171875	 -0.89013671875	 -1.8125	 0.4989999	 0.11085751	 -0.2695182	 -0.816131	 -2.6881318	 9.104995	 -37.381466	Scatto 10m	4	Braccio
36	 3031187044	 0.9922414605591178	 0.09505342368054381	 -0.0710823958195473	 -0.03700031889955793	 0.2635367961657388	 -0.08517218279785481	 -0.4306792338691106	 -1.5078125	 -1.012939453125	 -1.57763671875	 0.43205968	 0.115864575	 -0.37978524	 -0.80973035	 0.60159963	 -20.510729	 -32.677765	Scatto 10m	4	Braccio
37	 3031203711	 0.995055465005805	 0.07587541637346534	 -0.058469673904470776	 -0.026245761290906392	 0.5139790199721287	 0.19916227346336945	 -0.25784157693433274	 -1.487548828125	 -1.088134765625	 -1.354248046875	 0.3752028	 0.11351541	 -0.46521354	 -0.7936711	 -3.1804652	 -36.29168	 -7.375602	Scatto 10m	4	Braccio
38	 3031220378	 0.9980871492828853	 0.05361535034762732	 -0.02907638121839146	 -0.010099539529471235	 0.48460673330802645	 0.20597812808271462	 0.1284173258411047	 -1.465087890625	 -1.108642578125	 -1.201171875	 0.34552902	 0.11466686	 -0.52166826	 -0.77157223	 -18.208813	 -18.676455	 9.606266	Scatto 10m	4	Braccio
39	 3031237045	 0.9981604350421399	 0.026192661464509853	 -0.053039323016610025	 -0.013286106119979437	 -0.09040752710484692	 0.2759768412714635	 -0.13177266896347242	 -1.4384765625	 -1.112060546875	 -1.101318359375	 0.304283	 0.08594381	 -0.56131166	 -0.76482326	 15.135893	 -5.6923413	 0.41584873	Scatto 10m	4	Braccio
40	 3031253712	 0.9931592398465436	 -0.015034130579791943	 -0.1133474943113232	 -0.023686383398274446	 -0.055614187890626166	 1.047289747258208	 -0.3583777786068387	 -1.367919921875	 -1.129638671875	 -0.98876953125	 0.21985129	 0.008110591	 -0.58184963	 -0.78297573	 35.91953	 -26.690317	 39.372784	Scatto 10m	4	Braccio
41	 3031270379	 0.9898616775775768	 -0.06695877447591492	 -0.10815962247875954	 -0.06318130933465345	 0.6842402418457552	 0.9171094992918046	 -0.8142890213886775	 -1.2001953125	 -1.20849609375	 -1.012451171875	 0.10107065	 -0.04808173	 -0.5519901	 -0.82630485	 -6.0223036	 -70.88123	 35.350063	Scatto 10m	4	Braccio
42	 3031287046	 0.9954053977210056	 -0.022297997886179727	 -0.06830541054851864	 -0.06328715800186452	 0.7991367913516101	 -1.3347651209677514E-4	 -0.3667706209879018	 -1.030029296875	 -1.2548828125	 -1.048828125	 0.0061247824	 -0.06874606	 -0.5503589	 -0.8320708	 -46.026497	 -25.76529	 -8.861123	Scatto 10m	4	Braccio
43	 3031303713	 0.9955237260747141	 -0.00684069191694342	 -0.07684506484977165	 -0.05459442979507551	 0.5775745800181995	 0.1827051847358742	 0.13227323252758869	 -0.8828125	 -1.264892578125	 -1.0400390625	 -0.081727386	 -0.107300594	 -0.55513924	 -0.82074827	 -32.284008	 5.6280417	 7.796505	Scatto 10m	4	Braccio
44	 3031320380	 0.9939907116974055	 -0.05950812264982197	 -0.07210823190502992	 -0.05693550113514001	 0.6126195516464723	 -0.12400909112542971	 0.21091138701910847	 -0.728759765625	 -1.272216796875	 -1.15673828125	 -0.17279533	 -0.13697803	 -0.5096812	 -0.8316274	 -31.84132	 23.480148	 -8.657471	Scatto 10m	4	Braccio
45	 3031337047	 0.9984870652457271	 -0.02933393827802161	 -0.026555962475801505	 -0.03818221390988636	 0.2667367328560718	 -0.8972215255038472	 0.5984139504127289	 -0.6240234375	 -1.25830078125	 -1.2685546875	 -0.21917042	 -0.14429037	 -0.4888489	 -0.8319685	 7.4799423	 58.120186	 -41.58236	Scatto 10m	4	Braccio
46	 3031353714	 0.9998541540777863	 0.013006215870635052	 -0.010802431391983726	 0.0024117209917821625	 -0.15476174462777587	 -0.3364528141357232	 0.3683368032858256	 -0.60546875	 -1.253662109375	 -1.25390625	 -0.21878971	 -0.16343124	 -0.49402526	 -0.8254456	 22.507423	 20.526154	 -17.173077	Scatto 10m	4	Braccio
47	 3031370381	 0.9995419406667798	 0.0036433712672130913	 0.00924063045725502	 0.02858750500917179	 -0.1750399759914053	 -0.3777196170851841	 0.28802207565291	 -0.64404296875	 -1.26513671875	 -1.24072265625	 -0.19025253	 -0.17134209	 -0.48985812	 -0.8333577	 21.85903	 16.95199	 -22.357195	Scatto 10m	4	Braccio
48	 3031387048	 0.9977512017921559	 0.0223598946086756	 0.026916572849681315	 0.0571670581841105	 0.23616196564954328	 -0.5058150214054137	 0.37132065613506005	 -0.748046875	 -1.280517578125	 -1.202392578125	 -0.12683411	 -0.17776714	 -0.49818432	 -0.8391213	 2.7902987	 37.365204	 -24.448772	Scatto 10m	4	Braccio
49	 3031403715	 0.9961476190698593	 0.027010254134914036	 0.04507832075816161	 0.07020193865301734	 0.4338812915426793	 -0.2086786289180143	 0.271809104422814	 -0.904296875	 -1.280029296875	 -1.133056640625	 -0.0412764	 -0.17480762	 -0.50638044	 -0.8433965	 -16.218063	 28.921028	 -8.852625	Scatto 10m	4	Braccio
50	 3031420382	 0.9948805045555674	 0.0014275012838161905	 0.06904373473717924	 0.07378147863038664	 0.46690036802768364	 -0.059219819065360196	 0.1225706337783409	 -1.070068359375	 -1.26123046875	 -1.13427734375	 0.05651477	 -0.15272188	 -0.48878288	 -0.8570726	 -24.109446	 14.683823	 -2.4243536	Scatto 10m	4	Braccio
51	 3031437049	 0.9927929040594323	 -0.006103576341436157	 0.08330459500328892	 0.08593800356315674	 0.7672607093529586	 -0.07424716345704571	 0.09318122728760228	 -1.2548828125	 -1.21240234375	 -1.1953125	 0.17048039	 -0.124913804	 -0.45625103	 -0.8643889	 -43.413216	 9.345775	 4.265794	Scatto 10m	4	Braccio
53	 3031470383	 0.9736425069902195	 -0.024067374067213876	 0.17482292142645756	 0.1444921320737841	 1.9187596188721796	 0.5737805191409353	 -0.046745373526819844	 -1.520263671875	 -1.04541015625	 -1.427978515625	 0.37076938	 -0.05738983	 -0.36292335	 -0.8529499	 -33.40692	 -27.942068	 27.694603	Scatto 10m	4	Braccio
54	 3031487050	 0.994174563536162	 -0.016222645419918164	 0.0864247037516327	 0.06232602646329943	 0.8024329524638822	 0.19291404619474622	 0.09010981875361646	 -1.5791015625	 -0.9482421875	 -1.578857421875	 0.45313156	 -0.023013372	 -0.30750483	 -0.8364108	 -27.12707	 -30.041607	 19.217552	Scatto 10m	4	Braccio
55	 3031503717	 0.9946899991020383	 0.0068240304224832515	 0.089681052353092	 0.05002546495558225	 0.8806471680950134	 0.24536103397332654	 -0.06003197274343359	 -1.58642578125	 -0.86279296875	 -1.7138671875	 0.52072877	 0.02925229	 -0.26736438	 -0.8102484	 -18.541304	 -46.930077	 11.989759	Scatto 10m	4	Braccio
56	 3031520384	 0.9966168585964827	 0.02059216825849325	 0.07572053640233635	 0.02443767858522858	 0.8378029436063061	 0.3206805131849332	 -0.2793541411866652	 -1.550048828125	 -0.8310546875	 -1.811279296875	 0.55876225	 0.084430054	 -0.2443369	 -0.7880076	 -1.5590501	 -55.935345	 -2.9765925	Scatto 10m	4	Braccio
57	 3031537051	 0.9987089413436547	 0.029127255677397906	 0.04079521787847973	 -0.008234297492028054	 0.3443042716825204	 0.5010650028323039	 -0.565497564531168	 -1.4951171875	 -0.86181640625	 -1.851318359375	 0.5595069	 0.12580858	 -0.24649425	 -0.7812585	 31.336584	 -36.846333	 -21.734386	Scatto 10m	4	Braccio
58	 3031553718	 0.9998098503724164	 -0.0072672441615494465	 0.009765235127659202	 -0.015234514875253072	 -0.22428143937616132	 0.6872449199632913	 -0.8897811353638353	 -1.451416015625	 -0.887451171875	 -1.86279296875	 0.5505417	 0.12875128	 -0.23926139	 -0.78935474	 63.286232	 -11.226711	 -34.311142	Scatto 10m	4	Braccio
59	 3031570385	 0.999339736977323	 -0.01971828655401847	 -0.028699729349071727	 -0.010373273772469356	 -0.5296995331021398	 0.27740846721710977	 -0.526342576074311	 -1.455322265625	 -0.870849609375	 -1.879150390625	 0.53613335	 0.1002111	 -0.24608868	 -0.8012236	 39.862648	 17.33933	 -29.679108	Scatto 10m	4	Braccio
60	 3031587052	 0.9950084065698208	 0.06354640404253259	 -0.07341450212930918	 -0.023031202004129947	 -0.09088919281878684	 -0.23495016046074813	 -0.48123067064865976	 -1.500732421875	 -0.937255859375	 -1.730712890625	 0.48763332	 0.08684817	 -0.33917856	 -0.7997682	 3.5973454	 0.8095038	 -42.193497	Scatto 10m	4	Braccio
61	 3031603719	 0.9931821667775922	 0.07447035378496164	 -0.08124084275083349	 -0.03799046553076319	 0.3056761888989694	 -0.0465353326430195	 -0.4945898658428409	 -1.50732421875	 -1.041015625	 -1.50048828125	 0.41674092	 0.07533976	 -0.43682918	 -0.79361916	 2.8898995	 -28.20922	 -30.323017	Scatto 10m	4	Braccio
62	 3031620386	 0.9965250967621275	 0.04902446032974933	 -0.0599821064109819	 -0.030601972536269895	 0.38090785929362014	 0.05830020182630359	 -0.34748024694573526	 -1.47705078125	 -1.101318359375	 -1.3212890625	 0.3582438	 0.06437544	 -0.5010988	 -0.78512245	 -2.4073203	 -30.744135	 -14.076237	Scatto 10m	4	Braccio
63	 3031637053	 0.9986239897642557	 0.019728673688865883	 -0.0438342473928306	 -0.02096342665935103	 0.41424340518106184	 0.0016999657903210286	 0.0949489933991398	 -1.434326171875	 -1.126953125	 -1.2138671875	 0.3157395	 0.04894597	 -0.53460896	 -0.78237224	 -20.87936	 -11.333132	 -0.54924583	Scatto 10m	4	Braccio
64	 3031653720	 0.9986045141422369	 0.022677287515265987	 -0.04118082033462495	 -0.024060444764473388	 0.25715968554627466	 0.2848145921697697	 -0.057320111975947385	 -1.392822265625	 -1.14892578125	 -1.14306640625	 0.27219778	 0.03596088	 -0.56650996	 -0.77696973	 -3.2978375	 -14.988905	 7.6902485	Scatto 10m	4	Braccio
65	 3031670387	 0.9936640536436776	 -0.016383111440418402	 -0.10877632218608849	 -0.023044606475565724	 -0.11883559461416393	 1.150339156448875	 -0.06829799572779646	 -1.31689453125	 -1.167724609375	 -1.044921875	 0.1902449	 -0.04081628	 -0.5819655	 -0.78959316	 33.989147	 -14.301421	 49.10665	Scatto 10m	4	Braccio
66	 3031687054	 0.9909002009489286	 -0.08102083254239184	 -0.08977073117255673	 -0.05910695625943829	 0.5186409951525539	 0.8847623525009061	 -0.9219120659749577	 -1.181640625	 -1.23583984375	 -1.117431640625	 0.08340343	 -0.089407735	 -0.53565836	 -0.8355359	 -1.7718515	 -72.58656	 29.859379	Scatto 10m	4	Braccio
67	 3031703721	 0.9970261147283753	 -0.01432009857743366	 -0.04931613263257837	 -0.05746112066901538	 0.8197736246759282	 -0.22330530882411975	 -0.2469884377048542	 -1.04248046875	 -1.268798828125	 -1.158447265625	 0.004590611	 -0.09877235	 -0.5376943	 -0.8373219	 -51.72651	 -10.223231	 -15.985928	Scatto 10m	4	Braccio
68	 3031720388	 0.9959903147170435	 5.355036002498426E-4	 -0.07793373331769037	 -0.043924246571862946	 0.4193830921624795	 0.06250275551909161	 0.05021982333338759	 -0.91943359375	 -1.2822265625	 -1.1376953125	 -0.074723125	 -0.14263244	 -0.5460544	 -0.8221298	 -23.689203	 3.743257	 -0.8060484	Scatto 10m	4	Braccio
69	 3031737055	 0.9966796286136652	 -0.04212329067716891	 -0.059760543647204956	 -0.03583327660211539	 0.682042299122656	 -0.21105103390340366	 0.009744984472349977	 -0.82666015625	 -1.2841796875	 -1.198486328125	 -0.14269967	 -0.17218256	 -0.5146019	 -0.8277529	 -39.057163	 16.900894	 -14.729302	Scatto 10m	4	Braccio
70	 3031753722	 0.9975531022139282	 -0.055586316732586405	 -0.033254459654160885	 -0.026307994385401656	 0.032439255857257474	 -0.6560137430238207	 0.6098657620314665	 -0.751708984375	 -1.27880859375	 -1.33349609375	 -0.18999682	 -0.18386976	 -0.47041473	 -0.84190446	 16.17759	 46.977406	 -30.388535	Scatto 10m	4	Braccio
71	 3031770389	 0.9996590679817894	 -0.013562124875800663	 -0.014845078324813342	 0.016656536859851415	 -0.10645796051239034	 -0.641049457113052	 0.35663127857451205	 -0.762939453125	 -1.277099609375	 -1.381591796875	 -0.18516524	 -0.20510587	 -0.45274845	 -0.8477407	 21.44763	 31.018505	 -33.387886	Scatto 10m	4	Braccio
72	 3031787056	 0.9989841907458517	 -1.3083919717438164E-5	 0.006836241962349444	 0.04454045649181465	 0.04206638043290537	 -0.5964932175697581	 0.5198737625686503	 -0.83740234375	 -1.283203125	 -1.389892578125	 -0.14451452	 -0.22021638	 -0.44240853	 -0.8572603	 18.508434	 41.58354	 -23.540695	Scatto 10m	4	Braccio
73	 3031803723	 0.997123924631779	 0.02723681283019308	 0.027826258211518184	 0.06502102973436504	 0.4032982077181615	 -0.22573076690151975	 0.3580808066410318	 -0.96044921875	 -1.28173828125	 -1.3505859375	 -0.07061521	 -0.22746646	 -0.45056453	 -0.8603862	 -9.299921	 33.250828	 -3.6139588	Scatto 10m	4	Braccio
74	 3031820390	 0.9964058058809353	 0.029213278488101346	 0.04619582097753853	 0.06471476254265007	 0.36249624344667697	 -0.05769100754645538	 0.12303654029783438	 -1.09521484375	 -1.264404296875	 -1.293212890625	 0.012711171	 -0.21774983	 -0.4583962	 -0.86156636	 -16.217932	 14.511897	 -1.6953802	Scatto 10m	4	Braccio
75	 3031837057	 0.9958992093951434	 0.017063071718877998	 0.05788712969526253	 0.06739952911770665	 0.4262638670484014	 -0.18825278226088996	 0.08365647278536706	 -1.22607421875	 -1.227294921875	 -1.290771484375	 0.10117517	 -0.19819455	 -0.451858	 -0.8638906	 -23.806456	 15.049974	 -6.1227307	Scatto 10m	4	Braccio
76	 3031853724	 0.99436674319714	 0.028454003171095976	 0.06860355779177414	 0.07562209720288726	 0.740003417010806	 -0.16493470113504252	 0.010271034798114448	 -1.3662109375	 -1.161865234375	 -1.30029296875	 0.20314537	 -0.17080936	 -0.4478379	 -0.85381365	 -43.266693	 6.2613373	 2.774211	Scatto 10m	4	Braccio
77	 3031870391	 0.9941140853734763	 0.029906597600182716	 0.07785778589064735	 0.0691443841410372	 0.9934751668060882	 0.13562931322841443	 -0.0024894907562783147	 -1.48828125	 -1.08251953125	 -1.333984375	 0.30221468	 -0.13240986	 -0.4384375	 -0.8360064	 -46.755047	 -16.07842	 24.460339	Scatto 10m	4	Braccio
78	 3031887058	 0.9947106553055991	 0.0013283812771289483	 0.08253973055876708	 0.06112397650655921	 0.9241647246683347	 0.3491311710272898	 -0.05579274720129932	 -1.573486328125	 -1.0009765625	 -1.42919921875	 0.3895328	 -0.09596484	 -0.39953393	 -0.82427406	 -29.596138	 -33.456028	 29.294361	Scatto 10m	4	Braccio
79	 3031903725	 0.9943108552848136	 -0.017411178767680113	 0.08670934655357755	 0.05936550460455892	 0.8268611081234412	 0.27630237708948546	 -0.11673890853287412	 -1.621337890625	 -0.90234375	 -1.586181640625	 0.47007087	 -0.062655576	 -0.33984143	 -0.8121672	 -20.21342	 -39.364594	 18.943888	Scatto 10m	4	Braccio
80	 3031920392	 0.9961444421683406	 -0.009849734103780428	 0.07601828416289409	 0.04266677335046154	 0.8815412932903501	 0.35953660497027645	 -0.2726864840136516	 -1.61962890625	 -0.815673828125	 -1.731201171875	 0.52842605	 -0.028770896	 -0.28996667	 -0.79740685	 -7.91449	 -55.05229	 11.096502	Scatto 10m	4	Braccio
81	 3031937059	 0.9985329325901295	 -0.004490338987484965	 0.05025489741222827	 0.0196536173469315	 0.5237602740755819	 0.4069904942406501	 -0.33730201138507193	 -1.5888671875	 -0.766845703125	 -1.836181640625	 0.5576465	 -0.0061027	 -0.25921056	 -0.7885448	 12.414716	 -42.58434	 -4.733495	Scatto 10m	4	Braccio
82	 3031953726	 0.999033621535369	 0.036363955454198515	 0.019127484890850813	 -0.015608494719236532	 0.05105669699793623	 0.5273647709574117	 -0.43790862157781435	 -1.55517578125	 -0.798828125	 -1.845458984375	 0.54971814	 0.025728483	 -0.2799747	 -0.7866144	 33.9886	 -21.483137	 -18.986359	Scatto 10m	4	Braccio
83	 3031970393	 0.9992919444876964	 0.025739516897517967	 0.004330675363291737	 -0.027098564588902394	 -0.3175568203995045	 0.6036450637747242	 -0.6231235237997981	 -1.518798828125	 -0.8720703125	 -1.81298828125	 0.52774316	 0.047089696	 -0.30161345	 -0.7926534	 51.293877	 -7.552959	 -29.419275	Scatto 10m	4	Braccio
84	 3031987060	 0.998797185316283	 0.029036978814480058	 -0.031804179158742236	 -0.023442070165337885	 -0.3945794499839431	 0.060614208644059545	 -0.36691076520786037	 -1.501708984375	 -0.92333984375	 -1.76025390625	 0.495756	 0.0448203	 -0.34565213	 -0.79545075	 22.100176	 9.919615	 -31.527138	Scatto 10m	4	Braccio
85	 3032003727	 0.9959421879643564	 0.05991720618841545	 -0.06229566494216393	 -0.02506664646017043	 -0.1260309185813987	 -0.18348127155082727	 -0.5240954159764906	 -1.5126953125	 -1.000732421875	 -1.60302734375	 0.44715503	 0.035764836	 -0.42608693	 -0.78563553	 8.753139	 -6.904065	 -42.106365	Scatto 10m	4	Braccio
86	 3032020394	 0.995942348720158	 0.05047112205333709	 -0.07274740203928905	 -0.0161033959457742	 0.2649448167826654	 -0.10973065270296369	 -0.47581506433625453	 -1.5185546875	 -1.05322265625	 -1.403564453125	 0.3972445	 0.010228376	 -0.49961844	 -0.7697232	 -1.2870795	 -28.378275	 -27.248676	Scatto 10m	4	Braccio
87	 3032037061	 0.9978433902434465	 0.010857447996952319	 -0.06284187760492695	 -0.015542933749645662	 0.41443396083446293	 -0.12369456351655309	 -0.3218633956028178	 -1.504150390625	 -1.07861328125	 -1.27880859375	 0.35047176	 -0.024649775	 -0.5353881	 -0.7680636	 -13.452463	 -28.83058	 -15.656307	Scatto 10m	4	Braccio
88	 3032053728	 0.9989783554243243	 -0.009574277924088465	 -0.03683407215023172	 -0.02436862172500054	 0.4548596021096153	 0.1943662652380638	 0.07886415310716513	 -1.46875	 -1.104736328125	 -1.242431640625	 0.30955738	 -0.04307754	 -0.5445747	 -0.7783041	 -15.600645	 -11.951614	 12.924873	Scatto 10m	4	Braccio
91	 3032103729	 0.9681576934584355	 -0.06791781295545743	 -0.20022439357854369	 -0.1340449308877215	 1.3741484241157575	 1.5700457962348182	 -0.6351964023396364	 -1.20263671875	 -1.233154296875	 -1.185791015625	 0.07573027	 -0.14038652	 -0.5520755	 -0.81839424	 -75.03569	 -30.321747	 -13.369601	Scatto 10m	4	Braccio
92	 3032120396	 0.9964761139151468	 -6.854757649409904E-4	 -0.057626748879728885	 -0.06094294325921229	 0.34363556394986633	 0.15227186699038042	 0.1696572050787049	 -1.068115234375	 -1.2685546875	 -1.162109375	 -0.00758784	 -0.15468279	 -0.56673014	 -0.8092173	 -15.461968	 6.7691817	 8.278896	Scatto 10m	4	Braccio
93	 3032137063	 0.9966678759564669	 -0.021395752612537622	 -0.06547482056740836	 -0.04368540578080377	 0.4724207054370397	 0.17900213769207496	 -0.20825844476983868	 -0.947998046875	 -1.281494140625	 -1.166015625	 -0.08426222	 -0.18366735	 -0.5570865	 -0.8054941	 -28.413301	 -9.849347	 3.2452965	Scatto 10m	4	Braccio
94	 3032153730	 0.9973737911184672	 -0.05756848564226458	 -0.03425356781821395	 -0.027533313323231945	 0.2704698295296833	 -0.5167709918491581	 0.203776814871378	 -0.8701171875	 -1.29052734375	 -1.283203125	 -0.13639772	 -0.19304085	 -0.5148064	 -0.82407844	 -12.401986	 27.318586	 -31.585915	Scatto 10m	4	Braccio
95	 3032170397	 0.9989920129750169	 -0.03223517079715482	 -0.030403787434795732	 -0.007173666107482769	 -0.008905097835789591	 -0.5416154349740891	 0.2663868379102682	 -0.84228515625	 -1.285400390625	 -1.36767578125	 -0.16436327	 -0.21252201	 -0.48696133	 -0.8310763	 8.512525	 26.491005	 -32.99672	Scatto 10m	4	Braccio
96	 3032187064	 0.9996184225415563	 -0.013795749702042726	 -0.007818162051068252	 0.02261775735638555	 -0.09176752235252165	 -0.664238672762364	 0.356676036264424	 -0.868408203125	 -1.2861328125	 -1.40087890625	 -0.15275697	 -0.22953217	 -0.4699166	 -0.8385456	 18.231419	 31.978607	 -36.673416	Scatto 10m	4	Braccio
97	 3032203731	 0.9986539069075062	 -0.006626408589067545	 0.007211033581091514	 0.050935900132197294	 0.27864792341978006	 -0.5808566081002857	 0.3845466308363619	 -0.96142578125	 -1.275634765625	 -1.417236328125	 -0.10871069	 -0.24669863	 -0.45256212	 -0.85000557	 -0.59146804	 42.332355	 -25.112843	Scatto 10m	4	Braccio
98	 3032220398	 0.9976233812716269	 0.014305921482220152	 0.026278315900334335	 0.06206754275910348	 0.39267832909979633	 -0.13762645288750158	 0.31694823293368396	 -1.07763671875	 -1.258544921875	 -1.40673828125	 -0.04066513	 -0.2538883	 -0.44937775	 -0.8555389	 -10.596142	 27.848509	 0.03998661	Scatto 10m	4	Braccio
99	 3032237065	 0.9970850959242368	 0.01586998999798056	 0.0383420424429066	 0.06402610939707117	 0.32009411748425753	 -0.039653839700995425	 0.1712403454331392	 -1.2021484375	 -1.230712890625	 -1.3935546875	 0.035384268	 -0.25043955	 -0.4446124	 -0.8592718	 -12.179301	 14.745794	 0.8769064	Scatto 10m	4	Braccio
100	 3032253732	 0.9963348005633228	 0.021890558072670818	 0.04875019927737274	 0.06679211573327426	 0.3983537508111196	 -0.1959479431679446	 0.11717444868714849	 -1.318603515625	 -1.1796875	 -1.3935546875	 0.11979078	 -0.23738338	 -0.44095093	 -0.8572407	 -21.349241	 16.411741	 -4.002876	Scatto 10m	4	Braccio
101	 3032270399	 0.9946561023912709	 0.03910363150524079	 0.06312275661302719	 0.07173326687444677	 0.7091668867820098	 -0.02249589859158982	 0.0884985903571826	 -1.43212890625	 -1.113525390625	 -1.388427734375	 0.21797517	 -0.21023817	 -0.4448238	 -0.8428633	 -35.373146	 5.1322494	 13.912058	Scatto 10m	4	Braccio
102	 3032287066	 0.994600283335694	 0.03421797945523161	 0.07598317918278209	 0.06185436728183302	 0.9507207029739371	 0.16295325123601254	 0.036502949263240936	 -1.527099609375	 -1.041015625	 -1.4208984375	 0.3104185	 -0.16752136	 -0.43868357	 -0.826519	 -40.507076	 -13.613246	 29.277248	Scatto 10m	4	Braccio
103	 3032303733	 0.9948941040213826	 0.013811655192476319	 0.086317110002483	 0.05044121811726777	 0.9325913096246912	 0.3297957217960604	 -0.06281965839212195	 -1.580810546875	 -0.97265625	 -1.508544921875	 0.39127138	 -0.11703135	 -0.4095872	 -0.81575054	 -28.577198	 -32.077545	 31.309914	Scatto 10m	4	Braccio
104	 3032320400	 0.9954149886822035	 -0.004946746896342558	 0.08501348906956814	 0.04355728042670537	 0.8577552867898325	 0.34771197625080486	 -0.22768603521095432	 -1.593505859375	 -0.905517578125	 -1.650634765625	 0.4595277	 -0.07183671	 -0.3629653	 -0.80742186	 -16.919205	 -45.755604	 20.029444	Scatto 10m	4	Braccio
105	 3032337067	 0.997307527374337	 -0.019359914931221495	 0.062280653231250926	 0.033526254927005596	 0.6782156565449667	 0.42907190302682113	 -0.37347353676790107	 -1.576416015625	 -0.836669921875	 -1.77880859375	 0.5064329	 -0.048092686	 -0.3142648	 -0.8015302	 2.335626	 -50.727432	 5.74411	Scatto 10m	4	Braccio
106	 3032353734	 0.9995668014258434	 0.005813301428330253	 0.026441407602170123	 0.01154413174854424	 0.3093658345017958	 0.1367720400453457	 -0.2682189432342487	 -1.563232421875	 -0.794921875	 -1.838623046875	 0.5236093	 -0.033144493	 -0.30566576	 -0.79454607	 1.7887988	 -25.788683	 -11.419152	Scatto 10m	4	Braccio
107	 3032370401	 0.9984695075320322	 0.05204703660691737	 0.012476360132500088	 -0.013931580923333473	 -0.043813329174767934	 0.5157804486510151	 -0.514924662816838	 -1.539306640625	 -0.85791015625	 -1.792236328125	 0.51689726	 0.0033608049	 -0.34212485	 -0.78470165	 35.70457	 -22.269138	 -21.99076	Scatto 10m	4	Braccio
108	 3032387068	 0.9997798621782487	 0.0075559940600511966	 0.003142274994647754	 -0.019319944214844127	 -0.27772712200552374	 0.3524245970959854	 -0.39975707000067956	 -1.509765625	 -0.906005859375	 -1.7783203125	 0.5017245	 0.013591585	 -0.34946844	 -0.79117614	 33.442963	 -4.2461085	 -22.604183	Scatto 10m	4	Braccio
109	 3032403735	 0.9990482210137092	 0.03312782204474268	 -0.021073055418740216	 -0.01900331105975028	 -0.2844602573187275	 -0.08978420220220737	 -0.23719080207778967	 -1.499267578125	 -0.947021484375	 -1.72705078125	 0.47692066	 0.019511897	 -0.3893882	 -0.7877455	 9.570751	 7.26097	 -29.267643	Scatto 10m	4	Braccio
110	 3032420402	 0.9979361126407778	 0.052062538018199656	 -0.029301666155525655	 -0.023546116092184932	 -0.15894433506675043	 -0.04851606111878759	 -0.4059546815851109	 -1.4853515625	 -1.016357421875	 -1.61572265625	 0.44329837	 0.030609585	 -0.44621855	 -0.7768133	 12.903425	 -6.584975	 -31.786318	Scatto 10m	4	Braccio
111	 3032437069	 0.9984321873188486	 0.03641036076807308	 -0.03948077023595465	 -0.015770914241547366	 0.11662956383973527	 0.01359623523391229	 -0.33639492713395097	 -1.475830078125	 -1.06494140625	 -1.50048828125	 0.4096651	 0.023936782	 -0.49389273	 -0.7665975	 5.293841	 -18.666735	 -18.785303	Scatto 10m	4	Braccio
112	 3032453736	 0.9987288541045837	 0.013202877486886477	 -0.04783818673076146	 -0.008824278742444958	 0.37499665638164187	 -0.062143906184358846	 -0.2644026005525255	 -1.480224609375	 -1.0859375	 -1.408203125	 0.37637642	 -0.0021175952	 -0.52598363	 -0.7626779	 -10.147145	 -25.729101	 -12.429554	Scatto 10m	4	Braccio
113	 3032470403	 0.9991954919655677	 0.003376944321520303	 -0.03796563498477179	 -0.012472996550137618	 0.36409709744603325	 -0.022103658385502975	 -0.0902245681670898	 -1.47021484375	 -1.100830078125	 -1.351318359375	 0.34481707	 -0.023112208	 -0.5456608	 -0.76342756	 -14.296643	 -16.600136	 -4.4905252	Scatto 10m	4	Braccio
114	 3032487070	 0.9997150252320226	 0.008380097167278111	 -0.012118305465096126	 -0.01878267737725059	 0.06633198422115034	 0.3089550631456337	 -0.009350385805154411	 -1.446533203125	 -1.122314453125	 -1.316650390625	 0.32257524	 -0.019750712	 -0.5593899	 -0.76330733	 7.3909492	 -5.455527	 6.782013	Scatto 10m	4	Braccio
115	 3032503737	 0.9981693169541254	 -0.008851465796854446	 -0.050156677545880775	 -0.03261861343068385	 -0.2951286501684569	 0.9680020918363865	 -0.13820959677127131	 -1.396728515625	 -1.1533203125	 -1.27587890625	 0.26723295	 -0.042511594	 -0.57105434	 -0.7750331	 46.61065	 -8.281385	 29.100975	Scatto 10m	4	Braccio
116	 3032520404	 0.9959467001841404	 -0.048954750296535954	 -0.06489143897755852	 -0.03850589517395214	 0.456546397989031	 0.7825089711787927	 -0.4635666339008474	 -1.3212890625	 -1.19189453125	 -1.293212890625	 0.19454141	 -0.08147238	 -0.55269223	 -0.8062551	 4.8392572	 -44.68687	 31.513645	Scatto 10m	4	Braccio
117	 3032537071	 0.9984177331490254	 -0.022719268401171194	 -0.03341084973569919	 -0.03910984654553735	 1.0183241934926557	 0.013103832601229548	 -0.5195167171409144	 -1.255126953125	 -1.2177734375	 -1.308837890625	 0.13977265	 -0.08913027	 -0.54682255	 -0.82067335	 -52.74731	 -42.651436	 0.37577343	Scatto 10m	4	Braccio
118	 3032553738	 0.997865367228228	 -0.009768453557170459	 -0.03326053481188513	 -0.05534458442885343	 0.3313501070180353	 0.19872623783493984	 -0.037381282985769024	 -1.153076171875	 -1.2509765625	 -1.3232421875	 0.07351028	 -0.08778187	 -0.55104965	 -0.8265804	 -14.856427	 -8.890112	 5.765875	Scatto 10m	4	Braccio
119	 3032570405	 0.9979167464562926	 -0.004118989057314754	 -0.049001484511183725	 -0.04176189156316546	 0.1557589381524752	 0.20254789656595715	 -0.2624254873170601	 -1.0576171875	 -1.27294921875	 -1.29833984375	 0.010192305	 -0.106072485	 -0.5571422	 -0.82355183	 -7.4436383	 -19.36634	 -2.568355	Scatto 10m	4	Braccio
120	 3032587072	 0.9968327168286902	 -0.06293281977359944	 -0.038534018617389094	 -0.029650029754971385	 0.24847878732062617	 -0.06856793645828844	 -0.29810249193473753	 -0.99169921875	 -1.279052734375	 -1.3876953125	 -0.043733932	 -0.12220412	 -0.5105707	 -0.8499831	 -18.068134	 -13.429297	 -17.045345	Scatto 10m	4	Braccio
122	 3032620406	 0.9880029429737942	 -0.13868137079296156	 -0.06351037914295633	 -0.02416803283729818	 0.1657003203350209	 -0.7744808026183374	 -0.04344346860967099	 -0.953369140625	 -1.210693359375	 -1.6728515625	 -0.11586337	 -0.15869403	 -0.3932489	 -0.8981912	 -0.36103332	 16.883144	 -30.340345	Scatto 10m	4	Braccio
123	 3032637073	 0.9985744685381654	 -0.04228243296091588	 -0.03239521941861374	 0.003431676768839737	 0.011166810979382033	 -0.40455639071480504	 0.03444484122870306	 -0.979248046875	 -1.17333984375	 -1.7529296875	 -0.1333916	 -0.18530135	 -0.35251677	 -0.90752536	 2.133713	 17.669239	 -26.46096	Scatto 10m	4	Braccio
127	 3032703741	 0.9910057032053681	 -0.08071669005299043	 -0.061573482695661326	 0.0871849665369573	 0.8198985399798336	 -0.915195655858231	 0.9240916200733849	 -1.192138671875	 -1.039306640625	 -1.88134765625	 -0.094277166	 -0.26453203	 -0.25274664	 -0.92587996	 -3.4863563	 14.996448	 8.658041	Scatto 10m	4	Braccio
128	 3032720408	 0.9995968414442021	 0.006396757038796774	 0.0016484052634554438	 0.02761374357541513	 0.16435843689554042	 0.03493822706845136	 0.21894438956181939	 -1.2412109375	 -1.025390625	 -1.86962890625	 -0.067325376	 -0.2717235	 -0.25057146	 -0.92674035	 -1.2992064	 6.6918054	 5.277858	Scatto 10m	4	Braccio
129	 3032737075	 0.9996897039856436	 0.006839807579386681	 0.006229559688428504	 0.02312802117479468	 0.1278928018262365	 0.05076914481522835	 0.2520377239104015	 -1.2734375	 -1.012939453125	 -1.86572265625	 -0.04323731	 -0.2732053	 -0.25018263	 -0.9278461	 1.7199064	 5.7836804	 6.3256836	Scatto 10m	4	Braccio
130	 3032753742	 0.9996098919779118	 0.012371854451620201	 0.016031804920929846	 0.019234924182659485	 0.10124019179490142	 0.04717404371284374	 0.26101607831383167	 -1.2939453125	 -1.00732421875	 -1.85986328125	 -0.018824704	 -0.26440364	 -0.25628904	 -0.9295442	 3.315589	 5.705231	 5.890811	Scatto 10m	4	Braccio
132	 3032787076	 0.9956319009317296	 0.05806967632922516	 0.06044436625475922	 0.04112796039375266	 0.33278584317444043	 6.908297885357866E-4	 0.16785863541649718	 -1.296142578125	 -1.0283203125	 -1.827880859375	 0.048456587	 -0.2197077	 -0.2981232	 -0.92763305	 -10.256777	 1.2732414	 -3.371014	Scatto 10m	4	Braccio
136	 3032853744	 0.9824529697750297	 0.07249675425361857	 0.14754736256952158	 0.08809176239406855	 1.3687626330903122	 2.3290316585812985	 -1.0310036803716887	 -1.279296875	 -1.02978515625	 -1.839599609375	 0.18528314	 -0.10993836	 -0.33640394	 -0.91674227	 5.4249268	 -30.181072	 4.5624533	Scatto 10m	4	Braccio
