2	 3063910264	 0.9997013743216614	 -0.02242261475389401	 -0.004580601939114249	 -0.008567765919721554	 -0.19975374979122307	 0.4740735839518868	 -0.8944283678137532	 -1.830078125	 -0.156982421875	 -0.87060546875	 0.5454978	 0.71599	 -0.26410276	 0.3464685	 -42.09349	 42.261284	 6.762987	Scatto 10m	3	Braccio
3	 3063926931	 0.9982611650283757	 0.028074646754628507	 -0.048824096590333384	 -0.017397361809499443	 -0.3275720840638534	 0.13270207312868496	 -0.48803551348113144	 -1.79931640625	 -0.175537109375	 -0.797607421875	 0.50754476	 0.7673949	 -0.27185446	 0.28213206	 -23.977085	 26.80885	 -13.478709	Scatto 10m	3	Braccio
4	 3063943598	 0.9925928578145883	 0.083820307598298	 -0.07828968350320777	 -0.04005371526541429	 -0.07426410981316128	 -0.028821461358083306	 -0.4132582688157201	 -1.7275390625	 -0.161376953125	 -0.669921875	 0.4207163	 0.84522027	 -0.25775206	 0.20534009	 -5.3779726	 24.220966	 -5.1145706	Scatto 10m	3	Braccio
5	 3063960265	 0.9934386349130383	 0.07083335739218366	 -0.0812120267100897	 -0.038300402873990065	 0.2807912523637573	 0.11701110794690488	 -0.3826988373598792	 -1.631103515625	 -0.128662109375	 -0.553955078125	 0.3350189	 0.90040064	 -0.24612945	 0.128302	 6.2311454	 10.005926	 17.046307	Scatto 10m	3	Braccio
6	 3063976932	 0.9966319284141493	 0.04726865713550088	 -0.06525472279139395	 -0.015241209647495035	 0.5689557663369337	 0.23775534107917354	 -0.1639967327668619	 -1.52685546875	 -0.085205078125	 -0.461181640625	 0.27183852	 0.92686373	 -0.24798942	 0.07435564	 20.570526	 -15.313266	 18.612848	Scatto 10m	3	Braccio
7	 3063993599	 0.9995482834760955	 0.026168459561258794	 -0.007487126236339515	 -0.01274298492908871	 0.7982577206289594	 0.261121478066638	 0.3690512824707474	 -1.478759765625	 -0.0400390625	 -0.44189453125	 0.25115052	 0.93603504	 -0.2331131	 0.08012679	 33.97692	 -43.20004	 -6.8253894	Scatto 10m	3	Braccio
8	 3064010266	 0.997144006892122	 0.028981594704211577	 -0.05553013285129186	 -0.04219361365233204	 -0.34585697232210816	 0.4980239865428886	 -0.002783058232536089	 -1.46875	 -0.039794921875	 -0.425048828125	 0.23112124	 0.9515774	 -0.1977744	 0.044374567	 -32.449657	 -14.794705	 -2.629098	Scatto 10m	3	Braccio
9	 3064026933	 0.9875427565919036	 -0.07201674496964705	 -0.1339239209656371	 -0.040463264080284896	 -0.1810559552688037	 1.099054501797111	 -0.4419023775783357	 -1.26025390625	 -0.150634765625	 -0.283935546875	 0.2805984	 0.9344106	 -0.18767703	 -0.11366162	 -35.107666	 -37.009663	 40.853565	Scatto 10m	3	Braccio
10	 3064043600	 0.9951242608135559	 -0.011145059287497261	 -0.06763650127469058	 -0.0709140105273354	 0.6778289787446015	 0.5203724140352332	 -1.0079212965904856	 -1.065185546875	 -0.279052734375	 -0.224853515625	 0.28422198	 0.92638916	 -0.13516392	 -0.20676541	 48.433407	 -9.737157	 52.197018	Scatto 10m	3	Braccio
14	 3064110268	 0.9630413828349658	 -0.12978570023572297	 -0.17067761724913794	 -0.16302183268445	 1.121261918689067	 -1.3330627003316826	 1.2416029633141679	 -0.630126953125	 -0.516357421875	 -0.273681640625	 0.35218802	 0.85103315	 -0.006790886	 -0.38943583	 -35.360287	 3.3481884	 -55.097427	Scatto 10m	3	Braccio
15	 3064126935	 0.9993467325765004	 -0.004702175469612713	 0.0198932500696028	 0.029803627903221833	 -0.22018302226500713	 -0.3647886226622997	 0.571676528624435	 -0.6572265625	 -0.540771484375	 -0.273193359375	 0.36408272	 0.8549705	 -0.020724414	 -0.368836	 -38.099476	 0.081951916	 -29.26745	Scatto 10m	3	Braccio
16	 3064143602	 0.9976564305503172	 0.017872714366198805	 0.04356993281747785	 0.049637421539246995	 -0.05155110492516532	 -0.3595805862874003	 0.41444358711921125	 -0.76171875	 -0.5400390625	 -0.255859375	 0.36455473	 0.8723623	 -0.050950244	 -0.3216959	 -23.732635	 1.8481102	 -32.762634	Scatto 10m	3	Braccio
17	 3064160269	 0.9954659712644787	 0.036843517484914046	 0.05658758779546652	 0.06699179189495728	 0.480636994120228	 -0.36485567431881855	 0.2404324113234611	 -0.89501953125	 -0.47705078125	 -0.2333984375	 0.35321814	 0.89550567	 -0.09811276	 -0.25234967	 10.387865	 -1.9834423	 -47.32386	Scatto 10m	3	Braccio
18	 3064176936	 0.9940507937495457	 0.043231240255665826	 0.07243980616999209	 0.06889523781734769	 0.6390070804311557	 -0.23070278833617608	 0.11114033497813358	 -1.060791015625	 -0.374755859375	 -0.237548828125	 0.33643046	 0.9171373	 -0.14356552	 -0.15831274	 29.209839	 -7.347389	 -38.075615	Scatto 10m	3	Braccio
19	 3064193603	 0.9941445043690605	 0.021816000869009256	 0.080837417015916	 0.06830870039074945	 0.6935453350598926	 0.06559463110694397	 -0.061227935690992275	 -1.233154296875	 -0.275390625	 -0.2763671875	 0.3376969	 0.9221981	 -0.18110101	 -0.052098114	 38.695763	 -16.058716	 -12.110178	Scatto 10m	3	Braccio
20	 3064210270	 0.9939461580173037	 -0.01134675928980955	 0.08707817302151293	 0.06602785623883062	 0.8691367167211326	 0.35991656930747923	 -0.15238577025787203	 -1.387939453125	 -0.216064453125	 -0.35888671875	 0.36769664	 0.9040194	 -0.21015228	 0.058175977	 43.751324	 -28.472363	 13.519194	Scatto 10m	3	Braccio
21	 3064226937	 0.9929906774928585	 -0.041464120577856034	 0.089777143248921	 0.06473257037258447	 0.9025783034284012	 0.3280944201456614	 -0.1332531713807117	 -1.541015625	 -0.193603515625	 -0.47216796875	 0.4219225	 0.85957277	 -0.23509422	 0.1668732	 40.541676	 -24.403477	 24.023956	Scatto 10m	3	Braccio
22	 3064243604	 0.9934378659449193	 -0.04490553064784164	 0.08305682813158984	 0.06454659653893191	 0.8297618397904845	 0.22102744196990562	 -0.10222928277348621	 -1.656494140625	 -0.162353515625	 -0.594482421875	 0.46983665	 0.8003503	 -0.25981608	 0.26681206	 33.016453	 -14.243827	 27.59076	Scatto 10m	3	Braccio
23	 3064260271	 0.9953961023518176	 -0.016723835309907897	 0.07598365256511415	 0.055976756767437165	 0.7746073450773797	 0.21594831751861945	 -0.11338217644856657	 -1.738525390625	 -0.093994140625	 -0.723876953125	 0.4873309	 0.74856186	 -0.27082324	 0.35891297	 22.885553	 -6.299404	 32.73968	Scatto 10m	3	Braccio
24	 3064276938	 0.9967827799204283	 -3.3427190444085264E-4	 0.07013638167025983	 0.03879260087439973	 0.695830748967425	 0.4156251592173421	 -0.27062732272019235	 -1.788818359375	 -0.012939453125	 -0.85546875	 0.49133903	 0.7060544	 -0.26401225	 0.43631524	 0.7607487	 3.7430105	 41.313824	Scatto 10m	3	Braccio
25	 3064293605	 0.9986515380388317	 0.005490492245415535	 0.050340388304202704	 0.011437017660259204	 0.6002102917596641	 0.4138138949853427	 -0.5431868616333683	 -1.818359375	 0.031982421875	 -0.970458984375	 0.4948945	 0.6816778	 -0.24414603	 0.48040378	 -14.6074915	 22.845331	 37.517857	Scatto 10m	3	Braccio
26	 3064310272	 0.9995868179618504	 0.006888472492769748	 0.026174457962160672	 -0.009676779113207357	 0.01947045561709415	 0.7667657334045306	 -0.8431645971608879	 -1.84130859375	 0.020263671875	 -1.041748046875	 0.49932796	 0.6779843	 -0.22263959	 0.49136594	 -57.467426	 28.120823	 14.346664	Scatto 10m	3	Braccio
27	 3064326939	 0.9999064704286773	 -0.007651394038252435	 -0.00847144015139631	 -0.007532679861605691	 -0.37902105192353586	 0.49262316796583205	 -0.6279255442135863	 -1.84716796875	 0.002197265625	 -1.04296875	 0.50479096	 0.6890766	 -0.22630857	 0.4681284	 -49.62629	 18.052061	 -14.455334	Scatto 10m	3	Braccio
28	 3064343606	 0.9970417589521454	 0.04748594962463959	 -0.05525257242280505	 -0.024494259215593756	 -0.28045874893375866	 0.015963233489211186	 -0.25136876136268343	 -1.83349609375	 -0.0185546875	 -0.96533203125	 0.46790951	 0.7515576	 -0.21441771	 0.41261	 -15.005239	 10.965596	 -22.70184	Scatto 10m	3	Braccio
29	 3064360273	 0.9921103600283958	 0.08958243839950841	 -0.07470954069969346	 -0.04594023055194544	 0.08852428262636519	 -0.02096446574604114	 -0.42550279102536204	 -1.802490234375	 -0.04248046875	 -0.857421875	 0.3971444	 0.83381236	 -0.17660506	 0.34035882	 -6.498873	 23.320992	 -0.041493416	Scatto 10m	3	Braccio
30	 3064376940	 0.9951279992630321	 0.06718023330663753	 -0.06380079074686625	 -0.033712615379041355	 0.28524679772208344	 0.25819589557789324	 -0.4008133695382313	 -1.7587890625	 -0.047607421875	 -0.7587890625	 0.334326	 0.888316	 -0.15176313	 0.27584246	 -6.538972	 8.325201	 21.79669	Scatto 10m	3	Braccio
31	 3064393607	 0.9984927180597178	 0.032791813719447116	 -0.04364795555223167	 -0.005643129523253216	 0.35184910975742156	 0.21457388813882194	 -0.16495717594776274	 -1.707763671875	 -0.02587890625	 -0.69140625	 0.2956522	 0.91356015	 -0.15285152	 0.23373936	 7.4156985	 -4.798566	 15.313671	Scatto 10m	3	Braccio
32	 3064410274	 0.9989195827900781	 -0.011441524697451966	 -0.04101230547249402	 -0.018621209169240344	 0.2838762031310338	 0.12123802722026557	 0.10582639709225408	 -1.67236328125	 -0.047607421875	 -0.627685546875	 0.30229264	 0.9226831	 -0.14985412	 0.18659765	 13.476535	 -11.991795	 -2.2031403	Scatto 10m	3	Braccio
33	 3064426941	 0.9967866106037186	 -0.005750932264977193	 -0.07068244023929646	 -0.03724744744345005	 0.12632616478887335	 0.2480441259052398	 -0.28069020988824606	 -1.593994140625	 -0.114501953125	 -0.514404296875	 0.30377373	 0.9365924	 -0.1359438	 0.109707095	 -3.430461	 -2.3372223	 13.539034	Scatto 10m	3	Braccio
34	 3064443608	 0.9931009649052713	 -0.03765310308862946	 -0.10066171317701371	 -0.046903484223294184	 0.07501964487424748	 1.0347621055315264	 -0.2571762570781439	 -1.46337890625	 -0.204833984375	 -0.394287109375	 0.3290308	 0.9360794	 -0.12437922	 -0.004906877	 -17.628458	 -39.84965	 37.242085	Scatto 10m	3	Braccio
35	 3064460275	 0.9950431536047619	 -0.021188595913212482	 -0.07961282184618758	 -0.055695282252663576	 0.5457626241318537	 0.6039346902703181	 -0.5920218733189258	 -1.2900390625	 -0.331787109375	 -0.2978515625	 0.34338978	 0.928813	 -0.095399834	 -0.101433665	 26.831415	 -12.337679	 42.8639	Scatto 10m	3	Braccio
36	 3064476942	 0.9970687708108995	 -0.015103465160336171	 -0.05412326113341454	 -0.051927104849749856	 0.866576800320186	 -0.17339396099835516	 -0.2070997690247504	 -1.17041015625	 -0.378662109375	 -0.259033203125	 0.3515508	 0.9188703	 -0.06304462	 -0.16767564	 54.262882	 2.800586	 -13.505666	Scatto 10m	3	Braccio
37	 3064493609	 0.9958666388865449	 -0.02647903829500453	 -0.07001739270474339	 -0.05143989504866207	 0.4822360433049333	 0.12015571056799604	 0.016567613854277116	 -1.01416015625	 -0.45849609375	 -0.2392578125	 0.36487785	 0.8980685	 -0.036587562	 -0.24289654	 26.867756	 -12.637692	 -12.739505	Scatto 10m	3	Braccio
38	 3064510276	 0.9972332136873915	 -0.039162256556340036	 -0.04316056216108383	 -0.04614543372937349	 0.21325448037717354	 -0.40883076791547035	 0.17317822540400707	 -0.885498046875	 -0.53515625	 -0.247802734375	 0.39069107	 0.8732271	 -0.0028458345	 -0.2912511	 4.166926	 7.938121	 -37.97292	Scatto 10m	3	Braccio
39	 3064526943	 0.9990489409766593	 -0.023504903177745617	 -0.035246107202573214	 -0.01031721799153973	 -0.023818700322120676	 -0.5377421448093403	 0.318260001688773	 -0.79150390625	 -0.59228515625	 -0.271484375	 0.4089611	 0.8541149	 -0.0015774554	 -0.32130387	 -17.785685	 9.579287	 -41.42813	Scatto 10m	3	Braccio
40	 3064543610	 0.9997452315343671	 -0.006828875947696045	 -0.005506492723867885	 0.020797043430924755	 -0.006447324915863563	 -0.6607782387670867	 0.33205859517888525	 -0.768310546875	 -0.619140625	 -0.284423828125	 0.4199389	 0.84997976	 -0.018781524	 -0.31754273	 -21.499714	 12.636115	 -46.514194	Scatto 10m	3	Braccio
41	 3064560277	 0.9987168761222611	 3.7512242150039565E-4	 0.011976908689949883	 0.049203803613070814	 0.04517178689571247	 -0.6587886279444314	 0.33946401058450604	 -0.81689453125	 -0.625732421875	 -0.281494140625	 0.4316078	 0.8525106	 -0.05397755	 -0.28987426	 -18.585947	 10.702603	 -48.85758	Scatto 10m	3	Braccio
42	 3064576944	 0.9972070206592	 0.0034768568085929985	 0.024171947131098607	 0.07058177092299317	 0.344437049867657	 -0.41249835977064225	 0.28653922875943916	 -0.904052734375	 -0.623046875	 -0.27392578125	 0.4456029	 0.85551375	 -0.10256515	 -0.24292964	 3.5923355	 -3.5698712	 -46.000366	Scatto 10m	3	Braccio
43	 3064593611	 0.9960485488613038	 0.012903448745391677	 0.03536302174452872	 0.0804378394467551	 0.4554234861526615	 -0.15968046040594108	 0.20924676483392537	 -1.021240234375	 -0.586669921875	 -0.27587890625	 0.4542841	 0.85876817	 -0.1570873	 -0.1773889	 16.684961	 -14.041259	 -32.62788	Scatto 10m	3	Braccio
44	 3064610278	 0.9956808782239245	 0.013773512116568909	 0.043722843822750386	 0.08073532084076068	 0.4678619172922918	 -0.02885987958650274	 0.07134246329423759	 -1.151611328125	 -0.5234375	 -0.286865234375	 0.46187228	 0.8564794	 -0.2076262	 -0.100043476	 23.222256	 -14.262071	 -17.97284	Scatto 10m	3	Braccio
45	 3064626945	 0.9957810497868538	 0.014730302755376123	 0.048153346633813404	 0.07670967523129064	 0.5551091669554322	 0.10299462024835845	 0.024965319126455845	 -1.28173828125	 -0.4375	 -0.314697265625	 0.46585527	 0.848272	 -0.2512182	 -0.017413715	 27.613197	 -18.966576	 -4.5642486	Scatto 10m	3	Braccio
46	 3064643612	 0.9958377577934238	 0.018333826825222388	 0.05570059009184753	 0.06977445958464235	 0.6766475009880648	 0.20091283945733293	 -0.041521299473568155	 -1.396728515625	 -0.3427734375	 -0.360107421875	 0.46494973	 0.83579165	 -0.2831539	 0.07140143	 31.070168	 -21.058653	 9.957981	Scatto 10m	3	Braccio
47	 3064660279	 0.9954579666151603	 0.01972744762434997	 0.06642945866102622	 0.06527933466758058	 0.803517166615242	 0.23537752477604718	 -0.06495846124179344	 -1.5068359375	 -0.224365234375	 -0.440185546875	 0.46205625	 0.81622237	 -0.30320677	 0.16837813	 32.68318	 -21.741459	 21.777336	Scatto 10m	3	Braccio
48	 3064676946	 0.9956973769066166	 0.015722868193012052	 0.07314062284203575	 0.054680657707706026	 0.7393554999191407	 0.2525006667071415	 -0.11474603080412166	 -1.610107421875	 -0.1171875	 -0.545166015625	 0.4617256	 0.7884987	 -0.30871767	 0.2641449	 23.464588	 -14.520538	 28.702404	Scatto 10m	3	Braccio
49	 3064693613	 0.9966058881645647	 0.018110010320735004	 0.07058747963955586	 0.03829019352311192	 0.7382273127589647	 0.27086260679646545	 -0.1962152163071374	 -1.685546875	 -0.025390625	 -0.669921875	 0.45875743	 0.7608898	 -0.29881477	 0.34827876	 15.735264	 -5.960057	 35.809856	Scatto 10m	3	Braccio
50	 3064710280	 0.9976502598001815	 0.014331790365389896	 0.06376343286628107	 0.020561700675285954	 0.7070235005136989	 0.5127397611432444	 -0.39624962232599087	 -1.741943359375	 0.0361328125	 -0.798095703125	 0.45939848	 0.73484164	 -0.27794245	 0.4143779	 -5.9374695	 3.9117448	 47.288807	Scatto 10m	3	Braccio
51	 3064726947	 0.9992369706685365	 0.003234553304713228	 0.03817627528551532	 0.007588551865152116	 0.4533066994917506	 0.39758663506498104	 -0.39555062922147155	 -1.77783203125	 0.0673828125	 -0.8857421875	 0.46457735	 0.7168277	 -0.26315123	 0.44841656	 -13.794168	 10.7646	 29.757595	Scatto 10m	3	Braccio
52	 3064743614	 0.999657905818693	 0.012851892356787686	 0.020253729601809965	 -0.010425288209516326	 0.08344776258240774	 0.4489327305692954	 -0.48304860726785565	 -1.7998046875	 0.0625	 -0.93798828125	 0.4652783	 0.71680665	 -0.23957781	 0.4607676	 -30.654839	 14.755723	 10.998886	Scatto 10m	3	Braccio
53	 3064760281	 0.9997528217385995	 0.006610140028153799	 0.00696101014758177	 -0.020053573552904522	 -0.10632189308062528	 0.2271704048718765	 -0.3355445599971502	 -1.81787109375	 0.03564453125	 -0.9658203125	 0.4711837	 0.72373617	 -0.2181678	 0.454527	 -22.242678	 11.1861725	 -6.3597174	Scatto 10m	3	Braccio
54	 3064776948	 0.9993370648183639	 0.021733844742329866	 -0.01353191324726072	 -0.02588355069927545	 -0.17761428407581292	 0.07654794961505845	 -0.21258750480305827	 -1.826171875	 -0.005859375	 -0.9541015625	 0.46352807	 0.7483528	 -0.19516255	 0.4324598	 -14.442743	 7.9686418	 -14.837093	Scatto 10m	3	Braccio
55	 3064793615	 0.9981826279370493	 0.04605190515396401	 -0.02103369380268239	 -0.03268404873010137	 -0.1645604679564998	 0.02432753750569669	 -0.2506406216141853	 -1.825927734375	 -0.041748046875	 -0.936279296875	 0.43750384	 0.78674895	 -0.15961306	 0.40514228	 -13.4579115	 11.2268915	 -14.125742	Scatto 10m	3	Braccio
56	 3064810282	 0.9985044273311856	 0.03791344044167405	 -0.026176977741048327	 -0.02943204835279925	 -0.03544160761218515	 0.13618920542037077	 -0.31362369040541804	 -1.825927734375	 -0.072265625	 -0.899658203125	 0.41351345	 0.8203252	 -0.13192472	 0.37238324	 -15.55327	 10.531134	 -1.2943296	Scatto 10m	3	Braccio
57	 3064826949	 0.9990236117550487	 0.005189052001905614	 -0.039806177879057936	 -0.018448986364569823	 0.13798960062876603	 0.12030650429171907	 -0.23019130376301147	 -1.80615234375	 -0.105712890625	 -0.83642578125	 0.40894532	 0.84170145	 -0.13074115	 0.3274283	 -4.8926783	 6.906339	 5.671733	Scatto 10m	3	Braccio
58	 3064843616	 0.9985906340090983	 -0.019756101790687264	 -0.04670661388659906	 -0.015650377969597007	 0.2762484985923631	 -0.022441389297230795	 -0.18292506936186284	 -1.76513671875	 -0.142822265625	 -0.742431640625	 0.4224468	 0.8520707	 -0.14235313	 0.27431756	 8.344252	 10.036462	 5.242112	Scatto 10m	3	Braccio
59	 3064860283	 0.9987206618741786	 -0.019181571274653253	 -0.033486521672201404	 -0.03267659308029389	 0.13825335664336028	 0.07156848156958284	 -0.06171223578101272	 -1.728759765625	 -0.21728515625	 -0.674072265625	 0.44044143	 0.85860753	 -0.13337992	 0.2258638	 3.4160624	 0.2201683	 -0.36633968	Scatto 10m	3	Braccio
60	 3064876950	 0.9982717803122527	 -0.005627393579310802	 -0.03994483199211674	 -0.0427340083637216	 -0.0369406961307233	 0.21935891444893665	 -0.17810615363725152	 -1.6865234375	 -0.301513671875	 -0.609130859375	 0.4472375	 0.87070006	 -0.11471792	 0.16941047	 -10.412178	 1.1668494	 3.6988602	Scatto 10m	3	Braccio
61	 3064893617	 0.9976680668958788	 -0.012552635503726706	 -0.05190094067689999	 -0.04251061038145277	 0.09058898030005506	 0.5449685906869611	 -0.16597989034554858	 -1.6162109375	 -0.38134765625	 -0.537109375	 0.4570158	 0.8778591	 -0.1017695	 0.10071314	 -8.350855	 -10.96264	 21.935022	Scatto 10m	3	Braccio
62	 3064910284	 0.9974720463335401	 -0.011860625298414196	 -0.05982495659065377	 -0.03646665490056372	 0.48506903457629436	 0.39279169421000126	 -0.31444227927326274	 -1.512451171875	 -0.451171875	 -0.45361328125	 0.4635425	 0.88036466	 -0.09658486	 0.027531046	 20.05616	 -0.2507583	 27.01165	Scatto 10m	3	Braccio
63	 3064926951	 0.9974651425774076	 -0.03904134724242869	 -0.04634255489443532	 -0.03730187869778271	 0.7077534632677343	 0.17496929613507659	 -0.30660405669539714	 -1.408935546875	 -0.548095703125	 -0.406005859375	 0.49290016	 0.86519456	 -0.085187286	 -0.03508659	 40.287	 3.199706	 15.0576935	Scatto 10m	3	Braccio
64	 3064943618	 0.9981076316611805	 -0.030195420955957786	 -0.03570550129611475	 -0.03993130789486973	 0.2599324561090845	 -0.032073325758078634	 -0.05220878538788938	 -1.320556640625	 -0.64892578125	 -0.39892578125	 0.5130741	 0.85134804	 -0.06722585	 -0.086268865	 15.997965	 0.79806536	 -9.397186	Scatto 10m	3	Braccio
65	 3064960285	 0.9986129677696161	 -0.018325398004234106	 -0.04111383999088003	 -0.027312498083304108	 0.06377173287669648	 -0.07675864830725548	 -0.03853503812537422	 -1.222900390625	 -0.703125	 -0.380859375	 0.5222679	 0.8397199	 -0.0637919	 -0.13430381	 4.3712015	 3.3610678	 -13.097513	Scatto 10m	3	Braccio
66	 3064976952	 0.9988632047121259	 -0.03200689148705432	 -0.03230642997791492	 -0.01428816823947704	 0.03278593306436409	 -0.1589671307694954	 -0.006903313328964277	 -1.14208984375	 -0.76220703125	 -0.388427734375	 0.5437354	 0.81943995	 -0.06457917	 -0.16941005	 1.729484	 4.1304226	 -18.46994	Scatto 10m	3	Braccio
67	 3064993619	 0.9990030707687059	 -0.036528794998046454	 -0.025394603029874428	 0.0036913232914304044	 -0.05019841187284774	 -0.33839256595892964	 0.010992881065771598	 -1.09033203125	 -0.829833984375	 -0.4150390625	 0.57101107	 0.79515296	 -0.075301416	 -0.18975785	 -4.561955	 8.442481	 -27.968552	Scatto 10m	3	Braccio
68	 3065010286	 0.9993441584953966	 -0.02656340756245862	 -0.01673205297420483	 0.018046513875724896	 0.053981691320572456	 -0.45065603952381333	 0.002170297271366521	 -1.073974609375	 -0.867919921875	 -0.4423828125	 0.5923201	 0.77607846	 -0.093921006	 -0.19503438	 0.36032993	 7.9523916	 -35.8562	Scatto 10m	3	Braccio
69	 3065026953	 0.9992676919934628	 -0.024898280238543957	 -0.012062673538319635	 0.02643193686298601	 0.18158702532574666	 -0.4054691991808732	 0.03409897574169407	 -1.084716796875	 -0.898193359375	 -0.46728515625	 0.61333746	 0.75729144	 -0.116361715	 -0.19179958	 6.9974275	 0.99108326	 -35.596016	Scatto 10m	3	Braccio
70	 3065043620	 0.999139339756376	 -0.024233483034142633	 -0.008223625747706633	 0.0326449081908422	 0.26389880126825205	 -0.2913972040784479	 0.12377372078693051	 -1.1083984375	 -0.923828125	 -0.49853515625	 0.63482314	 0.7376847	 -0.14128977	 -0.18126833	 10.038787	 -9.179072	 -30.463793	Scatto 10m	3	Braccio
71	 3065060287	 0.9992148968824444	 -0.012601412194423789	 -0.005387838926348699	 0.037172105813578445	 0.2606701189334163	 -0.10012862864525716	 0.2333773597865528	 -1.144287109375	 -0.927734375	 -0.511474609375	 0.64872384	 0.7236257	 -0.16997546	 -0.16319264	 7.64319	 -18.325294	 -18.897171	Scatto 10m	3	Braccio
72	 3065076954	 0.9993636973525972	 -0.0013655757214331987	 0.0016450328668690952	 0.03560378468031572	 0.1761647391768764	 0.22219206397871474	 0.24520208119167672	 -1.197998046875	 -0.912109375	 -0.51904296875	 0.6555721	 0.7163833	 -0.19468607	 -0.1382668	 2.2063746	 -19.137459	 1.7967348	Scatto 10m	3	Braccio
73	 3065093621	 0.9995242933839275	 -0.00717683202552194	 0.006045009091675935	 0.0293792083371853	 0.10700928487283373	 0.29341738873762896	 0.2915346228047324	 -1.244873046875	 -0.8955078125	 -0.524658203125	 0.666567	 0.70568347	 -0.21083665	 -0.115096875	 -3.9753175	 -19.508587	 6.33395	Scatto 10m	3	Braccio
74	 3065110288	 0.9995850062326779	 -0.005272811726627191	 0.015117399156704627	 0.02394738010826361	 0.1772808351873697	 0.14795690652920787	 0.30046702333943215	 -1.29443359375	 -0.887451171875	 -0.546142578125	 0.67739916	 0.6973255	 -0.21672343	 -0.088873215	 0.15618147	 -21.02917	 -1.1691427	Scatto 10m	3	Braccio
75	 3065126955	 0.9993361095725499	 0.012939373469412707	 0.02777231208277001	 0.01971322906569659	 0.27274178302263785	 0.11654905316211875	 0.25469027717793324	 -1.355224609375	 -0.857666015625	 -0.55615234375	 0.67754143	 0.7022467	 -0.21217838	 -0.052605186	 6.9433	 -20.60647	 -1.0190382	Scatto 10m	3	Braccio
76	 3065143622	 0.998830412004607	 0.023028267812098158	 0.0409690253882169	 0.011359836927571532	 0.2745911010990471	 0.13444574198126252	 0.18570544922200236	 -1.421875	 -0.812744140625	 -0.5751953125	 0.6719598	 0.71498233	 -0.19278279	 -0.010250719	 9.059967	 -16.270678	 0.85810184	Scatto 10m	3	Braccio
77	 3065160289	 0.9981498875558674	 0.018920933940251183	 0.05702216291486317	 0.009342010894276056	 0.4319965515947928	 0.26320918417898104	 0.07025798525611268	 -1.499755859375	 -0.7734375	 -0.612548828125	 0.67037576	 0.7233096	 -0.16030736	 0.041488968	 18.667652	 -11.687762	 11.491234	Scatto 10m	3	Braccio
78	 3065176956	 0.9971842600697787	 0.0061808912995845455	 0.07269902673409952	 0.017326268027055114	 0.7717621881142338	 0.5024534529962084	 -0.28399859934310434	 -1.59716796875	 -0.745361328125	 -0.7099609375	 0.6768415	 0.7177332	 -0.12288393	 0.107909486	 37.547916	 7.4870787	 33.516617	Scatto 10m	3	Braccio
79	 3065193623	 0.9970452120231595	 0.02299130962222623	 0.07243925089892773	 0.011171382759080114	 0.44684036042961844	 0.3305039918013968	 -0.38570811088166174	 -1.69091796875	 -0.70751953125	 -0.80859375	 0.667071	 0.72051764	 -0.079376996	 0.17195898	 19.006706	 21.401232	 18.967115	Scatto 10m	3	Braccio
80	 3065210290	 0.9977910667084506	 0.02814299674503873	 0.059858240163525055	 -0.006160358394348336	 0.1780221661622466	 0.414922569850758	 -0.3755398639528751	 -1.742919921875	 -0.68212890625	 -0.896728515625	 0.6511692	 0.7273792	 -0.030790607	 0.21436	 -2.057586	 21.10424	 18.327232	Scatto 10m	3	Braccio
81	 3065226957	 0.9987297043479362	 0.004565812319478668	 0.048725522437810365	 -0.011998102937958886	 0.15497823429937863	 0.43689436588950503	 -0.4395076946705372	 -1.77001953125	 -0.69140625	 -0.984375	 0.6504324	 0.7198209	 0.009942728	 0.24227397	 -7.3748703	 23.520224	 19.537462	Scatto 10m	3	Braccio
82	 3065243624	 0.9992459067113825	 -0.013995197575288554	 0.036125471760759566	 -0.0025889487129567568	 0.05985808692433171	 0.25916514023517634	 -0.42717615849935614	 -1.78466796875	 -0.710693359375	 -1.0673828125	 0.6590117	 0.70285064	 0.031186901	 0.26595485	 -10.811317	 22.605028	 7.0295887	Scatto 10m	3	Braccio
83	 3065260291	 0.999705493140406	 -0.008176024732957199	 0.022719498198047115	 0.002429816061468228	 0.08124969602935499	 0.12175736169937154	 -0.32690472534009096	 -1.7958984375	 -0.703125	 -1.12353515625	 0.661501	 0.6935472	 0.041635815	 0.28226832	 -6.1890545	 18.779491	 -1.394309	Scatto 10m	3	Braccio
84	 3065276958	 0.9998582969999266	 -0.004387703723925163	 0.016019819951054243	 -0.0027384932305103762	 -0.016948631283065084	 0.12273326650745804	 -0.2255815014779054	 -1.797607421875	 -0.710693359375	 -1.162353515625	 0.6626479	 0.68856305	 0.05230052	 0.2899029	 -9.204077	 10.741405	 -3.6183891	Scatto 10m	3	Braccio
85	 3065293625	 0.9999166805560616	 3.00257457032993E-4	 0.01060454147175953	 -0.007354283879506999	 -0.14122341814045825	 0.15680487875979984	 -0.16926362598567973	 -1.79443359375	 -0.720703125	 -1.1943359375	 0.6621433	 0.68793	 0.06418023	 0.29017198	 -14.685526	 3.9851377	 -4.1634684	Scatto 10m	3	Braccio
87	 3065326959	 0.999898631906672	 -0.005909081883512302	 0.0038870687444647737	 -0.012357158210343862	 -0.34098412247115234	 0.32261945309156836	 -0.420306324655163	 -1.78466796875	 -0.7490234375	 -1.214111328125	 0.666513	 0.6870963	 0.074475594	 0.27948627	 -15.913506	 5.4876585	 -5.5157537	Scatto 10m	3	Braccio
88	 3065343626	 0.9998313316769143	 -0.00927132862996416	 -0.012157820702004564	 -0.010175365270166624	 -0.12301534486487364	 0.053556185185998785	 -0.16823465604933596	 -1.77392578125	 -0.76318359375	 -1.203125	 0.67518866	 0.6859208	 0.07178066	 0.26168802	 -11.882332	 5.0140257	 -9.214614	Scatto 10m	3	Braccio
89	 3065360293	 0.9995119527455637	 -0.020518940837170763	 -0.020053548126588	 -0.012356560735304384	 -0.07531021699315743	 -0.008277343299019762	 -0.1441065710085024	 -1.757568359375	 -0.787841796875	 -1.180419921875	 0.6923679	 0.67844725	 0.06253481	 0.2375406	 -7.669368	 5.700563	 -11.838205	Scatto 10m	3	Braccio
90	 3065376960	 0.9992890205970095	 -0.026066779684715047	 -0.02339772680664921	 -0.013947139184054023	 -0.010539713153250066	 -0.05793084892407624	 -0.11368664071922562	 -1.740478515625	 -0.816162109375	 -1.17529296875	 0.7131561	 0.6668295	 0.050838616	 0.2101483	 -2.5051632	 6.0801315	 -13.783983	Scatto 10m	3	Braccio
91	 3065393627	 0.9993227402420334	 -0.02482538898728842	 -0.02208293265952783	 -0.015814707772770203	 0.016150086454611485	 -0.05882771441518768	 -0.07268895003199573	 -1.717529296875	 -0.850341796875	 -1.156005859375	 0.73252404	 0.6545937	 0.04155877	 0.18217699	 0.15040019	 4.3449945	 -13.488532	Scatto 10m	3	Braccio
92	 3065410294	 0.9994037711689346	 -0.021403056222897232	 -0.019641604564539974	 -0.018660619704645318	 0.030992704008542878	 -0.04678421252157427	 -0.029716034328676987	 -1.690673828125	 -0.883056640625	 -1.158447265625	 0.74923307	 0.6432047	 0.0365004	 0.15364082	 1.7870071	 2.072337	 -12.463664	Scatto 10m	3	Braccio
93	 3065426961	 0.999332068629664	 -0.021266758773229588	 -0.01894093236663348	 -0.02289940306471971	 0.05657472156765979	 0.045118992535880705	 4.1428412803003276E-4	 -1.6572265625	 -0.923828125	 -1.1484375	 0.76565903	 0.63052446	 0.03465022	 0.12249405	 2.742906	 1.2454265	 -6.6860714	Scatto 10m	3	Braccio
94	 3065443628	 0.9995865993017943	 -0.015503835536907373	 -0.01538428602509847	 -0.018697200951392913	 0.1607046657967617	 0.24058246837177147	 0.08156053158489474	 -1.62255859375	 -0.96435546875	 -1.14892578125	 0.77709615	 0.62099636	 0.03349296	 0.096765555	 8.292657	 0.027083512	 6.2038994	Scatto 10m	3	Braccio
95	 3065460295	 0.9996972090379522	 -0.010148963849781978	 -0.02233830968280481	 -0.001867804866558784	 0.507562994387055	 0.34855379756055577	 0.19421649858383516	 -1.610107421875	 -0.975341796875	 -1.1298828125	 0.7834064	 0.6161165	 0.016747886	 0.07996591	 29.557585	 -0.9900542	 15.205166	Scatto 10m	3	Braccio
96	 3065476962	 0.9989431355032071	 -0.03083742303689324	 -0.03369644992914365	 -0.005120022816115691	 0.3434341501683432	 0.29451717023733454	 0.17021796379414394	 -1.594482421875	 -0.986328125	 -1.1201171875	 0.8020377	 0.59467036	 -0.009420181	 0.054902144	 19.707184	 -2.8127675	 11.278681	Scatto 10m	3	Braccio
107	 3065660299	 0.9661592348931938	 0.20775396965329612	 -0.003994205546908048	 0.15283542536318165	 0.610898839920043	 0.06759743279019614	 0.8321520851250769	 -1.745361328125	 -0.63330078125	 -0.85205078125	 0.6445173	 0.7393354	 -0.091206826	 0.17222685	 8.926403	 3.4381585	 2.337325	Scatto 10m	3	Braccio
108	 3065676966	 0.9989997994232331	 -0.00849795101166273	 0.036911005130099574	 0.023764748709574096	 0.42806339217011413	 0.3467779156779779	 -0.14328339477572513	 -1.79296875	 -0.59619140625	 -0.9228515625	 0.6498067	 0.7242361	 -0.08605391	 0.21407521	 15.031058	 7.599579	 19.897646	Scatto 10m	3	Braccio
113	 3065760301	 0.9815984401681048	 0.09426290222870926	 0.14436289682656017	 0.08208752367326126	 1.3810194195896335	 2.0536634941864778	 -0.868621556886263	 -1.897705078125	 -0.380859375	 -1.195556640625	 0.56151223	 0.7362712	 -0.032097727	 0.37626946	 -0.6694609	 1.92581	 12.18293	Scatto 10m	3	Braccio
114	 3065776968	 0.9999425322219011	 0.009171991920399969	 0.00421250557944937	 0.0036140855838807384	 0.15717376893745566	 0.20618800115396857	 -0.048364955970272384	 -1.8974609375	 -0.368408203125	 -1.202392578125	 0.5527975	 0.7404472	 -0.029128732	 0.38118833	 -0.60843277	 1.4264941	 5.934434	Scatto 10m	3	Braccio
116	 3065810302	 0.9997766713021699	 0.01077016982033574	 0.01686720244696766	 -0.006790319845710074	 0.20002173120229594	 0.21482873284105902	 -0.08621714122177992	 -1.8974609375	 -0.37890625	 -1.2314453125	 0.5466078	 0.74154454	 -0.010675521	 0.38886723	 -0.13314655	 1.9473445	 -3.1933756	Scatto 10m	3	Braccio
117	 3065826969	 0.9998630128262211	 0.004915844325267038	 0.013692335066101319	 -0.007893669430587837	 0.01553391444147514	 0.002399032514051877	 -0.03423509056117907	 -1.897705078125	 -0.39111328125	 -1.2626953125	 0.54561657	 0.7396595	 0.004688502	 0.39393458	 -0.57573795	 2.0037372	 -8.939862	Scatto 10m	3	Braccio
118	 3065843636	 0.9998438534812853	 0.005208801068069424	 0.014090701449699263	 -0.009305330718606841	 -0.021340691563334464	 -0.008994623571521653	 -0.023541815361138467	 -1.894775390625	 -0.40966796875	 -1.288818359375	 0.54484797	 0.73756593	 0.021486755	 0.3983411	 -1.4839733	 0.7958746	 -10.856801	Scatto 10m	3	Braccio
119	 3065860303	 0.9998611678410363	 0.005896624940707362	 0.013184298643431598	 -0.008309580443588484	 -0.009940892523788325	 0.018133547393123794	 -0.026088132493220593	 -1.8916015625	 -0.42822265625	 -1.31396484375	 0.5431042	 0.7360052	 0.037419792	 0.40241027	 -1.8010459	 0.5115766	 -9.118045	Scatto 10m	3	Braccio
123	 3065926971	 0.9958601097467084	 -0.059844818007997125	 0.06063487932063386	 -0.03169622978582488	 0.44802574464948985	 0.31235041087976617	 -0.09991904140951613	 -1.863037109375	 -0.48486328125	 -1.467529296875	 0.5947567	 0.67790276	 0.07119543	 0.42619663	 6.0251927	 5.983309	 10.315388	Scatto 10m	3	Braccio
131	 3066060307	 0.9965521369071922	 0.08201208249960257	 -0.009013619609982095	 0.008752794485974992	 1.8183877271020008	 1.7194201487584528	 -9.147271259286605E-4	 -1.866943359375	 -0.485107421875	 -1.435546875	 0.5294566	 0.7359078	 0.0915732	 0.41198316	 3.4583607	 -1.0921607	 -3.5292692	Scatto 10m	3	Braccio
132	 3066076974	 0.9996689669270918	 0.020521543187212943	 -0.015154540449418859	 -0.003341067479595755	 0.03205945513249183	 0.04277473739255612	 0.05885176386066901	 -1.875	 -0.500732421875	 -1.38525390625	 0.51643425	 0.75313133	 0.09441004	 0.39645368	 2.94345	 -2.4783447	 -6.9940176	Scatto 10m	3	Braccio
133	 3066093641	 0.9997183218917906	 0.01839998765120715	 -0.014386883100565906	 -0.004211285189636594	 0.015371076161957018	 0.0022258888802687412	 0.057392943539934876	 -1.873046875	 -0.5107421875	 -1.3427734375	 0.5051149	 0.7682116	 0.0976077	 0.38102868	 2.9725037	 -1.9721326	 -9.760748	Scatto 10m	3	Braccio
134	 3066110308	 0.9996769956099615	 0.022649972768899906	 -0.010481579870923631	 -0.004797881326041642	 0.014464486525628789	 -0.049201166791462324	 0.05532662335794764	 -1.872314453125	 -0.525390625	 -1.306396484375	 0.49019927	 0.7832722	 0.10496283	 0.36765814	 3.5671585	 -0.4709887	 -12.55817	Scatto 10m	3	Braccio
135	 3066126975	 0.9995693846552478	 0.02819146496211411	 -0.005998083753595369	 -0.005505411383728843	 0.01821396829860664	 -0.0723126539059775	 0.050731945435248255	 -1.8701171875	 -0.53564453125	 -1.27783203125	 0.47044158	 0.79862446	 0.11714697	 0.35659572	 3.6960392	 0.63298905	 -13.714408	Scatto 10m	3	Braccio
136	 3066143642	 0.9995147652527978	 0.030446856073625128	 -0.0014779238385905227	 -0.006406148453152655	 0.01364027534423143	 -0.061036500857438905	 0.055814030351153926	 -1.8662109375	 -0.55078125	 -1.254638671875	 0.4482869	 0.81250936	 0.1329571	 0.34812358	 3.4125955	 0.13584872	 -13.504033	Scatto 10m	3	Braccio
141	 3066226977	 0.9919721468960568	 0.1169785143138391	 0.029571510731631778	 -0.03785251278850144	 0.12020709244485857	 -0.244297082112454	 0.3143376366340498	 -1.843994140625	 -0.615478515625	 -1.2275390625	 0.35943675	 0.84295124	 0.22073601	 0.33393756	 4.332158	 2.4922493	 -12.175572	Scatto 10m	3	Braccio
142	 3066243644	 0.9996369829166397	 0.01601602764017057	 0.019678252958683366	 -0.009063972883955038	 0.08330632772582333	 -0.0529962137118757	 0.02543856620600045	 -1.8408203125	 -0.629638671875	 -1.248291015625	 0.3447112	 0.8396787	 0.24166274	 0.34309325	 4.0777593	 4.410103	 -10.972454	Scatto 10m	3	Braccio
147	 3066326979	 0.9807842665379576	 0.04110126801966002	 0.19067799584993397	 0.0038483993333910814	 1.9690702922189387	 0.772922415744165	 -1.2780063969403468	 -1.78466796875	 -0.641357421875	 -1.588134765625	 0.2553407	 0.77330875	 0.31648043	 0.4864517	 4.5414248	 8.717557	 25.448185	Scatto 10m	3	Braccio
148	 3066343646	 0.9998859041916696	 -0.0032723577982975427	 0.011013198968656325	 0.009807126068536093	 0.1462535336068994	 0.27627027709504964	 -0.0075448265513374385	 -1.77490234375	 -0.624755859375	 -1.6328125	 0.24917538	 0.7702355	 0.31017283	 0.49843943	 6.4240975	 -4.6350036	 7.1933517	Scatto 10m	3	Braccio
149	 3066360313	 0.9998988562236896	 -0.0063056719299174335	 -0.008209547385197136	 0.00975290499287085	 0.19727072931581696	 0.2735084790714759	 -0.09324235693049869	 -1.7861328125	 -0.597900390625	 -1.62744140625	 0.25153574	 0.7756715	 0.29776022	 0.4963897	 2.253153	 -2.252434	 10.93713	Scatto 10m	3	Braccio
150	 3066376980	 0.9999742782818635	 0.0050836664021144395	 -0.003484663760708995	 0.0036682733067567586	 0.27671813798793166	 0.15227468125098792	 -0.0994743296592523	 -1.793701171875	 -0.59130859375	 -1.611328125	 0.24677831	 0.7796789	 0.2970377	 0.49291974	 1.9009581	 5.9827437	 9.037794	Scatto 10m	3	Braccio
151	 3066393647	 0.9997977356963033	 0.018891408973709334	 0.005807842373460882	 0.0037244235121964846	 0.22761719028645028	 0.10717528476948569	 -0.08130812757929644	 -1.79248046875	 -0.593017578125	 -1.61181640625	 0.22839147	 0.78236514	 0.3053242	 0.49246255	 1.5425091	 5.555165	 4.965806	Scatto 10m	3	Braccio
152	 3066410314	 0.9994510310161785	 0.02804663374892319	 0.017238196542791243	 0.0037239113850466576	 0.12873028127938438	 0.10386598303944646	 -0.08089288910021196	 -1.78857421875	 -0.6025390625	 -1.6142578125	 0.19918245	 0.7809078	 0.32053012	 0.49776486	 -0.31535152	 1.260746	 1.15802	Scatto 10m	3	Braccio
153	 3066426981	 0.999327458537128	 0.029077065560012105	 0.021855066537133094	 0.0046379886589804084	 0.042359893148231	 0.10076838202527899	 -0.05349430752888251	 -1.777587890625	 -0.614990234375	 -1.637939453125	 0.16706339	 0.77665704	 0.33615914	 0.5058566	 -0.3236062	 -2.585242	 -2.991912	Scatto 10m	3	Braccio
154	 3066443648	 0.9994765088679678	 0.026021992569432356	 0.018157874290309187	 0.006313139082326891	 0.004332661463589849	 0.11000372095965501	 -0.020696086950095553	 -1.768310546875	 -0.62255859375	 -1.650634765625	 0.13764124	 0.77335066	 0.3480594	 0.5117016	 1.2798439	 -4.667636	 -5.1481524	Scatto 10m	3	Braccio
155	 3066460315	 0.9997338536973256	 0.01632408211725303	 0.015032865508488426	 0.006305479294002187	 0.03375566182434016	 0.11423455397222265	 -0.02968698650473052	 -1.759521484375	 -0.625244140625	 -1.665283203125	 0.1168543	 0.7696412	 0.3544471	 0.51803946	 1.6136498	 -3.818784	 -3.7252793	Scatto 10m	3	Braccio
156	 3066476982	 0.9998688118120787	 0.0028208146764964748	 0.015116298647274097	 0.005089173338486519	 0.04416082738011619	 0.09980654589209534	 -0.042894794169250475	 -1.751953125	 -0.62109375	 -1.697021484375	 0.10712746	 0.76354617	 0.35476226	 0.52883345	 0.83449984	 -3.0398812	 -3.522139	Scatto 10m	3	Braccio
157	 3066493649	 0.9998584456922776	 -0.004786008928868268	 0.015523654419069888	 0.004381649213822809	 0.06265629972280122	 0.07836066957338639	 -0.04769116051336242	 -1.7421875	 -0.607666015625	 -1.72900390625	 0.103486925	 0.7559661	 0.3516266	 0.5423696	 0.19262816	 -1.5559834	 -3.3349757	Scatto 10m	3	Braccio
158	 3066510316	 0.9998767636198259	 -0.003574500794436497	 0.015091860950969762	 0.0024323343211390125	 0.1381465642555975	 0.06389511180578826	 -0.05663176844765871	 -1.730712890625	 -0.59912109375	 -1.758056640625	 0.10014929	 0.74788237	 0.3505348	 0.5547681	 -0.069318004	 1.7654306	 -0.23031521	Scatto 10m	3	Braccio
159	 3066526983	 0.9998805589056804	 0.0025676146513048947	 0.015232935178538744	 4.8266273214081506E-4	 0.19043042032655394	 0.08520386769775945	 -0.0663106264364168	 -1.71533203125	 -0.59912109375	 -1.78759765625	 0.09320533	 0.73950636	 0.35422638	 0.56477165	 0.109097876	 2.5513198	 3.0708485	Scatto 10m	3	Braccio
160	 3066543650	 0.9998314576466375	 0.006839973056160242	 0.01699872379008544	 0.0011464982771282606	 0.1663878949833934	 0.13312857583723342	 -0.0691790868077165	 -1.69970703125	 -0.603271484375	 -1.802734375	 0.08204708	 0.7305807	 0.35988173	 0.57446086	 0.70573384	 -0.6577406	 3.5946932	Scatto 10m	3	Braccio
161	 3066560317	 0.9997830750681614	 0.010000169008597876	 0.01810158774209053	 0.002476277097985619	 0.12133887983404193	 0.15119946721087532	 -0.04332864689382864	 -1.681396484375	 -0.60595703125	 -1.836181640625	 0.06741948	 0.7214814	 0.36636817	 0.58368963	 2.164465	 -2.8520098	 1.5557976	Scatto 10m	3	Braccio
162	 3066576984	 0.999778211169041	 0.01404547781203827	 0.015603139698772363	 0.0016718421590049548	 0.09699619954668875	 0.1498443678905296	 -0.008473307836439667	 -1.666015625	 -0.6171875	 -1.84716796875	 0.051298227	 0.7134752	 0.3755411	 0.5893136	 3.8797612	 -3.1297476	 -0.3200245	Scatto 10m	3	Braccio
163	 3066593651	 0.9998273184486471	 0.015272429882817934	 0.010583504125540379	 -2.7497215627209087E-4	 0.08942004741534404	 0.14599052696958636	 0.002159072268494412	 -1.653076171875	 -0.63427734375	 -1.86181640625	 0.037388913	 0.7074247	 0.38649666	 0.5905698	 4.398902	 -2.994117	 -1.026103	Scatto 10m	3	Braccio
166	 3066643652	 0.9993323803489479	 0.030365186427336044	 0.017985687432685863	 -0.009447967342901459	 0.38752923817329854	 0.3308330034785283	 -0.043594767173615045	 -1.619384765625	 -0.68310546875	 -1.866455078125	 0.01725947	 0.6923847	 0.41559935	 0.5895615	 1.6056807	 0.9290953	 0.16149712	Scatto 10m	3	Braccio
167	 3066660319	 0.9999381059774538	 0.008670650135063268	 0.006097218130330207	 -0.0033805282913757233	 0.14165338430374425	 0.06870338340494687	 -0.025635770233556718	 -1.6123046875	 -0.69384765625	 -1.86474609375	 0.011645735	 0.6869749	 0.4244686	 0.58970875	 0.65716565	 1.6535276	 -0.40912914	Scatto 10m	3	Braccio
168	 3066676986	 0.9999178244543031	 0.010400273093882834	 0.006895481486141165	 -0.002937855207552631	 0.148544366220393	 0.05725803938041395	 -0.03129330862186743	 -1.601806640625	 -0.712890625	 -1.86865234375	 0.0042107184	 0.6812184	 0.43396506	 0.5895747	 -0.08865686	 2.2138734	 -0.33388996	Scatto 10m	3	Braccio
169	 3066693653	 0.9998926575312257	 0.011602998229055625	 0.008533154441777824	 -0.002688702756416195	 0.13654441718862192	 0.05252582877069081	 -0.028897690383143902	 -1.58935546875	 -0.72705078125	 -1.865234375	 -0.0049427077	 0.674504	 0.44388208	 0.58990574	 -0.14615037	 2.042907	 -1.1032104	Scatto 10m	3	Braccio
170	 3066710320	 0.9998535518134949	 0.013977008571142813	 0.009472627193720053	 -0.0027906077098025506	 0.1132950197779537	 0.05670629219405414	 -0.026712701011694297	 -1.57666015625	 -0.747802734375	 -1.86279296875	 -0.016085666	 0.6670268	 0.4551144	 0.5896502	 0.17142639	 1.1182952	 -2.1271653	Scatto 10m	3	Braccio
171	 3066726987	 0.9998180224518384	 0.016364026423081476	 0.009452025164192303	 -0.002607650286259922	 0.10250673932296495	 0.06674589220068572	 -0.021520064351475687	 -1.564453125	 -0.771240234375	 -1.869873046875	 -0.028928744	 0.65939415	 0.4674692	 0.5880777	 0.8325408	 0.55197716	 -2.4274635	Scatto 10m	3	Braccio
172	 3066743654	 0.9998181323155062	 0.01663184139767579	 0.008986111519123154	 -0.002516732926095999	 0.10428853527237755	 0.06650110886634295	 -0.020173196591307216	 -1.550048828125	 -0.791015625	 -1.865234375	 -0.04176772	 0.65182763	 0.47975674	 0.58584106	 0.88060504	 0.69206095	 -2.377677	Scatto 10m	3	Braccio
173	 3066760321	 0.9998370442686866	 0.01585556342789704	 0.00826590733499244	 -0.0024820943514746734	 0.10626950654421555	 0.06275505422629812	 -0.021802883653678433	 -1.541015625	 -0.812744140625	 -1.85302734375	 -0.053762853	 0.64449745	 0.49143052	 0.58329123	 0.65278697	 0.8487352	 -2.3702788	Scatto 10m	3	Braccio
174	 3066776988	 0.9998505475231853	 0.015119783541587647	 0.007957711557647852	 -0.0026362075046305056	 0.10666469274061124	 0.059916949433844374	 -0.023890012169397103	 -1.523681640625	 -0.831787109375	 -1.8525390625	 -0.065025344	 0.63710815	 0.50262475	 0.5807181	 0.4513234	 0.89282316	 -2.4000478	Scatto 10m	3	Braccio
175	 3066793655	 0.9998547550586796	 0.015033329371001145	 0.007606143156547674	 -0.0025718438624505184	 0.10737086117846868	 0.05710513096052943	 -0.023570555128442854	 -1.5126953125	 -0.8544921875	 -1.845458984375	 -0.07607911	 0.6297703	 0.5135925	 0.5777753	 0.3374274	 1.0288328	 -2.4595952	Scatto 10m	3	Braccio
176	 3066810322	 0.9998518571706435	 0.015341451539339912	 0.007444251408285031	 -0.0023423701781163375	 0.10491318499405092	 0.056103300634663414	 -0.023404981776901042	 -1.501708984375	 -0.873779296875	 -1.836181640625	 -0.08735796	 0.62243575	 0.52444005	 0.5743736	 0.32979125	 0.99741083	 -2.6147966	Scatto 10m	3	Braccio
177	 3066826989	 0.999846165687509	 0.01593101250382597	 0.0070894007437722895	 -0.001894253859351658	 0.10093782914895184	 0.059795982575562207	 -0.02129035907961424	 -1.493408203125	 -0.89111328125	 -1.81591796875	 -0.0990543	 0.6152967	 0.5352099	 0.5702183	 0.63153255	 0.87611663	 -2.740407	Scatto 10m	3	Braccio
178	 3066843656	 0.9998462562212377	 0.01603336387158304	 0.007014354360327324	 -0.001092701351840142	 0.09903716990453199	 0.06594369704280736	 -0.020254306347370625	 -1.487548828125	 -0.909423828125	 -1.802490234375	 -0.111197315	 0.6084243	 0.54537886	 0.56570035	 1.0002071	 0.73857945	 -2.6786513	Scatto 10m	3	Braccio
179	 3066860323	 0.9998638494794063	 0.015083879788794347	 0.0066891160676821335	 1.2165925126478296E-4	 0.09026532721453656	 0.07159636236266281	 -0.012320065043309424	 -1.476806640625	 -0.925537109375	 -1.791015625	 -0.12323464	 0.6023155	 0.5541506	 0.56120104	 1.6971939	 0.72051996	 -3.1098313	Scatto 10m	3	Braccio
180	 3066876990	 0.9998901891873013	 0.013652815305097099	 0.0054673866564978755	 0.0018215060735670696	 0.08848792917663402	 0.08015887347255313	 -0.011333860387067109	 -1.474365234375	 -0.94091796875	 -1.77880859375	 -0.13464348	 0.5978454	 0.56111467	 0.5564193	 2.209872	 0.57507545	 -2.9884925	Scatto 10m	3	Braccio
181	 3066893657	 0.999902505907459	 0.012664334595467529	 0.004553821409711556	 0.0037223675001983873	 0.096159704477975	 0.08669542076190234	 -0.024570828310872678	 -1.4736328125	 -0.9501953125	 -1.763671875	 -0.14595938	 0.5949409	 0.5664115	 0.5512889	 2.0718005	 0.108952366	 -2.1825233	Scatto 10m	3	Braccio
182	 3066910324	 0.9999111383587407	 0.011554219412311592	 0.004865453697108003	 0.0045324121856678	 0.09626635212497339	 0.07826243529577635	 -0.0363095970914476	 -1.4755859375	 -0.953125	 -1.7548828125	 -0.15719123	 0.5923605	 0.57048666	 0.5467587	 1.4066461	 -0.26007578	 -2.1898546	Scatto 10m	3	Braccio
183	 3066926991	 0.9999071475724771	 0.011082802342603988	 0.005951499888138589	 0.005239024221052047	 0.09121370186272654	 0.07395081949893845	 -0.04356428871824676	 -1.478515625	 -0.95947265625	 -1.753173828125	 -0.1691061	 0.58955544	 0.5736364	 0.5429263	 1.1712122	 -0.69044983	 -2.42272	Scatto 10m	3	Braccio
184	 3066943658	 0.99986569256668	 0.012918910714490035	 0.007846381620505829	 0.006335050873499115	 0.0968362582471464	 0.08210474157968703	 -0.055661043558372904	 -1.48095703125	 -0.958984375	 -1.746826171875	 -0.18373138	 0.58591133	 0.57671785	 0.5388389	 1.3043156	 -1.2872715	 -1.6991463	Scatto 10m	3	Braccio
185	 3066960325	 0.9998068273967307	 0.015012731340683677	 0.009635814016390132	 0.008250871276305251	 0.10709383077028224	 0.10481506860926866	 -0.062400494408238937	 -1.48193359375	 -0.9677734375	 -1.7294921875	 -0.20156497	 0.58184046	 0.5793307	 0.5340498	 2.3398535	 -1.744105	 -0.521636	Scatto 10m	3	Braccio
186	 3066976992	 0.9997934012886142	 0.014234619158322616	 0.009564867181429295	 0.01091071367800639	 0.10469575442489987	 0.13143782062507112	 -0.06022886378735991	 -1.486083984375	 -0.963623046875	 -1.716064453125	 -0.22021064	 0.5792732	 0.57982546	 0.5289161	 4.088448	 -2.1520934	 -0.14988041	Scatto 10m	3	Braccio
187	 3066993659	 0.9998245780985147	 0.010904793348463712	 0.0075927928138516685	 0.013200303384411196	 0.11758068715437782	 0.14536096556046613	 -0.06007964381560658	 -1.49853515625	 -0.957275390625	 -1.7138671875	 -0.23685843	 0.5795786	 0.5775271	 0.5238793	 4.958794	 -2.0440729	 0.6776552	Scatto 10m	3	Braccio
188	 3067010326	 0.999870733347509	 0.0057047501588184946	 0.00472356011639602	 0.01427096354724472	 0.16148454343635935	 0.1463689177424108	 -0.06891697294258224	 -1.514404296875	 -0.94775390625	 -1.71044921875	 -0.24927197	 0.5830472	 0.57247484	 0.5198002	 4.5755405	 -1.4895623	 3.0307465	Scatto 10m	3	Braccio
189	 3067026993	 0.9998943666081631	 9.133603319927963E-4	 0.003494499222798153	 0.014078702828953684	 0.22239628907037245	 0.13889689406715575	 -0.08923400703355006	 -1.53076171875	 -0.92919921875	 -1.709716796875	 -0.25799686	 0.5880986	 0.56528884	 0.5177124	 3.3765516	 -1.1233054	 6.419859	Scatto 10m	3	Braccio
190	 3067043660	 0.9998948459777475	 -0.0022233409656526315	 0.004313202705670206	 0.013665651265378609	 0.2556216411623229	 0.14026074901010133	 -0.10998851942616014	 -1.54736328125	 -0.909423828125	 -1.72021484375	 -0.26506352	 0.59319043	 0.55644816	 0.5179109	 3.0435336	 -1.6750934	 8.558893	Scatto 10m	3	Braccio
191	 3067060327	 0.999879607077246	 -0.0013393994585142455	 0.00616460437144012	 0.014176565630869055	 0.24361441916354254	 0.15742319033711016	 -0.11444050442849309	 -1.55859375	 -0.886474609375	 -1.736572265625	 -0.27388248	 0.5972611	 0.5472084	 0.5184889	 4.339658	 -2.7413042	 8.17757	Scatto 10m	3	Braccio
192	 3067076994	 0.9998553590056729	 0.004394119498196042	 0.0072047179990729635	 0.014766340779844123	 0.20305034188522625	 0.15901529316508334	 -0.10466045374567447	 -1.572509765625	 -0.867919921875	 -1.734619140625	 -0.28689593	 0.5994001	 0.54024935	 0.516276	 5.2578087	 -3.5010366	 5.6461935	Scatto 10m	3	Braccio
193	 3067093661	 0.9998339882988156	 0.010265600081467624	 0.006633406959691501	 0.013513371509665863	 0.17254484759276895	 0.15192238105095784	 -0.08696896404811781	 -1.584228515625	 -0.85595703125	 -1.73583984375	 -0.3023322	 0.5992972	 0.53717464	 0.5107657	 5.7653418	 -3.3501256	 3.3413553	Scatto 10m	3	Braccio
194	 3067110328	 0.9998428275650729	 0.01290028510792171	 0.005118276676419898	 0.011032046713002452	 0.14963052225147727	 0.15017509280712293	 -0.06554548985616206	 -1.591796875	 -0.84716796875	 -1.727783203125	 -0.3171106	 0.59765184	 0.5373159	 0.5035325	 6.550826	 -2.7272663	 1.4526672	Scatto 10m	3	Braccio
195	 3067126995	 0.9998720064466495	 0.013205697936307492	 0.003605880399879802	 0.008281177024303867	 0.1302932818940903	 0.14201205109843185	 -0.041493224044332117	 -1.59912109375	 -0.847900390625	 -1.724853515625	 -0.3297233	 0.5950156	 0.539668	 0.4959817	 6.8675594	 -1.6415106	 -0.3233118	Scatto 10m	3	Braccio
196	 3067143662	 0.9999038535627391	 0.012373996457368197	 0.0030152399004283463	 0.0054841745413668486	 0.11529619933746316	 0.11711528808621435	 -0.020397502135008745	 -1.606201171875	 -0.847412109375	 -1.71435546875	 -0.34000993	 0.5912844	 0.5434101	 0.48936844	 5.9944253	 -0.35141516	 -1.8959341	Scatto 10m	3	Braccio
197	 3067160329	 0.999910408493063	 0.012579371872837308	 0.0036998585755324	 0.002691734950129088	 0.10522473114438755	 0.09105789721514901	 -0.008943993989127173	 -1.608154296875	 -0.85107421875	 -1.6982421875	 -0.34933197	 0.58550185	 0.54860085	 0.4839337	 4.7630205	 0.48944777	 -2.952507	Scatto 10m	3	Braccio
