2	 3357894349	 0.9999851201419601	 -0.0048065860844195285	 0.002573023056274493	 -1.891487098567568E-4	 -0.08966265241355217	 -0.13949574036525952	 -0.03835068427190079	 -0.697265625	 0.673583984375	 -1.239990234375	 0.20430426	 0.089263536	 0.7792324	 -0.5857381	 1.1550559	 0.34331653	 0.32765388	Triplo salto in lungo	5	Petto
3	 3357911016	 0.9999756828020819	 -0.005894028025131504	 0.0037262588105325127	 -9.609071667136816E-5	 -0.08365831090463828	 -0.1347650833862754	 -0.04304603001644947	 -0.697021484375	 0.671630859375	 -1.228271484375	 0.21728592	 0.097103074	 0.7824353	 -0.57545906	 0.57224613	 0.48703673	 0.020418167	Triplo salto in lungo	5	Petto
4	 3357927683	 0.9999618706386971	 -0.007606277817698293	 0.004281103329907333	 -2.719573425976618E-4	 -0.0813401556384539	 -0.1293783649539737	 -0.0482686537070591	 -0.70068359375	 0.673583984375	 -1.212646484375	 0.22449394	 0.10094943	 0.7882066	 -0.5640413	 0.34388787	 0.6658225	 -0.22669792	Triplo salto in lungo	5	Petto
5	 3357944350	 0.9999699884790427	 -0.00723634584725491	 0.002767206425877855	 -2.9323214543741653E-6	 -0.0816321436487683	 -0.12158371597251491	 -0.04869962447175618	 -0.699951171875	 0.673095703125	 -1.19482421875	 0.22938302	 0.102333665	 0.7942545	 -0.5532374	 0.47817603	 0.6168517	 -0.5856838	Triplo salto in lungo	5	Petto
6	 3357961017	 0.9999681898010349	 -0.007593174825157367	 0.0024239455784709767	 -2.959222004383505E-4	 -0.08555738112811269	 -0.11834136193136938	 -0.05118055675288927	 -0.70068359375	 0.671142578125	 -1.1796875	 0.2328179	 0.10244808	 0.8004406	 -0.54276645	 0.6717324	 0.644915	 -0.57576466	Triplo salto in lungo	5	Petto
7	 3357977684	 0.9999578243981996	 -0.008858482342202212	 0.0023647513748351616	 -5.335413269539486E-4	 -0.08275028068674871	 -0.11126451296252858	 -0.04739530548248952	 -0.705078125	 0.67236328125	 -1.162841796875	 0.23566625	 0.101674385	 0.80711514	 -0.5316853	 0.7292012	 0.3928282	 -1.0590467	Triplo salto in lungo	5	Petto
8	 3357994351	 0.9999455252219134	 -0.010095689732538105	 0.002591493555319069	 -5.547960427023241E-4	 -0.08107715712213864	 -0.1088052767265178	 -0.049956834776076625	 -0.705322265625	 0.668701171875	 -1.142578125	 0.23795456	 0.10049092	 0.8140435	 -0.5202043	 0.64104813	 0.3948942	 -1.1698322	Triplo salto in lungo	5	Petto
10	 3358027685	 0.9998043811353173	 -0.019002045308511017	 0.005472911878546261	 -4.1106238964679076E-4	 -0.15857051062469957	 -0.21874174458729123	 -0.09520396387832397	 -0.710205078125	 0.666015625	 -1.101806640625	 0.24104452	 0.09861477	 0.826351	 -0.49931663	 0.4609284	 -0.13176359	 -1.1938925	Triplo salto in lungo	5	Petto
12	 3358061019	 0.9997847699444911	 -0.019115837790257273	 0.007998322852441344	 -0.0010126026692984097	 -0.17065661443352728	 -0.2518059710785828	 -0.12292994051430774	 -0.712158203125	 0.66064453125	 -1.060791015625	 0.23977977	 0.09717088	 0.8381517	 -0.4801726	 0.13748237	 0.07376623	 0.2612753	Triplo salto in lungo	5	Petto
13	 3358077686	 0.9999364052740859	 -0.010544492103750303	 0.003933364366686731	 -7.264561733865E-4	 -0.08248760946862756	 -0.12342790639143233	 -0.07092548555122247	 -0.716064453125	 0.656982421875	 -1.041015625	 0.23852132	 0.095891416	 0.844314	 -0.4701561	 0.035936635	 0.096783064	 0.058574677	Triplo salto in lungo	5	Petto
14	 3358094353	 0.9999399726445197	 -0.010124796399123503	 0.0041282463179049276	 -7.05115516763069E-4	 -0.08129348749133543	 -0.11814931129551831	 -0.07466251844482394	 -0.72216796875	 0.65087890625	 -1.020263671875	 0.23670001	 0.094778985	 0.85022557	 -0.4605505	 0.07516942	 0.23321588	 -0.11510849	Triplo salto in lungo	5	Petto
15	 3358111020	 0.9999422174086113	 -0.009871590293730526	 0.004240905870776746	 -3.581430123037466E-4	 -0.07564746370450551	 -0.11321708236556352	 -0.06456548588479745	 -0.72265625	 0.6494140625	 -1.001708984375	 0.23467907	 0.09401439	 0.85594136	 -0.45105627	 0.13827495	 -0.33032283	 -0.7777586	Triplo salto in lungo	5	Petto
16	 3358127687	 0.9999335407456377	 -0.010674638642200474	 0.004353487328073392	 -1.1545490406303371E-4	 -0.07441646477067149	 -0.11420023592437704	 -0.05598159922658287	 -0.725341796875	 0.64208984375	 -0.9794921875	 0.23254757	 0.093328916	 0.8618345	 -0.4409681	 0.2661874	 -0.9772087	 -1.0302248	Triplo salto in lungo	5	Petto
17	 3358144354	 0.9999235621751462	 -0.011577039174733073	 0.004339538088700912	 -1.0188272734684702E-4	 -0.08099331814764163	 -0.11976035385947988	 -0.0541210473150792	 -0.732666015625	 0.63720703125	 -0.95703125	 0.230352	 0.0925219	 0.867843	 -0.4303796	 0.5760206	 -1.4393646	 -0.6802931	Triplo salto in lungo	5	Petto
18	 3358161021	 0.9999159338932794	 -0.012160535608249146	 0.004499612326851866	 -2.9932726961640066E-6	 -0.0910023751335966	 -0.12383205345630582	 -0.06889765777738407	 -0.734375	 0.632080078125	 -0.93017578125	 0.2280528	 0.09180882	 0.873822	 -0.41952175	 0.7854433	 -1.0708244	 0.20407009	Triplo salto in lungo	5	Petto
19	 3358177688	 0.9999129182936679	 -0.012257779031888905	 0.004888886292576001	 3.838573080586217E-5	 -0.09835448563350718	 -0.1348451794376211	 -0.08650087329861225	 -0.7333984375	 0.620849609375	 -0.906982421875	 0.225431	 0.09132379	 0.8796973	 -0.40862402	 0.6578496	 -0.88657695	 1.411519	Triplo salto in lungo	5	Petto
20	 3358194355	 0.999840022739392	 -0.016397363671892817	 0.0071452486191056494	 -2.855301882921657E-5	 -0.09901833288199688	 -0.13538146745684665	 -0.10576422615594262	 -0.741455078125	 0.612548828125	 -0.8798828125	 0.2211144	 0.09078847	 0.88753843	 -0.39388043	 0.37621298	 -0.29439548	 2.0751305	Triplo salto in lungo	5	Petto
21	 3358211022	 0.9996777217696999	 -0.0231923895958413	 0.010321621371574885	 -1.7261065724333283E-4	 -0.09112764947870233	 -0.12134955508380996	 -0.12854447951008355	 -0.7470703125	 0.591796875	 -0.83642578125	 0.21440096	 0.089797094	 0.8984014	 -0.37261772	 -0.090889975	 0.88565826	 2.0869102	Triplo salto in lungo	5	Petto
22	 3358227689	 0.9996974455909327	 -0.022858860381639534	 0.009058755655074637	 -6.547724784877612E-4	 -0.08162552260035634	 -0.11066732604207905	 -0.139362059470082	 -0.760009765625	 0.5771484375	 -0.795654296875	 0.20839003	 0.08783308	 0.9084948	 -0.35142055	 -0.438785	 1.2326891	 1.8607941	Triplo salto in lungo	5	Petto
23	 3358244356	 0.9996092943987036	 -0.026249753343695503	 0.009453095165209648	 -0.0016875997506540649	 -0.06327044472049662	 -0.08653901573003597	 -0.16551078428801924	 -0.767578125	 0.552001953125	 -0.749267578125	 0.20169944	 0.084175594	 0.91945565	 -0.32685405	 -1.3410022	 2.8266363	 1.5979128	Triplo salto in lungo	5	Petto
24	 3358261023	 0.9996902574388974	 -0.021924674628359675	 0.011772579487416503	 -3.227946777899504E-4	 -0.03416807919418717	 -0.032631824333149845	 -0.15322375219189535	 -0.78125	 0.529052734375	 -0.7041015625	 0.19263707	 0.083092764	 0.9289046	 -0.30516076	 -1.620646	 4.2719502	 -1.3467741	Triplo salto in lungo	5	Petto
25	 3358277690	 0.9997219561180055	 -0.01977561187930571	 0.01274346562595563	 0.0015936480877722927	 -0.017474431733853588	 -0.015560788039154127	 -0.11163599611989747	 -0.7958984375	 0.5078125	 -0.672119140625	 0.18277852	 0.08419209	 0.9373678	 -0.28433344	 -1.360733	 3.2143946	 -3.9267693	Triplo salto in lungo	5	Petto
26	 3358294357	 0.9996639879540077	 -0.022291285257256016	 0.013229039343453321	 -4.803663649635692E-5	 -0.0120471464448416	 -0.025778916522118497	 -0.08370432199154186	 -0.810791015625	 0.484619140625	 -0.63330078125	 0.17197987	 0.083083734	 0.946273	 -0.2609364	 -1.223093	 1.5042672	 -4.8746924	Triplo salto in lungo	5	Petto
27	 3358311024	 0.9994867227672279	 -0.02723773952587788	 0.016654958317864402	 -0.0026474366804562642	 0.006720839678976638	 -0.0030560756209734273	 -0.07408975604524182	 -0.833251953125	 0.45068359375	 -0.58984375	 0.15735987	 0.07949467	 0.956414	 -0.23279017	 -1.6770127	 2.1818457	 -6.2934117	Triplo salto in lungo	5	Petto
28	 3358327691	 0.9995933159638956	 -0.023649938806221238	 0.0155935162190205	 -0.0032749544566118283	 0.004215598340078952	 0.015478827254592813	 -0.03422525020523218	 -0.85888671875	 0.416259765625	 -0.556396484375	 0.14303859	 0.07534414	 0.9646871	 -0.2079476	 -0.5740461	 1.7972013	 -8.554313	Triplo salto in lungo	5	Petto
29	 3358344358	 0.9996086773627245	 -0.023817018518719063	 0.014666447316548092	 3.7026090032123154E-4	 -0.008347546965783742	 0.021844680212568756	 -0.004556004309552622	 -0.885009765625	 0.3876953125	 -0.522216796875	 0.13021025	 0.074405655	 0.97173804	 -0.18230371	 0.6727301	 1.257538	 -9.915611	Triplo salto in lungo	5	Petto
30	 3358361025	 0.9995605720033849	 -0.02638241500614838	 0.013031550791487602	 0.00357907232089328	 -0.014031340582687535	 0.016719879907254348	 -0.006276562696431724	 -0.89990234375	 0.34814453125	 -0.484375	 0.11970396	 0.07573188	 0.9779083	 -0.15372421	 0.90816855	 0.9864267	 -9.572432	Triplo salto in lungo	5	Petto
31	 3358377692	 0.9994828003493924	 -0.0280288698139389	 0.0157468214383838	 7.428844307749671E-4	 -0.005119672997170515	 0.00631222999397221	 -0.02568659606517549	 -0.921142578125	 0.3056640625	 -0.45361328125	 0.10616122	 0.0743259	 0.9838384	 -0.123562805	 0.037887737	 0.81078184	 -8.415154	Triplo salto in lungo	5	Petto
32	 3358394359	 0.9995215541086694	 -0.026852465240829473	 0.015342637851345322	 4.598330596383461E-4	 0.009120970206684665	 0.013465715982998791	 -0.02099020753282714	 -0.94970703125	 0.266357421875	 -0.424072265625	 0.092745855	 0.072554454	 0.9885302	 -0.09456519	 -0.6333712	 1.1619291	 -8.925511	Triplo salto in lungo	5	Petto
33	 3358411026	 0.9995558583534798	 -0.025703436787885975	 0.015055649417239692	 8.641696329787378E-4	 0.008219855713677563	 0.012425737558788518	 -0.003963576187253968	 -0.9765625	 0.22119140625	 -0.399169921875	 0.07938198	 0.07120257	 0.99206156	 -0.06665529	 -0.4023695	 0.8332981	 -9.807854	Triplo salto in lungo	5	Petto
34	 3358427693	 0.9995417256197237	 -0.026589307747992202	 0.014198878433982211	 0.00278196151029941	 0.004102334098383992	 0.007996699382040765	 0.002680914758357764	 -0.999755859375	 0.180419921875	 -0.376708984375	 0.066911206	 0.07150647	 0.9944758	 -0.03778545	 -0.14550285	 0.47964734	 -10.068139	Triplo salto in lungo	5	Petto
35	 3358444360	 0.9995571274015019	 -0.028522521675895363	 0.007940192665940262	 0.002994688386718141	 -0.015430250912150723	 -0.010439917816164455	 0.006714115253402318	 -1.016357421875	 0.13232421875	 -0.352294921875	 0.06068551	 0.07158036	 0.99555904	 -0.007475353	 0.86953795	 -0.7764482	 -10.043029	Triplo salto in lungo	5	Petto
36	 3358461027	 0.9995934937399614	 -0.028005549191811828	 0.004600826502162648	 0.0027145686028678846	 -0.047094916956863644	 -0.01984105042280187	 -0.01617165969341427	 -1.0244140625	 0.084716796875	 -0.32861328125	 0.057694282	 0.07144216	 0.99553347	 0.021928616	 2.4943023	 -1.5485213	 -8.501335	Triplo salto in lungo	5	Petto
37	 3358477694	 0.9994023963848898	 -0.0321813537755681	 0.012554969852409672	 -0.0012582930169591118	 -0.056658158464183775	 -0.00895440904023158	 -0.03966326757111058	 -1.04443359375	 0.027099609375	 -0.31005859375	 0.047201093	 0.06691939	 0.99508697	 0.055643573	 2.989957	 -1.1023927	 -7.1002607	Triplo salto in lungo	5	Petto
38	 3358494361	 0.9985620237032281	 -0.04492435018482661	 0.02789574582964377	 -0.008804257083518051	 -0.0127566949383821	 0.028195543468811847	 -0.09495135872852795	 -1.094482421875	 -0.054443359375	 -0.2861328125	 0.022695338	 0.053243	 0.99305296	 0.1024513	 0.38866127	 0.96098256	 -3.9109325	Triplo salto in lungo	5	Petto
39	 3358511028	 0.9992307562136514	 -0.029152668772517418	 0.026130755620623117	 -0.002280647019937632	 0.03976536353914384	 0.05450168474346939	 -0.11543462920016395	 -1.145751953125	 -0.125732421875	 -0.29150390625	 -0.001711181	 0.046285737	 0.98998415	 0.13336535	 -2.4366324	 2.0374732	 -2.4463754	Triplo salto in lungo	5	Petto
40	 3358527695	 0.9983419759169722	 -0.03969139883584956	 0.04087468416630569	 0.008194643064473442	 0.019792010072278557	 0.02210841732721613	 -0.32764286764371003	 -1.2158203125	 -0.1845703125	 -0.307861328125	 -0.041841947	 0.047619395	 0.98252475	 0.17500563	 -1.2242945	 -3.8390634	 9.510344	Triplo salto in lungo	5	Petto
41	 3358544362	 0.9968021537102109	 -0.05992447314788958	 0.051708275813981464	 0.010989908506364334	 -0.11755272298383826	 -0.08329840450455869	 -0.49391796694731455	 -1.29541015625	 -0.278076171875	 -0.341552734375	 -0.09201067	 0.050874043	 0.96610564	 0.23576698	 8.439446	 -15.53078	 15.49535	Triplo salto in lungo	5	Petto
42	 3358561029	 0.9993947507667821	 -0.02641276798136613	 0.0226383224642201	 -6.467897712179871E-5	 -0.053357825199945856	 -0.05312503318503535	 -0.2643015343045584	 -1.3544921875	 -0.338134765625	 -0.37109375	 -0.112254255	 0.048031535	 0.957259	 0.26219755	 5.1133714	 -10.355706	 1.9556446	Triplo salto in lungo	5	Petto
43	 3358577696	 0.9996869820816269	 -0.02113539326082095	 -0.008400448172375676	 -0.010424273535491817	 0.012341529722965632	 0.04745660686688418	 -0.17029118512324798	 -1.360107421875	 -0.384033203125	 -0.373291015625	 -0.09978037	 0.043562453	 0.95300263	 0.28272307	 1.6349146	 -2.7589304	 0.32432365	Triplo salto in lungo	5	Petto
44	 3358594363	 0.999597221725684	 -0.02644041794923721	 -0.010309460554446733	 -1.1679058007880994E-4	 0.11827586465004324	 0.0354148859964255	 -0.3729287183101832	 -1.341796875	 -0.439697265625	 -0.37158203125	 -0.08797274	 0.05006723	 0.94633216	 0.30693635	 -2.967282	 -10.247703	 11.20373	Triplo salto in lungo	5	Petto
45	 3358611030	 0.9999528004849737	 -0.005875461496354456	 -0.007646785172561843	 0.0011842427908969613	 -0.010893347980595477	 0.1413970109392799	 -0.49442490421428575	 -1.3232421875	 -0.451171875	 -0.363525390625	 -0.07979993	 0.056254122	 0.9452734	 0.31132945	 5.864701	 -10.639183	 18.556974	Triplo salto in lungo	5	Petto
46	 3358627697	 0.9999917853448334	 -0.0032337031375494762	 0.002259243711839998	 9.31785770103763E-4	 -0.05495882075570379	 0.037538421397442207	 -0.5109082414143524	 -1.324462890625	 -0.46142578125	 -0.364013671875	 -0.08062501	 0.059504546	 0.94426894	 0.31355244	 7.0189652	 -16.669521	 15.256765	Triplo salto in lungo	5	Petto
47	 3358644364	 0.9999708159537598	 -0.0010631779102513728	 0.007082748366243814	 0.0026592422010094656	 -0.024977355233491122	 -0.03190381347111142	 -0.5018980316225193	 -1.3359375	 -0.464599609375	 -0.369873046875	 -0.08606368	 0.06378767	 0.94350946	 0.31355122	 4.4318843	 -19.686699	 12.670097	Triplo salto in lungo	5	Petto
48	 3358661031	 0.9999920167740259	 0.0028869123136345265	 0.001516702040726903	 0.0023090561771769297	 0.006444145864330092	 -0.018736618498371202	 -0.4467144671365395	 -1.3427734375	 -0.464599609375	 -0.3681640625	 -0.08576551	 0.070675105	 0.94449276	 0.3091651	 2.4856813	 -16.949657	 10.835203	Triplo salto in lungo	5	Petto
49	 3358677698	 0.9999492430116871	 0.009850179055089503	 -0.0017425425873282552	 0.0012037102094145105	 -0.02102663749558862	 -0.005394987285530686	 -0.4584156437650264	 -1.339111328125	 -0.451171875	 -0.364013671875	 -0.08212683	 0.07827848	 0.9478673	 0.29778454	 4.1580806	 -16.69354	 11.6866665	Triplo salto in lungo	5	Petto
50	 3358694365	 0.9999265301939045	 0.011681397838037427	 -0.0032322704268083207	 1.7772680149553965E-4	 -0.0019193890794447915	 0.0698087328712444	 -0.45777221729740053	 -1.3349609375	 -0.429931640625	 -0.35595703125	 -0.076586775	 0.08641893	 0.95175105	 0.2843177	 3.6867845	 -12.381835	 14.784529	Triplo salto in lungo	5	Petto
51	 3358711032	 0.9999857112659558	 0.0042689266335426135	 -0.0018838577172667905	 -0.0026085646281221874	 0.009240117350835617	 0.07252126950308306	 -0.44992232084773537	 -1.332763671875	 -0.42236328125	 -0.35205078125	 -0.07072385	 0.092873394	 0.9534558	 0.27802002	 2.724613	 -11.2019005	 14.987677	Triplo salto in lungo	5	Petto
52	 3358727699	 0.9999093632443804	 0.011287406888256551	 -0.0037284926370836917	 -0.006321240749400395	 0.05850445150605765	 0.11153347357293925	 -0.3763166053917716	 -1.32470703125	 -0.4140625	 -0.34375	 -0.062638916	 0.09651379	 0.95738673	 0.26490095	 -0.25271085	 -6.07857	 13.206696	Triplo salto in lungo	5	Petto
53	 3358744366	 0.9994539996706606	 0.030584526631322356	 -0.010978962985547513	 -0.0059792679166509885	 0.045910640959836775	 0.1418983313980728	 -0.2874524831701159	 -1.310791015625	 -0.374267578125	 -0.326904296875	 -0.04993761	 0.101545356	 0.9660549	 0.2322346	 0.29633313	 -1.251633	 9.574123	Triplo salto in lungo	5	Petto
54	 3358761033	 0.998996696259655	 0.041049905053635566	 -0.017584915018682788	 -0.0033581127389893384	 -0.0015549710331465363	 0.15180877445566754	 -0.2372142870999937	 -1.28125	 -0.309814453125	 -0.304443359375	 -0.03326132	 0.11000683	 0.9754007	 0.18811122	 2.787327	 1.4462667	 6.7913837	Triplo salto in lungo	5	Petto
55	 3358777700	 0.9986541829079797	 0.04941284675707355	 -0.015536602778661203	 -0.00260912051379586	 -0.01776249547313601	 0.10383430098046684	 -0.1961263363731473	 -1.251953125	 -0.21923828125	 -0.30029296875	 -0.020563072	 0.11783906	 0.9835347	 0.13546622	 2.7222967	 1.0493546	 3.2223692	Triplo salto in lungo	5	Petto
56	 3358794367	 0.9985896180406583	 0.049102719815940526	 -0.020121038506204673	 -0.00168566233905601	 -0.013500668868186103	 0.02607451347699967	 -0.16134131711282276	 -1.217529296875	 -0.133544921875	 -0.299072265625	 -0.004373878	 0.12654562	 0.9885489	 0.08208842	 1.198831	 -1.3114799	 -0.13535976	Triplo salto in lungo	5	Petto
57	 3358811034	 0.9989692233128288	 0.042396683921444786	 -0.015849241717829227	 0.003437092259247009	 -0.041027013881143215	 -0.05712879278197065	 -0.1446148266476111	 -1.18115234375	 -0.046142578125	 -0.304931640625	 0.007159588	 0.13951941	 0.989556	 0.035527624	 1.3143264	 -5.2822933	 -1.8460531	Triplo salto in lungo	5	Petto
58	 3358827701	 0.999288153472412	 0.03336636235902072	 -0.012127947852480392	 0.01275872538740778	 -0.08752365968199982	 -0.18495165671339506	 -0.19589271822805054	 -1.156982421875	 0.0263671875	 -0.3193359375	 0.01527722	 0.16146284	 0.98675925	 -0.0017034429	 1.466121	 -12.858602	 1.2035065	Triplo salto in lungo	5	Petto
59	 3358844368	 0.9990042819809755	 0.026037094094869567	 -0.02923490493016129	 0.02139707102607877	 -0.19079933986564812	 -0.3390794144574207	 -0.22134921729797122	 -1.097900390625	 0.089599609375	 -0.327392578125	 0.040949788	 0.19247071	 0.9798314	 -0.034771554	 3.5081825	 -22.81198	 3.9216757	Triplo salto in lungo	5	Petto
60	 3358861035	 0.9998227621992488	 0.006343550111057049	 -0.01478258988415049	 0.009781543670084741	 -0.4320614056516199	 -0.6521527268534721	 -0.3838768113099075	 -1.040283203125	 0.12939453125	 -0.3193359375	 0.05553684	 0.21297096	 0.9743472	 -0.046978984	 6.4711685	 -43.88038	 17.866552	Triplo salto in lungo	5	Petto
61	 3358877702	 0.9998653778662723	 0.0014417323356436494	 -0.011629275377570802	 -0.011485099320486402	 -0.5779978840408966	 -0.8275823474910797	 -0.44509843883662137	 -1.0439453125	 0.126953125	 -0.31396484375	 0.066994846	 0.21581738	 0.9725109	 -0.056192476	 6.3772225	 -55.993153	 24.905617	Triplo salto in lungo	5	Petto
62	 3358894369	 0.9977358938397282	 0.020869089747511657	 -0.06193206107627059	 -0.015874099905003623	 -0.42343052309649254	 -0.5072250559222785	 -0.3215824107571329	 -0.958740234375	 0.14013671875	 -0.316162109375	 0.12190591	 0.2163676	 0.96371776	 -0.0978394	 6.3410177	 -35.22118	 15.938845	Triplo salto in lungo	5	Petto
63	 3358911036	 0.9968221548560349	 0.0729911739596085	 -0.020322744740603586	 -0.02459402688413789	 -0.23702514757977616	 -0.1390695296557911	 -0.5497468182042157	 -0.928955078125	 0.259765625	 -0.384765625	 0.121256314	 0.21934924	 0.9506262	 -0.18301101	 2.13298	 -4.7198052	 26.697414	Triplo salto in lungo	5	Petto
64	 3358927703	 0.996246651285341	 0.06821376314273851	 -0.04531525715159063	 -0.02803604447735054	 0.05022999893256261	 -0.11683140286371796	 -0.353433193447557	 -0.910888671875	 0.365234375	 -0.46923828125	 0.14020509	 0.2117221	 0.92922384	 -0.2684398	 -8.931983	 4.3706374	 10.411123	Triplo salto in lungo	5	Petto
65	 3358944370	 0.9947530217527498	 0.06759020393758206	 -0.06089739253156512	 -0.04679206800629488	 0.08146798628418103	 0.15331809326101387	 -0.19069862080591515	 -0.883544921875	 0.4619140625	 -0.56201171875	 0.16335414	 0.17910028	 0.90197206	 -0.3573302	 -1.0046499	 15.081403	 -6.5003567	Triplo salto in lungo	5	Petto
66	 3358961037	 0.9939881391589672	 0.04683660034959802	 -0.027230409427127348	 -0.09514418995091867	 0.14896676963062067	 0.47506345249918697	 -0.36222218988563276	 -0.9599609375	 0.512939453125	 -0.640380859375	 0.1375767	 0.10723547	 0.88839746	 -0.42464527	 2.4245985	 36.40327	 -15.609891	Triplo salto in lungo	5	Petto
67	 3358977704	 0.9915718098890874	 0.04736002503355452	 -0.009840796184659219	 -0.12018956939997867	 0.025134447657934975	 0.653722583975766	 -0.2895656502238752	 -1.157958984375	 0.509521484375	 -0.71240234375	 0.08236744	 0.015539812	 0.8702935	 -0.48534864	 9.143259	 37.508667	 -28.57384	Triplo salto in lungo	5	Petto
68	 3358994371	 0.9990125439849159	 0.028119005376051498	 0.005420615094601845	 -0.03396874194674078	 -0.13734462134434824	 0.5152840159635647	 -0.311932135036736	 -1.274169921875	 0.49462890625	 -0.7763671875	 0.05582689	 7.8042434E-4	 0.85523146	 -0.5152301	 9.75289	 32.3426	 -25.072014	Triplo salto in lungo	5	Petto
69	 3359011038	 0.9998259254971748	 -0.017722993485800864	 -1.898793041669733E-4	 0.005829078097789126	 0.03190997851865039	 0.15422870354820956	 -0.42749121857169514	 -1.27294921875	 0.491455078125	 -0.7578125	 0.056500167	 0.01123865	 0.86294854	 -0.50199753	 -3.4419827	 26.90274	 -6.407025	Triplo salto in lungo	5	Petto
70	 3359027705	 0.9997001778757475	 -0.024377940384262664	 -0.0015187141885917301	 -0.0017215937480927201	 -0.038512918406818704	 0.05822786251188465	 -0.2843841475733818	 -1.274658203125	 0.467041015625	 -0.722900390625	 0.055928387	 0.012073653	 0.87394625	 -0.4826433	 1.2148037	 16.63139	 -4.281698	Triplo salto in lungo	5	Petto
71	 3359044372	 0.9993213415795925	 -0.027632767157955984	 0.022735278120750938	 -0.008740341614011606	 0.0024814695833276015	 0.12778986341860668	 -0.1014792677828185	 -1.296630859375	 0.43505859375	 -0.69287109375	 0.031723112	 0.016921744	 0.88737905	 -0.4596368	 -0.04379088	 9.223871	 -13.096103	Triplo salto in lungo	5	Petto
72	 3359061039	 0.9982898218430021	 -0.03285925913791382	 0.041799307136354	 -0.024300588809643586	 0.05903763075298894	 0.08588397910458352	 0.007514825073774552	 -1.37109375	 0.380615234375	 -0.68994140625	 -0.015987558	 0.01576766	 0.90220475	 -0.43072373	 -3.1919386	 2.608146	 -14.53669	Triplo salto in lungo	5	Petto
73	 3359077706	 0.9986057320722266	 -0.031480860258271515	 0.012474018946217524	 -0.04049624873023506	 0.028344510868759457	 0.13329294522653223	 0.10936091653001496	 -1.45458984375	 0.302001953125	 -0.673828125	 -0.04409548	 -0.012810714	 0.91459084	 -0.40176523	 -1.8405235	 -0.0137522565	 -20.133392	Triplo salto in lungo	5	Petto
74	 3359094373	 0.998682605903183	 -0.038359186087686514	 -0.006362638470591015	 -0.03348346369195648	 -0.012633330044050081	 0.21871169080782776	 0.14044145546681877	 -1.49462890625	 0.2109375	 -0.62158203125	 -0.052106652	 -0.042185184	 0.92840266	 -0.36547816	 -0.57643676	 2.6425362	 -25.190096	Triplo salto in lungo	5	Petto
75	 3359111040	 0.9990630575193213	 -0.04239380822903499	 -0.008117288218035259	 0.0031435260410119796	 0.020173942461127532	 0.2541971720492611	 0.04811132843049422	 -1.497802734375	 0.149658203125	 -0.569580078125	 -0.044983175	 -0.038114134	 0.94337595	 -0.32644436	 -3.1237984	 9.089613	 -22.062206	Triplo salto in lungo	5	Petto
76	 3359127707	 0.9979650638960316	 -0.04998842431244338	 0.00670957467080477	 0.03901115591066093	 0.005542803670424649	 0.13670982317272995	 0.02573308480418454	 -1.4794921875	 0.1201171875	 -0.530029296875	 -0.03998306	 0.004403192	 0.95877075	 -0.28132057	 -1.238557	 5.452735	 -16.018167	Triplo salto in lungo	5	Petto
77	 3359144374	 0.9977577586354123	 -0.029671394737466494	 -0.014753153836088662	 0.0581498741964307	 -0.048619212531851454	 0.006731815288237443	 0.16980625356172957	 -1.42333984375	 0.137451171875	 -0.48486328125	 -0.008776197	 0.05810319	 0.96509784	 -0.25521275	 2.1047351	 -5.2547193	 -18.780888	Triplo salto in lungo	5	Petto
78	 3359161041	 0.99620510457314	 -0.013233322327954988	 -0.035212099869607834	 0.07848806804448871	 -0.08921822953603983	 -0.035776311725273076	 0.18241198150104676	 -1.31103515625	 0.189453125	 -0.43603515625	 0.04650597	 0.1259413	 0.9602204	 -0.24485353	 4.5775476	 -7.873944	 -18.185524	Triplo salto in lungo	5	Petto
79	 3359177708	 0.9913041044484283	 -0.030736144570035623	 -0.060462170902025776	 0.11276430202188815	 -0.11198308705150471	 0.0020779145953888746	 0.02115507148150963	 -1.120849609375	 0.23095703125	 -0.37548828125	 0.13618551	 0.21824786	 0.9418102	 -0.21636845	 6.5413065	 -1.9896991	 -9.954014	Triplo salto in lungo	5	Petto
80	 3359194375	 0.9951569497686181	 -0.008065199289700675	 -0.03642375477442373	 0.09094453241273012	 -0.19965492938644375	 -0.041471719284029596	 -0.05297283778521292	 -0.884765625	 0.22705078125	 -0.3359375	 0.19192046	 0.29519045	 0.9134476	 -0.20406619	 8.686259	 -4.7578764	 -1.9582262	Triplo salto in lungo	5	Petto
81	 3359211042	 0.9967742058576875	 -0.04645067459188443	 0.06259776569332481	 -0.019105944021137643	 -0.29963079657006014	 -0.46720329651993003	 -0.3314859571925247	 -0.94677734375	 0.202880859375	 -0.321533203125	 0.1448313	 0.28170556	 0.93706614	 -0.14687842	 -8.454677	 -19.366535	 22.714066	Triplo salto in lungo	5	Petto
82	 3359227709	 0.9899311340613385	 -0.11935912313772407	 0.07340030345160471	 -0.02005355312752241	 -0.08763028957129665	 -0.05137020394579278	 -0.32413435269815355	 -1.131103515625	 -0.045166015625	 -0.240478515625	 0.106206916	 0.25621852	 0.96061665	 -0.016974425	 -1.2480683	 1.9776596	 10.432949	Triplo salto in lungo	5	Petto
83	 3359244376	 0.999046506171902	 -0.03480409145826657	 -0.0032780534916860287	 0.026153548302018246	 -0.07963370267448003	 -0.012278071477500685	 -0.06777843808677803	 -1.16796875	 -0.131591796875	 -0.231201171875	 0.119600005	 0.2793024	 0.9525681	 0.017329246	 2.8667896	 -2.6203804	 -4.8304715	Triplo salto in lungo	5	Petto
84	 3359261043	 0.9988497226320878	 -0.041756575912628546	 -0.01390225328612721	 -0.019035422753977793	 -0.11565554253796538	 -0.4596864291720277	 0.16490737556263357	 -1.130615234375	 -0.18603515625	 -0.21142578125	 0.14576943	 0.25836444	 0.9536925	 0.049701244	 -6.6523495	 -27.310448	 -20.610744	Triplo salto in lungo	5	Petto
85	 3359277710	 0.9991461586312789	 -0.041175829321389995	 -0.0033742104969566866	 3.4565239366826655E-4	 0.18740976236362966	 0.18648536144904043	 0.01760990564041666	 -1.12744140625	 -0.299072265625	 -0.197998046875	 0.16086125	 0.25729963	 0.94895554	 0.08604791	 -3.444345	 15.392193	 -11.800512	Triplo salto in lungo	5	Petto
86	 3359294377	 0.9996197929201853	 -0.016247860850233775	 -0.017176061525905176	 0.014186596859553036	 0.06363730617182992	 -0.04756069504831921	 -0.22560789742176895	 -1.100341796875	 -0.33740234375	 -0.189453125	 0.18125026	 0.27293545	 0.9397484	 0.09761183	 -9.184591	 -1.4660589	 1.1158648	Triplo salto in lungo	5	Petto
87	 3359311044	 0.9999507460010099	 -0.0017851088754900768	 -0.0036245409449832127	 0.009065410154239175	 -0.1594529782428134	 -0.19892152362873375	 -0.2525771650079215	 -1.08349609375	 -0.3388671875	 -0.18408203125	 0.18537882	 0.2854626	 0.9351589	 0.0981024	 -4.302169	 -16.392134	 3.4691248	Triplo salto in lungo	5	Petto
88	 3359327711	 0.9999262333657345	 0.009512607161836606	 0.0052658391330462915	 0.005413785202993293	 -0.12226462848118594	 -0.21493420784238293	 -0.0877884658193033	 -1.087646484375	 -0.3251953125	 -0.185302734375	 0.17841728	 0.2970395	 0.93377423	 0.08944808	 -3.069062	 -15.097284	 -6.570506	Triplo salto in lungo	5	Petto
89	 3359344378	 0.9997297817570929	 0.019800245510887243	 0.012178184383746127	 -7.463738583861347E-5	 -0.04447004148400914	 -0.31198883435488595	 -0.1716573183789773	 -1.10986328125	 -0.29248046875	 -0.191650390625	 0.16234419	 0.30573314	 0.9354075	 0.07200497	 -11.97066	 -17.13746	 -4.653913	Triplo salto in lungo	5	Petto
90	 3359361045	 0.9995555514039842	 0.02945211972531807	 0.003357588329266859	 -0.0031621040105843518	 0.007302244191505269	 -0.16190763696123786	 -0.18430722730950516	 -1.1259765625	 -0.241943359375	 -0.194091796875	 0.15135793	 0.3152523	 0.93591934	 0.04197754	 -9.641965	 -7.740484	 -1.8155088	Triplo salto in lungo	5	Petto
91	 3359377712	 0.9983787540176225	 0.05437027192623782	 0.007817997777578913	 -0.014920320627791155	 -0.08966336804746156	 -0.05203929784126529	 -0.16783738873217408	 -1.1240234375	 -0.156494140625	 -0.199951171875	 0.12769762	 0.31766346	 0.93949234	 -0.011744183	 -0.9622007	 -5.5118904	 0.6172552	Triplo salto in lungo	5	Petto
92	 3359394379	 0.9924994423760557	 0.0099963033193263	 -6.726362219121597E-4	 -0.12183791841491531	 0.20077123625380403	 0.13659038067877718	 -0.16491196361988653	 -1.196044921875	 -0.153564453125	 -0.216064453125	 0.12270655	 0.21166956	 0.9687875	 -0.03987802	 -6.3211036	 14.863682	 -2.791234	Triplo salto in lungo	5	Petto
93	 3359411046	 0.9998045215756514	 0.005876767206740324	 -0.016216880173620773	 0.009664111004911049	 -0.46538991521799755	 1.2265040716855864	 -1.1551348685809064	 -1.155029296875	 -0.1376953125	 -0.2021484375	 0.13732284	 0.22973451	 0.9621833	 -0.0506796	 41.31086	 64.03965	 62.23441	Triplo salto in lungo	5	Petto
94	 3359427713	 0.999794342624569	 -0.020160798566115433	 6.082239084095887E-4	 -0.0021082506396682965	 -0.2959454128953309	 -0.31358574801117034	 -1.3643361088391268	 -1.1552734375	 -0.209228515625	 -0.193603515625	 0.14172472	 0.22663638	 0.96307003	 -0.03234894	 -13.197643	 -11.040968	 74.294205	Triplo salto in lungo	5	Petto
95	 3359444380	 0.9995808869305159	 0.009928175738049605	 0.008512006474346247	 -0.02582687661135522	 -0.030739999009595023	 -0.3044979503223535	 -0.17674708069503803	 -1.18017578125	 -0.205322265625	 -0.191162109375	 0.13063219	 0.20645341	 0.9686575	 -0.044891447	 -9.396594	 -15.7309885	 0.85805035	Triplo salto in lungo	5	Petto
96	 3359461047	 0.9961314176180975	 0.07920313612660279	 0.012937909353432088	 -0.03580045479365715	 0.007363359705821509	 0.36879490288783895	 -0.09841920795716719	 -1.2021484375	 -0.111328125	 -0.221923828125	 0.09932442	 0.18659966	 0.9693794	 -0.124975264	 7.5228353	 21.09784	 -5.0215917	Triplo salto in lungo	5	Petto
97	 3359477714	 0.9939373766687472	 0.1036475487296162	 0.015918969480711476	 -0.03304940716356645	 -0.08786866728225926	 0.3207558425201963	 -0.07259457142817356	 -1.261962890625	 0.04833984375	 -0.29736328125	 0.05948062	 0.16855423	 0.95760554	 -0.22592764	 11.688488	 16.688063	 -8.383882	Triplo salto in lungo	5	Petto
98	 3359494381	 0.9982677024336467	 0.0561601693577983	 0.011388106779914533	 0.013339440749927628	 -0.028205775498092927	 0.09003120467588899	 -0.18654825984026718	 -1.2861328125	 0.18798828125	 -0.37841796875	 0.042156406	 0.1880295	 0.9413056	 -0.2771494	 3.0559316	 9.112597	 -1.7556276	Triplo salto in lungo	5	Petto
99	 3359511048	 0.99860569879227	 0.010685460048516976	 0.006799009849614735	 0.05124697794229805	 0.013202884470646936	 -0.14974646652581086	 -0.3145762296450205	 -1.2568359375	 0.24609375	 -0.39892578125	 0.048276603	 0.23862447	 0.927477	 -0.28375065	 -3.6719186	 3.451596	 10.489965	Triplo salto in lungo	5	Petto
100	 3359527715	 0.9969622706145915	 1.4649635504482283E-4	 -0.010412179044296256	 0.07718676076481959	 -0.11138365835778952	 -0.33745491864762683	 -0.20453850124877015	 -1.16748046875	 0.310302734375	 -0.4033203125	 0.08004563	 0.30659708	 0.90555274	 -0.28207365	 -3.0684896	 -10.705423	 12.123785	Triplo salto in lungo	5	Petto
101	 3359544382	 0.997581477880948	 0.023250333933093614	 -0.016246930948978555	 0.06345592325072923	 -0.2897807502589302	 -0.505422747115935	 -0.27471808297506883	 -1.043212890625	 0.369384765625	 -0.416015625	 0.10543045	 0.36148584	 0.8755008	 -0.3028382	 -3.8910968	 -19.40702	 23.379864	Triplo salto in lungo	5	Petto
102	 3359561049	 0.9977980734411531	 0.054930829367540374	 -0.020913836311466486	 0.030728164163428967	 -0.36894663052123655	 -0.6682557700686769	 -0.2982948274049234	 -0.950439453125	 0.464599609375	 -0.48974609375	 0.112512454	 0.38912296	 0.8423719	 -0.35543522	 -11.580616	 -23.90892	 31.565601	Triplo salto in lungo	5	Petto
103	 3359577716	 0.9998218185842738	 -0.013779650850997388	 -0.012439402912267252	 -0.003422507917677653	 -0.4417825212737203	 -0.7809022677645328	 -0.30982780759496176	 -0.9248046875	 0.480712890625	 -0.50830078125	 0.12586698	 0.38410392	 0.8448709	 -0.35045025	 -15.244127	 -23.10683	 39.957874	Triplo salto in lungo	5	Petto
104	 3359594383	 0.9995205056001351	 0.01650958215208989	 -0.024915510506117847	 -0.008087639843206325	 -0.4925306257457276	 -0.5712167629546083	 -0.3232350809425043	 -0.912353515625	 0.475341796875	 -0.503662109375	 0.13537869	 0.3761063	 0.83555686	 -0.37691063	 -4.5157046	 -18.794687	 35.46775	Triplo salto in lungo	5	Petto
105	 3359611050	 0.9989217599562251	 0.03120064576591325	 -0.012809810151122203	 -0.031902130863627025	 -0.3353784207002729	 -0.5514931670477543	 -0.340324837994756	 -0.927001953125	 0.518310546875	 -0.56396484375	 0.11900677	 0.35526827	 0.82957065	 -0.4140466	 -9.458482	 -9.71862	 31.814629	Triplo salto in lungo	5	Petto
106	 3359627717	 0.9988703315565065	 0.014456122290402496	 -0.03718597459908541	 -0.02581248840456537	 -0.045331904622736036	 -0.21192931256462216	 -0.20026465193036336	 -0.957275390625	 0.525634765625	 -0.584716796875	 0.13013183	 0.32691675	 0.8238406	 -0.44438505	 -5.572834	 2.9290857	 6.7350674	Triplo salto in lungo	5	Petto
107	 3359644384	 0.9957308446394589	 0.07023722540985805	 -0.05469329333779999	 -0.024402066801394864	 -0.12558790359677896	 -0.06572729714499286	 -0.11718377354001175	 -0.929931640625	 0.58935546875	 -0.679931640625	 0.13688166	 0.2960811	 0.78705674	 -0.52358514	 3.6446357	 0.98546225	 0.5556097	Triplo salto in lungo	5	Petto
108	 3359661051	 0.993509267847757	 0.0480764802630122	 -0.05147566229493978	 -0.08932101061582032	 0.01913075863622689	 0.05332815637446877	 -0.24105890747361156	 -0.99609375	 0.62255859375	 -0.767578125	 0.11198008	 0.20799713	 0.7743256	 -0.58704156	 2.5767043	 14.32461	 -6.827526	Triplo salto in lungo	5	Petto
109	 3359677718	 0.9802289797497509	 0.11995617223847993	 -0.041922567997769056	 -0.15167123093430454	 0.07094756000436966	 0.849306824715673	 -0.21380165272767498	 -1.199951171875	 0.61376953125	 -0.905517578125	 0.025490655	 0.07797056	 0.71463984	 -0.6946662	 20.400486	 24.31175	 -51.907806	Triplo salto in lungo	5	Petto
110	 3359694385	 0.98978497676409	 0.021300165831270035	 0.012091387777556114	 -0.14044857083389206	 -0.19637226658445134	 1.0715753003005482	 -0.685993801878107	 -1.510986328125	 0.46240234375	 -1.031005859375	 -0.08349025	 -0.013304647	 0.70351344	 -0.70563555	 24.102985	 41.524822	 -70.32185	Triplo salto in lungo	5	Petto
111	 3359711052	 0.9984176339120032	 -0.05072107228401712	 -0.0059541081752511335	 0.023540384783472982	 -0.13634126311261166	 0.4894017229659661	 -0.6066428805834946	 -1.55322265625	 0.4140625	 -0.9697265625	 -0.062181477	 0.0024053715	 0.73892057	 -0.67091316	 7.533	 35.54901	 -40.364067	Triplo salto in lungo	5	Petto
112	 3359727719	 0.9938045104165885	 -0.01087704417365376	 0.0036060414803750084	 0.11054990479657145	 0.20547511388673914	 -0.11870803083779924	 -0.07365404671226858	 -1.399169921875	 0.523193359375	 -0.920166015625	 0.011211969	 0.08575304	 0.7413261	 -0.6655498	 -11.269244	 4.6836214	 -1.250761	Triplo salto in lungo	5	Petto
113	 3359744386	 0.9965242223115389	 0.02417285516110168	 -0.005724671671646475	 0.07951336714034286	 0.07037535131098176	 -0.250004085974441	 -0.08099100972144689	 -1.21923828125	 0.630126953125	 -0.958984375	 0.067221686	 0.13994344	 0.7159337	 -0.6806883	 -5.8313346	 3.7624383	 4.9619246	Triplo salto in lungo	5	Petto
114	 3359761053	 0.9992770232170606	 0.030746433125736605	 -0.022315347469209327	 -0.0014536119919688478	 0.011886185895142141	 -0.15330227780445635	 -0.018666647662705572	 -1.1650390625	 0.6572265625	 -0.997802734375	 0.07859301	 0.12499488	 0.69326204	 -0.70539886	 -3.2609408	 0.86413336	 -1.15347	Triplo salto in lungo	5	Petto
115	 3359777720	 0.9982857757863501	 -0.005519263721404433	 0.0032489189201609374	 -0.05817638796340741	 0.03845354968308842	 0.020470213157643136	 -0.014648156285102312	 -1.248291015625	 0.62939453125	 -1.01806640625	 0.036367852	 0.08582102	 0.70347655	 -0.70458	 -1.80104	 0.9853233	 -11.654569	Triplo salto in lungo	5	Petto
116	 3359794387	 0.9907272620017795	 -0.11260387456316662	 0.0163804213439788	 -0.07423975724915738	 -0.013991701599788662	 0.11262756456580081	 -0.08787699311932472	 -1.386962890625	 0.502197265625	 -0.86279296875	 -0.01781297	 0.03985652	 0.783197	 -0.6202393	 2.345861	 5.1547437	 -16.30069	Triplo salto in lungo	5	Petto
117	 3359811054	 0.9975121119237154	 -0.03667157676647953	 0.04632477623839232	 -0.03845513137946808	 -0.11558776520237256	 0.25502021351281706	 -0.08355507771307648	 -1.507568359375	 0.383056640625	 -0.822998046875	 -0.076148875	 0.038659714	 0.80464	 -0.58758974	 7.900593	 7.772384	 -23.396305	Triplo salto in lungo	5	Petto
118	 3359827721	 0.9991139375606264	 -0.03933914081381634	 0.0138805733259674	 -0.005576867962748477	 -0.007989863612335016	 0.2394108754991453	 -0.006057780537663676	 -1.54541015625	 0.341064453125	 -0.81298828125	 -0.088585034	 0.044716403	 0.82616144	 -0.5546266	 0.13183393	 4.6732697	 -23.408165	Triplo salto in lungo	5	Petto
119	 3359844388	 0.9983676636967984	 -0.047551162091224286	 0.016735036026146042	 0.02684834515522808	 0.004716795281064737	 0.16404192842917656	 -0.03199143429190192	 -1.536865234375	 0.325927734375	 -0.767822265625	 -0.08496723	 0.07990079	 0.8484716	 -0.5162293	 -0.15008186	 5.541379	 -18.173489	Triplo salto in lungo	5	Petto
120	 3359861055	 0.9972241687912083	 -0.045963518320263186	 0.0276120659872392	 0.05166126183343536	 -0.033569299949643354	 0.06708137496974553	 0.03850713269764308	 -1.50390625	 0.342041015625	 -0.742919921875	 -0.07755388	 0.14122595	 0.8633744	 -0.4781481	 1.6286262	 -0.6101801	 -14.563383	Triplo salto in lungo	5	Petto
121	 3359877722	 0.9975488428502747	 -0.002735519548534293	 -0.0030492701892343432	 0.06985359698820483	 -0.014352902661049015	 -0.03599198656938221	 0.1507673506414814	 -1.427001953125	 0.4052734375	 -0.7294921875	 -0.040859874	 0.1998022	 0.8528903	 -0.48061207	 -1.97338	 -8.632294	 -12.782716	Triplo salto in lungo	5	Petto
122	 3359894389	 0.9930990631475154	 0.04771776616606249	 -0.02056844451922846	 0.10513897782320178	 -0.025637040303101884	 -0.1060670714668688	 0.18412635876875227	 -1.26171875	 0.535888671875	 -0.772216796875	 0.018039258	 0.27613238	 0.8038453	 -0.5265534	 -3.3862476	 -12.381147	 -10.211133	Triplo salto in lungo	5	Petto
123	 3359911056	 0.9882075659768997	 0.04346157472602685	 -0.026292472078117027	 0.1444493128414485	 -0.08086168251989458	 -0.08263017525560981	 0.0637631410224988	 -0.98681640625	 0.65625	 -0.84814453125	 0.10302826	 0.37589476	 0.7310114	 -0.5600991	 0.81838477	 -6.790318	 -5.814896	Triplo salto in lungo	5	Petto
124	 3359927723	 0.999616221616028	 -0.00533907077910678	 -0.005555157202038919	 0.026609096823682614	 -0.0995066656143439	 -0.4745960279784516	 0.02787036918087049	 -0.816162109375	 0.6767578125	 -0.8740234375	 0.123986185	 0.39147723	 0.72305655	 -0.5554842	 -15.224398	 -6.6677227	 14.124702	Triplo salto in lungo	5	Petto
125	 3359944390	 0.999416920401099	 -0.019115388235488195	 0.027098756120391754	 -0.008128872327548492	 -0.2115406666013679	 -0.3611083034579978	 0.04841553277036881	 -0.863525390625	 0.657958984375	 -0.82470703125	 0.10721576	 0.39809385	 0.73964804	 -0.5319276	 -7.57267	 -9.712374	 12.262369	Triplo salto in lungo	5	Petto
126	 3359961057	 0.9998362404171944	 -0.01643504276678054	 0.007376512264573754	 0.0017230160982925208	 -0.09409226998597935	 -0.07327425062128272	 0.12024240718493287	 -0.873779296875	 0.646728515625	 -0.80224609375	 0.10897125	 0.4017226	 0.7481038	 -0.5168029	 -1.2737192	 -9.488021	 -6.4077673	Triplo salto in lungo	5	Petto
127	 3359977724	 0.9994936512626325	 -0.029976273205777504	 0.009738868982929529	 -0.004361027552918708	 -0.09793544277832675	 -0.09165605428182796	 -0.01553143416022186	 -0.88671875	 0.61962890625	 -0.74365234375	 0.11117289	 0.40033564	 0.76573735	 -0.49093628	 0.14995417	 -2.854334	 -2.2317839	Triplo salto in lungo	5	Petto
128	 3359994391	 0.999315374889138	 -0.02227214076794609	 0.016454505012820867	 -0.024535332086142655	 -0.03086067255066853	 -0.04341950260331312	 0.008737297899446599	 -0.933349609375	 0.59228515625	 -0.70703125	 0.095151044	 0.38717058	 0.78753304	 -0.46993345	 -0.7851212	 -1.8881197	 -7.301736	Triplo salto in lungo	5	Petto
129	 3360011058	 0.9978600786321247	 -0.027740203105381778	 0.022174159568248974	 -0.05490037569456093	 0.05119790080962279	 -0.003923966482722991	 0.046290957163981766	 -1.03564453125	 0.5498046875	 -0.66650390625	 0.06222057	 0.3511934	 0.82200587	 -0.443958	 -2.854477	 -0.7228865	 -12.733709	Triplo salto in lungo	5	Petto
130	 3360027725	 0.995200671616818	 -0.055377629831534825	 0.018289303500080737	 -0.07857762216533248	 0.03995261198774387	 0.009160723446840862	 0.043315368158214636	 -1.18359375	 0.45166015625	 -0.60400390625	 0.031327143	 0.28978458	 0.8712177	 -0.39499804	 -1.9843677	 -0.5627222	 -12.736613	Triplo salto in lungo	5	Petto
131	 3360044392	 0.992816640578619	 -0.08981212978491368	 0.017967406923941002	 -0.0769809835096477	 -0.029689825698119482	 0.05150202223456686	 0.02120937047507504	 -1.327880859375	 0.26904296875	 -0.5009765625	 0.010958834	 0.22515967	 0.9231714	 -0.31134897	 2.8939445	 -0.14663032	 -12.251202	Triplo salto in lungo	5	Petto
132	 3360061059	 0.9968769819346773	 -0.06503365111583714	 0.01513677180880141	 -0.04216379075179297	 -0.14097301280985164	 0.10265694611627067	 0.1241772773240906	 -1.416015625	 0.101806640625	 -0.4482421875	 -0.0015842876	 0.18968847	 0.9501055	 -0.24761973	 9.308948	 -3.4330127	 -17.97109	Triplo salto in lungo	5	Petto
133	 3360077726	 0.9987684898539168	 0.01079195167567204	 -0.04073773823644672	 -0.026181561017927738	 -0.08135071231085544	 0.08893377737607792	 0.140447791951647	 -1.4140625	 0.04248046875	 -0.41162109375	 0.028593091	 0.15451114	 0.9512253	 -0.26547992	 5.6328125	 -1.4216969	 -19.275623	Triplo salto in lungo	5	Petto
134	 3360094393	 0.9975499658594971	 0.054083699228134136	 -0.04436826034032538	 -6.903375190371597E-4	 -0.0499601454035001	 0.1656043005006559	 -0.016628422452931148	 -1.329833984375	 0.110107421875	 -0.38720703125	 0.062184352	 0.14332657	 0.93328446	 -0.32337433	 5.9431868	 7.741729	 -13.47934	Triplo salto in lungo	5	Petto
135	 3360111060	 0.9990187393568217	 -0.026146796432368807	 0.030440733569847726	 0.018742070055371766	 0.023763504488983442	 0.11935922185660996	 -0.34886696765897085	 -1.33251953125	 0.125732421875	 -0.409912109375	 0.0436055	 0.1687488	 0.9399923	 -0.29332125	 0.33601642	 18.702065	 2.0866594	Triplo salto in lungo	5	Petto
136	 3360127727	 0.9946168153996989	 -0.015962287521654267	 0.0878806996071499	 0.052531690795129565	 0.14096578640038737	 -0.05634538236886803	 -0.06470286464337448	 -1.415771484375	 0.11962890625	 -0.471923828125	 -0.02106337	 0.24212581	 0.9345778	 -0.25980005	 -9.039536	 2.0468879	 -6.3290353	Triplo salto in lungo	5	Petto
137	 3360144394	 0.9970069843385134	 0.020795289171517573	 0.02853939368572067	 0.06877595609330163	 0.1519440747869275	 -0.11888203174747844	 0.175429302315236	 -1.43359375	 0.225341796875	 -0.55712890625	 -0.034694064	 0.3121336	 0.9092505	 -0.27319014	 -12.916377	 -6.1377482	 -16.160896	Triplo salto in lungo	5	Petto
138	 3360161061	 0.995605885911359	 -0.011432212119421553	 -0.052182088157915925	 0.07691068937536605	 0.1644289948047889	 -0.14592751272773555	 0.08773212990531332	 -1.31005859375	 0.30078125	 -0.521728515625	 0.03744769	 0.36681557	 0.88612926	 -0.28074792	 -13.950723	 -2.4680386	 -10.798119	Triplo salto in lungo	5	Petto
139	 3360177728	 0.993854439207592	 -0.09631742392317766	 -0.04062231630278108	 0.036416135631921996	 0.02811959711222775	 -0.34151140237370753	 -0.37255567340678636	 -1.132080078125	 0.218505859375	 -0.367919921875	 0.11866985	 0.3819804	 0.8927359	 -0.20744033	 -11.857723	 1.0448383	 18.127281	Triplo salto in lungo	5	Petto
140	 3360194395	 0.9992603302842731	 0.02219340748447972	 0.027479766217511695	 0.015202218029755098	 -0.17772694702480743	 0.4711800484502091	 -0.8200459821380869	 -1.175537109375	 0.2294921875	 -0.405029296875	 0.08850506	 0.40419993	 0.8846086	 -0.21507454	 25.31586	 33.51226	 29.808075	Triplo salto in lungo	5	Petto
141	 3360211062	 0.9976397482042928	 -0.06555889334951025	 -0.006317650962880229	 0.019417816354422468	 -0.10853393746522827	 0.5798634826753983	 -1.684387371477297	 -1.159912109375	 0.14404296875	 -0.34375	 0.12454829	 0.41298965	 0.8883221	 -0.15751694	 32.138653	 61.52113	 71.72409	Triplo salto in lungo	5	Petto
142	 3360227729	 0.9998684704544479	 -0.014629754253082626	 -0.005274544795721038	 0.004603396439079727	 -0.742934816093488	 -0.8638844518303815	 -1.1360820918992223	 -1.12744140625	 0.103515625	 -0.314697265625	 0.1360537	 0.4136094	 0.88830644	 -0.14604256	 -18.201067	 -36.520565	 77.67935	Triplo salto in lungo	5	Petto
143	 3360244396	 0.9983854593584137	 0.0412232229737825	 0.0030616250415172468	 -0.03895827102744966	 -0.023127566405485758	 -0.18199613899525735	 -0.23463185198508496	 -1.162353515625	 0.1337890625	 -0.339599609375	 0.110384285	 0.3840894	 0.8974902	 -0.18655406	 -9.2948675	 -2.461453	 5.2503004	Triplo salto in lungo	5	Petto
144	 3360261063	 0.9981903258646404	 0.042275717066405455	 0.013269997076000907	 -0.040653957671634836	 0.09783741462876534	 0.26426324341208834	 -0.0881427717742839	 -1.21240234375	 0.1806640625	 -0.39013671875	 0.07441905	 0.35396975	 0.9050569	 -0.22369526	 7.282057	 16.106129	 -10.989258	Triplo salto in lungo	5	Petto
145	 3360277730	 0.9984923037816039	 0.04816167252347055	 0.002020398435027493	 -0.026258152616108008	 -0.014294844367010848	 0.1994370341979801	 -0.021010217564855754	 -1.26318359375	 0.22119140625	 -0.438720703125	 0.049601916	 0.3334138	 0.9024345	 -0.26830375	 8.716099	 7.8400593	 -12.654407	Triplo salto in lungo	5	Petto
146	 3360294397	 0.9997597957348381	 0.02076894169357088	 0.005015132082558938	 0.004883681332580575	 -0.028284360412674285	 0.11952885976109766	 -0.27440113444868497	 -1.2685546875	 0.272216796875	 -0.484619140625	 0.039509144	 0.3398386	 0.89533144	 -0.28518584	 7.2709928	 12.094751	 1.4204626	Triplo salto in lungo	5	Petto
147	 3360311064	 0.9997173936621715	 0.0027478433254501666	 0.011093295639136748	 0.02084516630387469	 -0.07429407406880159	 -0.26565961625209267	 -0.347773392189623	 -1.2607421875	 0.28857421875	 -0.49169921875	 0.034696404	 0.36121774	 0.8877998	 -0.28307223	 -4.0760064	 -1.0731896	 16.485039	Triplo salto in lungo	5	Petto
148	 3360327731	 0.9987571073701136	 0.005785850440721857	 0.02006092018888678	 0.045258412406270765	 -0.0999885333238403	 -0.5030216871004021	 -0.32697819771237346	 -1.245361328125	 0.33056640625	 -0.518798828125	 0.027641475	 0.40646517	 0.8695357	 -0.27915967	 -12.70958	 -10.870915	 22.622547	Triplo salto in lungo	5	Petto
149	 3360344398	 0.999169084481755	 -0.0020053887995197806	 -0.0316591904071421	 0.025589347283948783	 -0.12332771367935919	 -0.6568029018416972	 -0.33707394093160314	 -1.1689453125	 0.353271484375	 -0.496826171875	 0.06310732	 0.41930687	 0.8581349	 -0.28948933	 -19.884417	 -15.1165	 27.50774	Triplo salto in lungo	5	Petto
150	 3360361065	 0.9992525250825655	 0.02795357442531879	 -0.026613057129156573	 0.0021757718642220238	 -0.4425576016506121	 -0.5662641853965358	 -0.4620186598366984	 -1.1181640625	 0.387451171875	 -0.50830078125	 0.07471322	 0.4149686	 0.84672034	 -0.32447475	 -4.942088	 -19.23674	 37.445095	Triplo salto in lungo	5	Petto
151	 3360377732	 0.9994643627421411	 0.021286224308929014	 -0.022284633088704268	 0.011012692278343507	 -0.39600296223686904	 -0.4820306492295896	 -0.417638813486349	 -1.068115234375	 0.42626953125	 -0.5244140625	 0.08815099	 0.4185893	 0.83296305	 -0.35097772	 -2.8287468	 -13.092788	 33.1929	Triplo salto in lungo	5	Petto
152	 3360394399	 0.9994063349911713	 0.021962897883533006	 -0.02638026190539861	 0.00294796164744132	 -0.27866302730308534	 -0.4983594150090545	 -0.3317064638834117	 -1.021240234375	 0.460205078125	 -0.543701171875	 0.1017117	 0.41378197	 0.8209487	 -0.3801092	 -9.172435	 -9.573216	 27.522343	Triplo salto in lungo	5	Petto
153	 3360411066	 0.998842212897889	 0.03581077949881842	 -0.03024120862837193	 -0.01083010182918137	 -0.21064026873779643	 -0.48483439885962587	 -0.34072032548019854	 -0.9892578125	 0.4951171875	 -0.584228515625	 0.107227884	 0.3969265	 0.8074983	 -0.42296356	 -10.943944	 -3.8481002	 26.093525	Triplo salto in lungo	5	Petto
154	 3360427733	 0.9977096427010046	 0.05378754828051674	 -0.03327446346077207	 -0.02398288124480693	 -0.14011301718419594	 -0.44700200212942665	 -0.29168853019695556	 -0.977294921875	 0.5498046875	 -0.656005859375	 0.102085926	 0.36866418	 0.78857183	 -0.48147684	 -11.211465	 0.04850097	 21.340206	Triplo salto in lungo	5	Petto
155	 3360444400	 0.9962392515656927	 0.06753896283177624	 -0.038381396863075075	 -0.03837591059864775	 -0.05980503686099149	 -0.3164277713959105	 -0.12441486680636432	 -0.994140625	 0.60888671875	 -0.76220703125	 0.08813634	 0.32593137	 0.7629541	 -0.5512731	 -8.91711	 -0.5188328	 8.876511	Triplo salto in lungo	5	Petto
156	 3360461067	 0.996268544755837	 0.04050398647094422	 -0.05739694950813124	 -0.050139844407509945	 -0.051770076447844385	 -0.04532669458712274	 -0.03653430778411042	 -1.031982421875	 0.642333984375	 -0.84228515625	 0.0902296	 0.25891438	 0.7487209	 -0.6035226	 1.2748787	 0.2372276	 -5.3223014	Triplo salto in lungo	5	Petto
159	 3360511068	 0.9564825668693429	 0.19376124777475567	 -0.022168251152007382	 -0.21703973547870029	 0.13325493468835686	 2.105921030872464	 -0.7450577555968946	 -1.434326171875	 0.545166015625	 -1.19287109375	 -0.07901933	 0.08980684	 0.65280586	 -0.74802095	 23.686563	 41.23205	 -56.825413	Triplo salto in lungo	5	Petto
160	 3360527735	 0.9998930491984739	 -0.014307646799765927	 -8.13028001087346E-5	 0.0030289928170849634	 0.17936422695775386	 0.0575358965391255	 -0.5757744384438328	 -1.4501953125	 0.532958984375	 -1.173828125	 -0.07475239	 0.09229078	 0.66316247	 -0.7389929	 -2.3390439	 35.31059	 -18.10786	Triplo salto in lungo	5	Petto
161	 3360544402	 0.9989845239362563	 0.005267867043876939	 0.027610911148364073	 0.03521090879566292	 0.14969058356399473	 -0.20325688739653774	 -0.16944288689539083	 -1.40380859375	 0.565673828125	 -1.1875	 -0.066781	 0.13497701	 0.65334827	 -0.74192834	 -6.5137343	 13.229422	 0.9252329	Triplo salto in lungo	5	Petto
162	 3360561069	 0.9996286640984406	 0.006484790326220569	 -5.424290172569153E-4	 0.02646105020502676	 0.05113797155882309	 -0.060543472956613484	 0.030606803672875344	 -1.3369140625	 0.607177734375	 -1.23291015625	 -0.047016717	 0.1508224	 0.6448376	 -0.7478145	 -3.7362819	 -0.4136576	 -6.371011	Triplo salto in lungo	5	Petto
163	 3360577736	 0.9980073268124616	 -0.022415839642335733	 -0.05791491977232371	 -0.011169952083105063	 -0.06951475032029103	 0.06975576571019	 -0.007553784109818176	 -1.34130859375	 0.5986328125	 -1.1220703125	 -0.0139963105	 0.100554615	 0.66473955	 -0.740145	 4.61474	 -1.3482219	 -13.27606	Triplo salto in lungo	5	Petto
164	 3360594403	 0.9996356057167191	 0.02364269112481493	 0.0037325197140613627	 0.012479873249714224	 -0.28504808619114824	 0.24433817465897442	 -0.038478369662858246	 -1.33349609375	 0.60791015625	 -1.160888671875	 -0.009043752	 0.11077138	 0.6457016	 -0.75545865	 18.798124	 -2.0285835	 -22.273918	Triplo salto in lungo	5	Petto
165	 3360611070	 0.9998125263891563	 0.006456348349164143	 0.0078484794331862	 0.0164811714363336	 -0.07873661287718897	 0.010658205632426032	 -0.06867476838228918	 -1.29296875	 0.628173828125	 -1.182373046875	 -0.0017908544	 0.12681782	 0.6388163	 -0.75883347	 5.4207087	 3.1783335	 -10.284021	Triplo salto in lungo	5	Petto
166	 3360627737	 0.9989333258389008	 -0.03332253158569132	 0.03196527315482935	 -2.0181499006316495E-4	 -0.017337786369430674	 -0.007718276817215042	 -0.1890588428682905	 -1.288818359375	 0.629638671875	 -1.163818359375	 -0.017579878	 0.15041465	 0.663416	 -0.73276585	 3.1172104	 10.913168	 -10.883568	Triplo salto in lungo	5	Petto
167	 3360644404	 0.9994856448376301	 -0.012663613182116118	 0.004686155865155057	 -0.029088117984635013	 0.0517086529345585	 0.12054507404604987	 -0.15688844392682857	 -1.325439453125	 0.60791015625	 -1.1435546875	 -0.03951674	 0.1342005	 0.6766769	 -0.72286737	 0.5719121	 8.942669	 -18.194668	Triplo salto in lungo	5	Petto
168	 3360661071	 0.9980521199923107	 -0.04956656212929089	 0.013437780844755264	 -0.035419595473493964	 0.044729890809863934	 0.17760021116486197	 -0.25174858509530545	 -1.392822265625	 0.55859375	 -1.080810546875	 -0.06694013	 0.12111	 0.71543986	 -0.684834	 2.4537685	 14.400993	 -21.451464	Triplo salto in lungo	5	Petto
169	 3360677738	 0.9963780275499776	 -0.0753479002181145	 0.032817002240514676	 -0.02183035758487036	 0.008214340998843519	 0.14582708841097763	 -0.1332650815987226	 -1.452392578125	 0.501953125	 -0.9921875	 -0.09547883	 0.13196114	 0.7649545	 -0.6231493	 2.3134456	 8.129262	 -18.136673	Triplo salto in lungo	5	Petto
170	 3360694405	 0.9967877898214923	 -0.056312025971369195	 0.05692386238373685	 -0.0016527810204873539	 -0.060058758469240026	 0.11939679030370898	 0.025146026070932186	 -1.492431640625	 0.454345703125	 -0.952880859375	 -0.13182922	 0.17046556	 0.79247	 -0.5705737	 3.5403976	 -1.1952575	 -17.065844	Triplo salto in lungo	5	Petto
171	 3360711072	 0.9999477092503511	 -0.005739810751895447	 -0.006940035422692171	 0.004844506769485822	 -0.1012715084163645	 0.0033466955984357283	 0.4284047382275311	 -1.49267578125	 0.45654296875	 -0.950439453125	 -0.1222109	 0.17058529	 0.7958479	 -0.56797147	 -4.7831655	 -24.5951	 -18.170866	Triplo salto in lungo	5	Petto
172	 3360727739	 0.9986720282705708	 -0.03863400488672414	 -1.4461160684930975E-5	 0.034082156727998913	 0.023165288607036823	 0.0012583935999151558	 0.15402803119011677	 -1.45751953125	 0.4697265625	 -0.895263671875	 -0.09588513	 0.20190139	 0.8109126	 -0.54079837	 -4.8341846	 -7.3837295	 -12.886685	Triplo salto in lungo	5	Petto
173	 3360744406	 0.9967123223484735	 -0.00630565695388019	 -0.0016575291501885192	 0.08075913425866484	 0.053858745524310914	 -0.07564174401285836	 0.1477165573787818	 -1.35302734375	 0.526123046875	 -0.860595703125	 -0.04919246	 0.26630238	 0.7954564	 -0.5421372	 -7.229254	 -7.559279	 -9.375951	Triplo salto in lungo	5	Petto
174	 3360761073	 0.9902823764854196	 0.015959421587201317	 -0.015497263937201635	 0.13728053939088558	 -0.023034414213533055	 -0.09394602625820582	 0.11691047769188392	 -1.124755859375	 0.639892578125	 -0.88525390625	 0.03378021	 0.3637054	 0.7431729	 -0.5605997	 -3.475767	 -8.052043	 -7.370532	Triplo salto in lungo	5	Petto
175	 3360777740	 0.9968976646184236	 -0.006197295299139982	 -0.05009722813178847	 0.06038963108696677	 -0.08709946374398611	 -0.3873536611859213	 0.06958904657211731	 -0.87744140625	 0.68408203125	 -0.886962890625	 0.1070153	 0.37911803	 0.7205858	 -0.57059056	 -11.09757	 -8.703006	 9.834076	Triplo salto in lungo	5	Petto
176	 3360794407	 0.9968475961266702	 -0.059113610241618875	 0.04666027161852233	 -0.024965380693407237	 -0.21925951122086842	 -0.4920122563344362	 -0.15001871549033574	 -0.9189453125	 0.637451171875	 -0.78076171875	 0.08132768	 0.3800191	 0.7664948	 -0.51132905	 -8.156197	 0.7278964	 22.72107	Triplo salto in lungo	5	Petto
177	 3360811074	 0.9962144907571677	 -0.06787511814978409	 0.024737525972469643	 -0.04834988676668323	 -0.04811652735387485	 -0.025052318279457884	 0.016349920690887285	 -1.03662109375	 0.562255859375	 -0.671142578125	 0.06292599	 0.34892017	 0.818465	 -0.45211762	 0.75659096	 -2.554437	 -7.70013	Triplo salto in lungo	5	Petto
178	 3360827741	 0.9967523301627509	 -0.05980973525694791	 0.003911192599875103	 -0.05378001911553067	 -0.017603975080387878	 -0.018658078336884185	 0.021717685979348575	 -1.139404296875	 0.44873046875	 -0.561767578125	 0.05594969	 0.3019465	 0.86170655	 -0.40393093	 -0.18867773	 -1.95363	 -9.35082	Triplo salto in lungo	5	Petto
179	 3360844408	 0.9997039342600731	 0.0036402145858683843	 0.02042236650203866	 0.012716902498516121	 -0.09046004235842144	 0.009959029972995885	 0.0973910082289422	 -1.1875	 0.416748046875	 -0.55078125	 0.042243235	 0.3214743	 0.85711175	 -0.40028676	 3.8824778	 -6.5493913	 -12.261209	Triplo salto in lungo	5	Petto
180	 3360861075	 0.996570162453827	 0.02987627512682739	 -0.00834063489325987	 0.07671866331523397	 -0.1509084495460619	 -0.04514652511441485	 0.22730119807289254	 -1.089111328125	 0.492431640625	 -0.59814453125	 0.07026329	 0.38417208	 0.8170363	 -0.42417803	 3.0520265	 -15.691745	 -14.260126	Triplo salto in lungo	5	Petto
181	 3360877742	 0.9992311906557121	 0.014811417935671117	 -0.02121656199467764	 0.02945347206406648	 -0.03507252766510389	 -0.24883099521541582	 0.04762980709943508	 -0.954345703125	 0.548583984375	 -0.62890625	 0.09419218	 0.40022027	 0.7970807	 -0.4422829	 -9.401263	 -8.481939	 -1.1422119	Triplo salto in lungo	5	Petto
182	 3360894409	 0.9992997238659809	 -0.01599314706751892	 0.02628018769745605	 -0.02129865870982104	 -0.04270313172696706	 -0.3909570927307055	 -0.23365671708087077	 -1.000244140625	 0.51953125	 -0.603271484375	 0.07000844	 0.39330944	 0.8143681	 -0.42096508	 -12.365752	 2.7544327	 14.534317	Triplo salto in lungo	5	Petto
183	 3360911076	 0.999361615789679	 0.03531512988050131	 -0.0031072153518353356	 -0.004421278154879271	 -0.04904227609481802	 -0.09691002628064659	 0.05981217929803327	 -1.036865234375	 0.5419921875	 -0.642822265625	 0.05651294	 0.39092487	 0.8002295	 -0.45123962	 -2.8433516	 -6.3244486	 -7.116669	Triplo salto in lungo	5	Petto
184	 3360927743	 0.9990419357959406	 0.019947559273499615	 -0.03833287254000695	 0.006920714049983682	 -0.09393381014329766	 -0.11305027668693576	 -0.028320310244455568	 -0.98193359375	 0.57958984375	 -0.685791015625	 0.082187235	 0.38025945	 0.7852873	 -0.4816349	 -0.26536128	 -3.8827946	 -1.7187204	Triplo salto in lungo	5	Petto
185	 3360944410	 0.9999411680550652	 8.000023649643584E-4	 -0.0026587926997331812	 -0.010485763981124501	 -0.11748168980770107	 -0.09934175827809366	 -0.1756115813543972	 -0.97119140625	 0.574951171875	 -0.68115234375	 0.078657575	 0.37112105	 0.78833103	 -0.48437247	 3.3837688	 3.5070817	 3.3203526	Triplo salto in lungo	5	Petto
186	 3360961077	 0.9993053308054481	 0.032538968113750066	 0.013243559495589809	 -0.01243702174128378	 -0.059322142371947495	 -0.08317278818494742	 -0.11253483411296732	 -1.004150390625	 0.596923828125	 -0.723876953125	 0.04984503	 0.37029427	 0.7774187	 -0.5059825	 0.82437086	 2.465771	 -1.0720949	Triplo salto in lungo	5	Petto
187	 3360977744	 0.9989978307924725	 0.04148249653292169	 -0.0030291741745125393	 -0.016533622021541645	 0.04478401395115227	 -0.19310131706257808	 -0.07923401601464061	 -1.033447265625	 0.63525390625	 -0.803466796875	 0.028246263	 0.3577828	 0.7613965	 -0.5398788	 -7.778838	 2.8497095	 -0.04455185	Triplo salto in lungo	5	Petto
188	 3360994411	 0.9998720178833185	 0.0076690222574994915	 -0.012304664490717711	 -0.006762335641313698	 0.05103667330580319	 -0.07830725899531765	 -0.07871666411109479	 -1.045166015625	 0.646240234375	 -0.834716796875	 0.03098542	 0.3463866	 0.75898594	 -0.5504516	 -3.3558264	 4.7953343	 -5.3975363	Triplo salto in lungo	5	Petto
189	 3361011078	 0.999744984527292	 -0.018831584042908245	 -0.012457330834053704	 3.9020949571435924E-4	 -0.00905451483998801	 -0.0875669881135721	 -0.13828441576514156	 -1.020751953125	 0.63818359375	 -0.806396484375	 0.04698218	 0.33932114	 0.7684319	 -0.54052424	 0.2422676	 6.0351667	 -2.049317	Triplo salto in lungo	5	Petto
190	 3361027745	 0.9997800137822372	 0.012990579346216391	 -0.010575341267767826	 -0.012622640251132414	 0.09301894314229348	 0.16207250225431444	 -0.5773708071467232	 -1.046630859375	 0.633056640625	 -0.8056640625	 0.043747645	 0.32451367	 0.7648715	 -0.55475116	 11.479037	 34.318542	 -5.7857933	Triplo salto in lungo	5	Petto
191	 3361044412	 0.9990652789521458	 -0.04051871810904295	 -0.003998302255726839	 0.014519485326381662	 0.16731340322347515	 1.1521432975399635	 -1.6022519933088144	 -1.00341796875	 0.61865234375	 -0.7490234375	 0.06805617	 0.331116	 0.7817616	 -0.5240037	 57.825806	 100.91002	 -34.191284	Triplo salto in lungo	5	Petto
192	 3361061079	 0.9978054941698153	 0.03275740225651386	 -0.02254971537880657	 0.052940142975537605	 -0.12486126896968686	 0.1334314162172312	 -0.9968162291851661	 -0.9677734375	 0.607421875	 -0.720947265625	 0.10328765	 0.36105472	 0.7444299	 -0.55208296	 24.672937	 50.295364	 13.826803	Triplo salto in lungo	5	Petto
193	 3361077746	 0.9776782912731039	 0.19777338122283356	 -0.0708675304600902	 0.0029396563540266684	 -1.3136113520014683	 -1.720461161490455	 -0.7452100511639097	 -0.8271484375	 0.750244140625	 -1.175537109375	 0.085401535	 0.33531317	 0.6110481	 -0.71196383	 0.26695225	 -6.773357	 127.37535	Triplo salto in lungo	5	Petto
194	 3361094413	 0.9945164390847467	 -0.08918056301220167	 0.03383478663625251	 -0.04288457513257071	 -0.33806130787812866	 -0.3830346190208436	 -0.043007425289019185	 -0.8798828125	 0.740478515625	 -1.075927734375	 0.06091824	 0.3254311	 0.6838355	 -0.65019447	 4.3050475	 2.2885013	 20.559534	Triplo salto in lungo	5	Petto
195	 3361111080	 0.9855390702892748	 -0.13356711544801647	 0.05483071054431166	 -0.08869137379392726	 0.11371570953601642	 -0.010474253210223109	 -0.01218620698250232	 -1.080810546875	 0.635498046875	 -0.824462890625	 0.008363199	 0.2875565	 0.7929673	 -0.53707033	 -5.41077	 3.2063801	 -12.627125	Triplo salto in lungo	5	Petto
199	 3361177748	 0.9908186403129224	 0.09059323966826122	 3.4886037857356783E-4	 0.10035519533784427	 -0.1277826046228307	 -0.5618255287333372	 -1.4148463295647722	 -0.94873046875	 0.707763671875	 -0.955322265625	 0.040370665	 0.36189777	 0.7189162	 -0.5920811	 -6.6493964	 10.877416	 51.2549	Triplo salto in lungo	5	Petto
200	 3361194415	 0.9994842492165759	 -0.026429471857756792	 0.015782384290074895	 -0.009145213579682197	 -0.22274829421826195	 -0.34658575056660457	 -0.19901169550598874	 -0.96923828125	 0.6982421875	 -0.921142578125	 0.035386052	 0.36133048	 0.7435444	 -0.56154275	 2.2574735	 3.0925102	 17.370457	Triplo salto in lungo	5	Petto
201	 3361211082	 0.9995956004444567	 -0.02733210533492203	 -0.006761181005183969	 -0.003984723511360575	 -0.09607288915672796	 -0.20228597191780978	 -0.10326057061115732	 -0.9921875	 0.668701171875	 -0.853271484375	 0.050314534	 0.3512813	 0.76507175	 -0.53734106	 -0.65888023	 0.9408188	 4.939126	Triplo salto in lungo	5	Petto
202	 3361227749	 0.9990999427213254	 0.03692289776440966	 -0.020766665129155707	 0.0021793793466875835	 -0.1310979452558651	 -0.1279950438466789	 0.04119585696296593	 -0.968505859375	 0.68408203125	 -0.892822265625	 0.056635506	 0.3414939	 0.74776435	 -0.5665892	 0.63509667	 -7.374603	 -1.3178844	Triplo salto in lungo	5	Petto
203	 3361244416	 0.9997192890148722	 0.02357796345130858	 8.067260681074441E-4	 -0.0021844917344971478	 -0.07565351754632262	 -0.10628315990681607	 -0.0247396069901359	 -0.96826171875	 0.710205078125	 -0.965087890625	 0.048267193	 0.34036222	 0.7383598	 -0.58021444	 0.22034253	 -1.5722952	 -2.006024	Triplo salto in lungo	5	Petto
204	 3361261083	 0.9996638933272854	 -0.024419949330867163	 0.008703378398696561	 1.3287912012477365E-4	 -0.0533310426309932	 -0.07890828927212422	 -0.061303283884474036	 -0.97412109375	 0.69970703125	 -0.93505859375	 0.051441234	 0.34315255	 0.7553373	 -0.5559371	 0.9629456	 1.3531089	 -3.2224822	Triplo salto in lungo	5	Petto
205	 3361277750	 0.9993557211159008	 -0.03517875629968087	 0.004212862116851679	 -0.005731454519578222	 -0.08536221853050086	 -0.14281878954268196	 -0.06467994683878794	 -0.983154296875	 0.67529296875	 -0.868896484375	 0.058307275	 0.33799502	 0.77914083	 -0.52468985	 0.10905258	 -0.29468384	 0.89329624	Triplo salto in lungo	5	Petto
206	 3361294417	 0.9988792030915116	 -0.04311492981287246	 0.012757848495346226	 -0.01478775710741152	 -0.022638328834271464	 -0.07912100278192606	 -0.09590446263436699	 -1.015869140625	 0.642333984375	 -0.798828125	 0.056096837	 0.32919967	 0.8086608	 -0.48430237	 -0.26793906	 3.2084868	 -2.9478092	Triplo salto in lungo	5	Petto
207	 3361311084	 0.9992523377415885	 -0.030217897398115368	 0.01040432054680346	 -0.02175762645066465	 0.038416976047540984	 -0.03516727656520631	 -0.13408592169192612	 -1.071044921875	 0.58935546875	 -0.71875	 0.048148505	 0.3133827	 0.83259	 -0.45416677	 -1.2465912	 6.9970293	 -4.917131	Triplo salto in lungo	5	Petto
208	 3361327751	 0.9998923789614308	 0.011583001537680604	 4.444235841444822E-4	 -0.008992611295192885	 0.05976254930926275	 0.029864629963523976	 -0.04917557845544535	 -1.097412109375	 0.592041015625	 -0.736328125	 0.04155709	 0.3048503	 0.8329785	 -0.4598765	 -1.2809435	 4.734201	 -10.66459	Triplo salto in lungo	5	Petto
209	 3361344418	 0.999916441730914	 0.0043729300477464705	 0.006215448831195514	 0.010457305332255808	 0.013652641560338246	 0.02126347075705079	 -0.057512809776052755	 -1.09814453125	 0.60205078125	 -0.7529296875	 0.04145382	 0.314574	 0.8312057	 -0.45653254	 0.72888696	 3.6131275	 -9.026658	Triplo salto in lungo	5	Petto
210	 3361361085	 0.9997589312131422	 0.0036324467700754592	 -0.011765218090272702	 0.018178680736142164	 -0.01450308139068951	 -0.012016426592760896	 0.00616888508972253	 -1.0625	 0.616455078125	 -0.754638671875	 0.06001999	 0.32239738	 0.8265445	 -0.45747373	 0.21569148	 -0.99472296	 -9.198238	Triplo salto in lungo	5	Petto
211	 3361377752	 0.9997943645201282	 0.00907237534316746	 -0.015166778360286239	 0.009944320670410017	 -0.026887459604330345	 -0.032700437846340136	 1.9787738197448237E-4	 -1.0166015625	 0.628173828125	 -0.765625	 0.075502016	 0.32264403	 0.82085234	 -0.46519032	 0.11545327	 -1.529747	 -7.788521	Triplo salto in lungo	5	Petto
212	 3361394419	 0.9999204311169131	 -3.162413550200083E-4	 0.01226103990641625	 -0.0029492925906695333	 -0.009327626624912974	 -0.03264968942761563	 -0.0503581983679956	 -1.018798828125	 0.62890625	 -0.771484375	 0.06517492	 0.32464173	 0.82490623	 -0.45813748	 -0.22237965	 1.4722	 -6.485488	Triplo salto in lungo	5	Petto
213	 3361411086	 0.9992580052440087	 -0.02094643286331671	 0.027584926551627142	 -0.01684511006817038	 0.032900173176739086	 -0.005179760852358455	 -0.04906716929511441	 -1.060302734375	 0.61083984375	 -0.754150390625	 0.042356703	 0.32049963	 0.8430525	 -0.4298239	 -1.1869698	 3.1607106	 -8.691409	Triplo salto in lungo	5	Petto
214	 3361427753	 0.9994794691053616	 -0.010874166469457214	 0.008439463567813167	 -0.029177367858442917	 0.06660566222644639	 -0.017474301119019646	 -0.03403264160758425	 -1.132568359375	 0.577392578125	 -0.72705078125	 0.027187286	 0.29739907	 0.8589474	 -0.4159619	 -3.3683145	 3.0801435	 -9.17501	Triplo salto in lungo	5	Petto
215	 3361444420	 0.9997734748507733	 -0.01399202999620447	 7.851557093880858E-4	 -0.016018914192532287	 0.0492191296773292	 0.05044940678801013	 -0.04929774632937685	 -1.16845703125	 0.556640625	 -0.716064453125	 0.024984818	 0.28202283	 0.8711676	 -0.40113115	 -0.24389589	 5.052218	 -10.834895	Triplo salto in lungo	5	Petto
216	 3361461087	 0.9996317490476389	 -0.026268392610959868	 0.006180460229266272	 0.002853025928600525	 -0.009819442251529264	 0.10195284821496807	 -0.08086157809892261	 -1.1806640625	 0.525390625	 -0.67138671875	 0.029246777	 0.284407	 0.8828003	 -0.3727218	 4.4699535	 6.391812	 -10.498523	Triplo salto in lungo	5	Petto
217	 3361477754	 0.9998133393938559	 -0.0163044194518569	 4.666499674139679E-4	 0.010355409902665641	 -0.053872724267815815	 0.05038466708880478	 0.005176856364423396	 -1.168212890625	 0.516845703125	 -0.640625	 0.03871519	 0.29085627	 0.88839906	 -0.35306004	 4.243476	 -0.021493342	 -11.109104	Triplo salto in lungo	5	Petto
218	 3361494421	 0.9997153945439832	 -0.017517986506308814	 -0.007520046045565555	 0.014342209313957008	 -0.06756728277112324	 0.03998832388681286	 0.017108508554457613	 -1.14501953125	 0.504150390625	 -0.608642578125	 0.056774024	 0.2980585	 0.8921823	 -0.33458787	 4.5341372	 -1.2121017	 -10.915758	Triplo salto in lungo	5	Petto
219	 3361511088	 0.9995084807168318	 -0.015488722678567213	 -0.014555879947179997	 0.023043932040352943	 -0.10300360693132311	 0.04563551602571177	 0.040197273106992865	 -1.0947265625	 0.49658203125	 -0.574462890625	 0.083064936	 0.3109855	 0.89116335	 -0.3197133	 6.388941	 -2.8807325	 -11.355943	Triplo salto in lungo	5	Petto
220	 3361527755	 0.9990354292690737	 -0.02074018582852108	 -0.030802218167364396	 0.023436704395587392	 -0.11575062183051463	 0.04637340563423733	 0.03137408677654954	 -1.01708984375	 0.482421875	 -0.534912109375	 0.12521686	 0.3186722	 0.88859546	 -0.305233	 7.1189213	 -2.930686	 -10.317431	Triplo salto in lungo	5	Petto
221	 3361544422	 0.9994505688613184	 -0.02251572401423871	 -0.022758707693962876	 0.008581596529917761	 -0.10326205969854113	 0.009903880085061597	 -0.041285801272833815	 -0.9521484375	 0.455810546875	 -0.49267578125	 0.15593103	 0.3152794	 0.89056563	 -0.28840572	 5.0520515	 -1.127877	 -5.559658	Triplo salto in lungo	5	Petto
222	 3361561089	 0.999556404232036	 -0.028962586403901258	 0.0061118429205851985	 -0.003287662335668004	 -0.09133816856724099	 -0.031836837156789755	 -0.16262211321578246	 -0.954833984375	 0.41552734375	 -0.44970703125	 0.15931256	 0.30845684	 0.9014702	 -0.258507	 1.9101856	 2.132302	 1.1728468	Triplo salto in lungo	5	Petto
223	 3361577756	 0.9995304911141877	 -0.02931655654648005	 0.0034188168942024815	 -0.008224873028300233	 -0.013833600687044624	 -0.021883658018374257	 -0.10443471543701648	 -0.970703125	 0.36767578125	 -0.40625	 0.16379943	 0.2960073	 0.91263306	 -0.22945763	 -1.0336956	 2.2197495	 -3.8395605	Triplo salto in lungo	5	Petto
224	 3361594423	 0.9994372689183055	 -0.030462007887765208	 -0.009803969769604683	 -0.010054538742334695	 0.09104138689934496	 0.036751260729977094	 -0.2258112318181628	 -0.974365234375	 0.314453125	 -0.364990234375	 0.18004623	 0.27836958	 0.9212685	 -0.2033674	 -5.1363683	 11.050648	 -1.4594746	Triplo salto in lungo	5	Petto
225	 3361611090	 0.9997150176491436	 -0.020732204049465824	 0.010791963658713155	 0.0048572340290269364	 0.12831217128101668	 0.18752706353331897	 -0.3428494782423939	 -0.975830078125	 0.26953125	 -0.331298828125	 0.17758316	 0.27965105	 0.9269254	 -0.17626442	 -4.0772066	 21.625475	 1.3550415	Triplo salto in lungo	5	Petto
226	 3361627757	 0.998960347408716	 -0.01720841626098117	 0.040544742856849676	 0.011756638189465873	 0.11540333069643308	 0.13822940817033508	 -0.44792745809650986	 -1.0224609375	 0.247314453125	 -0.326171875	 0.14768888	 0.2912335	 0.9348333	 -0.13949275	 -7.0912685	 20.773985	 9.085215	Triplo salto in lungo	5	Petto
227	 3361644424	 0.9992051099471216	 -0.032573443502571325	 0.004837388109940611	 0.02246594556699121	 0.0365564553699847	 -0.10305269677432011	 -0.5922967683575104	 -1.05224609375	 0.195068359375	 -0.29833984375	 0.1564658	 0.30377182	 0.9350308	 -0.0946524	 -12.576722	 7.8160167	 23.152637	Triplo salto in lungo	5	Petto
228	 3361661091	 0.9976955794667307	 -0.023067190806084895	 -0.048124631817998316	 0.0418981531006106	 -0.2808046328867443	 -0.2771708601497558	 -0.2652959798824047	 -0.940673828125	 0.166259765625	 -0.26416015625	 0.21229339	 0.330633	 0.9167629	 -0.07183033	 -0.65311915	 -18.357754	 12.012344	Triplo salto in lungo	5	Petto
229	 3361677758	 0.9998264427775737	 -0.011673511930140254	 -0.012847542280601643	 0.006764177652019762	 -0.424063084502893	 -0.11288632567923977	 -0.15365171963262986	 -0.86279296875	 0.137451171875	 -0.244384765625	 0.2283218	 0.33200386	 0.913287	 -0.059579752	 10.1856985	 -17.44894	 9.422998	Triplo salto in lungo	5	Petto
230	 3361694425	 0.997885310444608	 -0.058823997729217384	 0.027556594650249015	 0.002297516333602867	 -0.21873898624364185	 0.11211351222017335	 -0.07950440125363697	 -0.888427734375	 0.0673828125	 -0.210205078125	 0.22227353	 0.3211551	 0.9205574	 0.005324136	 11.3177185	 -1.1605966	 0.7136822	Triplo salto in lungo	5	Petto
231	 3361711092	 0.9981064286706247	 -0.036846431674260986	 0.048961059759086656	 -0.005358371628811795	 -0.09365216963015595	 0.06999198185795759	 -0.2272235871916655	 -1.00341796875	 -0.0634765625	 -0.17724609375	 0.18866813	 0.30637497	 0.93137646	 0.055471703	 0.7270563	 1.7643739	 5.3999376	Triplo salto in lungo	5	Petto
232	 3361727759	 0.9996823000101795	 4.78523336865197E-4	 0.025002307235737656	 -0.0031551061255373075	 0.07541634213161467	 0.07213105345236975	 -0.1501441726976273	 -1.05615234375	 -0.056396484375	 -0.18359375	 0.16536619	 0.30097073	 0.9370089	 0.063916184	 -4.4818377	 6.2327394	 -1.9749522	Triplo salto in lungo	5	Petto
233	 3361744426	 0.9997884710421875	 -0.010984853561101321	 0.017388000510730695	 -6.0013374400619275E-5	 0.1213558770790588	 -0.061785800857190744	 -0.21339209119420025	 -1.102294921875	 -0.078125	 -0.20263671875	 0.15229838	 0.2968484	 0.9391639	 0.081595525	 -12.054039	 0.9114619	 -0.6172762	Triplo salto in lungo	5	Petto
234	 3361761093	 0.9997901827189396	 -0.01917480708702366	 0.0048182331805159415	 0.005357419250251322	 0.10975531828896173	 -0.04345426324692104	 -0.1574879709387685	 -1.1201171875	 -0.11279296875	 -0.19580078125	 0.1528084	 0.29783085	 0.9366438	 0.10317629	 -9.6769495	 1.0826398	 -3.1323342	Triplo salto in lungo	5	Petto
235	 3361777760	 0.9997612439532538	 -0.01928565570944122	 -8.111289647128041E-5	 0.010271903114680654	 -0.002763198073238618	 0.03165817680062735	 -0.2158165733359624	 -1.114990234375	 -0.14453125	 -0.185302734375	 0.15725522	 0.30412158	 0.9314095	 0.12352187	 -3.3764646	 0.07117575	 2.8324585	Triplo salto in lungo	5	Petto
236	 3361794427	 0.9998521901169984	 -0.015383008265300258	 0.0017775920474550346	 0.0074700161622331535	 -0.13478010996520048	 0.08072849780068586	 -0.2429573633821384	 -1.11572265625	 -0.175537109375	 -0.179443359375	 0.15903902	 0.30822676	 0.92741495	 0.14001727	 3.3869216	 -3.0721948	 6.9336243	Triplo salto in lungo	5	Petto
237	 3361811094	 0.9999351274423145	 -0.007677536237403373	 0.007125530853646034	 0.004474723935535719	 -0.1345924765826157	 0.10858428509748196	 -0.1816557550000334	 -1.126220703125	 -0.1953125	 -0.173095703125	 0.15393896	 0.31011242	 0.926057	 0.15017326	 5.415053	 -1.7199961	 4.1214657	Triplo salto in lungo	5	Petto
238	 3361827761	 0.9999016256256962	 -0.005074750394056929	 0.012767601610520598	 0.0028238853806719783	 -0.06930973850483928	 0.07833827513976152	 -0.13659537833476088	 -1.1484375	 -0.20263671875	 -0.18701171875	 0.14309153	 0.3099246	 0.92631817	 0.15939406	 2.5447197	 -0.4965651	 0.1791811	Triplo salto in lungo	5	Petto
239	 3361844428	 0.9999191474233543	 -0.007888382861622786	 0.00985685231760647	 0.0015213462359324472	 0.013290449526183017	 0.06678203261566108	 -0.13178310175899283	 -1.173583984375	 -0.2158203125	 -0.19580078125	 0.13602304	 0.3085095	 0.92594767	 0.17011982	 -1.3742529	 1.886809	 -1.224884	Triplo salto in lungo	5	Petto
240	 3361861095	 0.9999237521824825	 -0.010709117540693744	 0.006040820696163297	 0.0011459092991051717	 0.024858721645134994	 0.08875191825956036	 -0.12908069613454126	 -1.187744140625	 -0.23828125	 -0.18603515625	 0.1333717	 0.3068921	 0.92454535	 0.1823335	 -1.126377	 3.12454	 -0.8946276	Triplo salto in lungo	5	Petto
241	 3361877762	 0.9999216911454638	 -0.011733546490904204	 0.004151797931489787	 0.001303087670672762	 -0.004098901017719377	 0.11290018547257702	 -0.13812808105901297	 -1.194580078125	 -0.25732421875	 -0.194091796875	 0.13268681	 0.30543378	 0.9225014	 0.1951817	 0.72556216	 2.7673852	 0.5044975	Triplo salto in lungo	5	Petto
242	 3361894429	 0.9999175195628817	 -0.010095818894628933	 0.007636814525957381	 0.0021696948995401227	 -0.03355941843288178	 0.11482708772685493	 -0.14506463957887927	 -1.20849609375	 -0.276123046875	 -0.199951171875	 0.12805954	 0.3040878	 0.9208104	 0.20794255	 1.9156518	 1.394888	 1.2177753	Triplo salto in lungo	5	Petto
243	 3361911096	 0.9998984212366485	 -0.008875751515699692	 0.01090107275366742	 0.002352627532944227	 -0.013010045661781558	 0.07534276366386175	 -0.14336402295944142	 -1.2275390625	 -0.293701171875	 -0.20458984375	 0.11998979	 0.30225343	 0.9195387	 0.22066788	 -0.22202313	 0.16966678	 -0.068657875	Triplo salto in lungo	5	Petto
244	 3361927763	 0.999897430054281	 -0.008717889212896374	 0.011206890832134499	 0.0018797277442827165	 0.014646260765116971	 0.0509778811029068	 -0.13968067016610233	 -1.252197265625	 -0.310791015625	 -0.21435546875	 0.111671604	 0.29991695	 0.9182816	 0.23310645	 -2.1258106	 -0.07803435	 -1.1040287	Triplo salto in lungo	5	Petto
245	 3361944430	 0.9999348913517245	 -0.008342699423060207	 0.00776664272254482	 -5.40078301404956E-4	 0.03600866806205042	 0.06334824667729631	 -0.16944575560043718	 -1.271484375	 -0.322998046875	 -0.221435546875	 0.10694649	 0.29627207	 0.9172925	 0.24363948	 -3.3337595	 0.3129443	 0.73520565	Triplo salto in lungo	5	Petto
246	 3361961097	 0.999973874799249	 -0.005425369845767886	 0.003803236878065303	 -0.0028897180246411636	 0.015438332973664745	 0.07768193917319781	 -0.18155549047555905	 -1.27685546875	 -0.339111328125	 -0.2255859375	 0.10555082	 0.29184967	 0.9171997	 0.24985597	 -2.1634276	 -0.3555339	 1.8686743	Triplo salto in lungo	5	Petto
247	 3361977764	 0.999989237037758	 -0.001200926961950427	 0.0021589474542509372	 -0.003927152780902749	 -0.018712549587940802	 0.026564244478012963	 -0.14515757705924526	 -1.285400390625	 -0.346923828125	 -0.2255859375	 0.10469887	 0.2874427	 0.9182634	 0.2514108	 -1.2766347	 -3.0013428	 -1.505353	Triplo salto in lungo	5	Petto
248	 3361994431	 0.9999702829208181	 -0.006147700416288704	 -0.001003257556487336	 -0.004542304384979462	 -0.05254595000150216	 -0.004031485612006683	 -0.1419866141070416	 -1.283447265625	 -0.358154296875	 -0.224365234375	 0.108376816	 0.28297657	 0.9179203	 0.2561285	 -0.41516972	 -5.423511	 -2.5340505	Triplo salto in lungo	5	Petto
249	 3362011098	 0.9999658010929188	 -0.006033957866399264	 -0.004646426474099574	 -0.0032247043406554714	 -0.029119445415140388	 0.08532994195737995	 -0.14148215393350982	 -1.27685546875	 -0.37548828125	 -0.2236328125	 0.11510939	 0.28097486	 0.9168298	 0.25928095	 0.8883066	 -0.83832055	 0.17883873	Triplo salto in lungo	5	Petto
250	 3362027765	 0.9999827850042147	 -0.004908390052972389	 -0.0012617395921662724	 -0.002957264868760523	 -0.026458463360421635	 0.10109922794652933	 -0.14768196723805307	 -1.271484375	 -0.388671875	 -0.21630859375	 0.11836467	 0.27843803	 0.91630876	 0.26237458	 0.90269303	 -0.2501259	 1.0017643	Triplo salto in lungo	5	Petto
251	 3362044432	 0.9999855597711041	 -0.002919786445412076	 0.003333696071799647	 -0.0030399945535342925	 0.004806772058499838	 0.09869021893802853	 -0.14225817554840325	 -1.273193359375	 -0.398681640625	 -0.22265625	 0.11687812	 0.27479786	 0.91685104	 0.26497236	 -0.6759541	 0.8195381	 0.525342	Triplo salto in lungo	5	Petto
252	 3362061099	 0.9999526669037525	 0.001001643043141598	 0.008864463950022829	 -0.003883547626331141	 0.045269185538412464	 0.0844706990694352	 -0.13437718258079331	 -1.28857421875	 -0.4033203125	 -0.231201171875	 0.10944097	 0.2693094	 0.9192467	 0.2654825	 -2.891098	 1.7321807	 -0.5018234	Triplo salto in lungo	5	Petto
253	 3362077766	 0.9999588793580622	 0.003407390636485458	 0.008061952363030422	 -0.002373648271158463	 0.049972035776224714	 0.06347618272363481	 -0.11397485768720099	 -1.301513671875	 -0.400390625	 -0.237060546875	 0.10164369	 0.26563793	 0.9216903	 0.26380396	 -3.1782	 1.4451423	 -2.1918588	Triplo salto in lungo	5	Petto
254	 3362094433	 0.9999751318139041	 0.0022118688945719778	 0.006589296927015293	 -0.0011935475549550156	 -0.014892516931462624	 0.07054001863623464	 -0.125897262296452	 -1.32177734375	 -0.39794921875	 -0.243408203125	 0.09516594	 0.2632873	 0.92328656	 0.26299348	 0.12410914	 -0.70208716	 -1.1375313	Triplo salto in lungo	5	Petto
255	 3362111100	 0.9999800904215462	 -0.002046461587368875	 0.005848248481083757	 -0.0011953012971661627	 -0.056334645693306	 0.09298401645058717	 -0.1538462806715953	 -1.330810546875	 -0.3994140625	 -0.249755859375	 0.090504564	 0.26073942	 0.92365336	 0.26587334	 2.3885636	 -1.7941005	 1.0881662	Triplo salto in lungo	5	Petto
256	 3362127767	 0.9999653533665418	 -0.004388563885320912	 0.006432282205287993	 -0.0029425021976192955	 -0.037512489875088054	 0.13752704953604444	 -0.1503592302612323	 -1.341064453125	 -0.4091796875	 -0.259033203125	 0.086412065	 0.25620416	 0.9238689	 0.27084854	 2.7307315	 0.7725378	 2.2903223	Triplo salto in lungo	5	Petto
257	 3362144434	 0.9999525668001064	 -0.006287915813974393	 0.006246281700591855	 -0.0040385925162150236	 2.6850560384414357E-4	 0.14213445292980978	 -0.12937935111060672	 -1.353271484375	 -0.4248046875	 -0.261962890625	 0.08327623	 0.25038874	 0.92374974	 0.27759206	 1.3075968	 2.6279242	 1.3392878	Triplo salto in lungo	5	Petto
258	 3362161101	 0.9999429448981934	 -0.00474447841263792	 0.009311015169322591	 -0.002214016584744183	 0.03151305710588771	 0.11187245006934252	 -0.12040680052005955	 -1.3662109375	 -0.4345703125	 -0.273681640625	 0.07638712	 0.24533284	 0.92373466	 0.28406224	 -0.9512584	 2.3906105	 -0.10675144	Triplo salto in lungo	5	Petto
259	 3362177768	 0.9999152873682737	 -0.004453655057949063	 0.011813530920308625	 -0.0031659960584823625	 0.059907479967323936	 0.05760480712161149	 -0.11803140283821936	 -1.387939453125	 -0.44873046875	 -0.283447265625	 0.06734876	 0.23858875	 0.92407376	 0.2909085	 -3.6908467	 0.80662185	 -2.019198	Triplo salto in lungo	5	Petto
260	 3362194435	 0.999949320466256	 -0.0038151432960246145	 0.009303881354846834	 -4.888480731914391E-4	 0.05731998549600718	 0.04963876289790707	 -0.101476810416869	 -1.40478515625	 -0.457275390625	 -0.298095703125	 0.05966604	 0.23513404	 0.92366594	 0.29663715	 -3.4236104	 0.70200336	 -3.0633721	Triplo salto in lungo	5	Petto
261	 3362211102	 0.9999577059100861	 -0.00249618749585262	 0.008581886037341169	 0.002169486359805906	 0.0133749086082054	 0.0664742574146587	 -0.0903145800292726	 -1.41845703125	 -0.463623046875	 -0.30908203125	 0.051521946	 0.23446089	 0.922899	 0.30105072	 -0.46901742	 0.40141043	 -3.0650911	Triplo salto in lungo	5	Petto
262	 3362227769	 0.9999247503757664	 -0.002551905012295047	 0.011526332046938622	 0.003335421459595811	 0.003617269011306292	 0.0722158968669129	 -0.09042035680041158	 -1.441650390625	 -0.461669921875	 -0.322509765625	 0.040317256	 0.23394328	 0.9218823	 0.30623284	 0.2677365	 0.28588268	 -2.8767405	Triplo salto in lungo	5	Petto
263	 3362244436	 0.9998749686179931	 -0.0017592855544543429	 0.01484643821879625	 0.005151244288590707	 0.025418715260132403	 0.0658520140331657	 -0.07770400302054879	 -1.46728515625	 -0.45947265625	 -0.33935546875	 0.025309015	 0.23405345	 0.9206285	 0.31148404	 -0.76098436	 0.925867	 -3.6295013	Triplo salto in lungo	5	Petto
264	 3362261103	 0.9997887882439127	 1.0892521406039024E-4	 0.019912792482807588	 0.005084066541955007	 0.04120446732882524	 0.06699016438588125	 -0.09932926667744567	 -1.4970703125	 -0.455810546875	 -0.36474609375	 0.0052026743	 0.23246498	 0.91978246	 0.31612247	 -1.676193	 0.5503251	 -2.417963	Triplo salto in lungo	5	Petto
266	 3362294437	 0.9988388218562975	 -0.005313666289024466	 0.04774150369423636	 -0.0036771902732512796	 0.09830833378913344	 0.17204131831566272	 -0.23642077179532503	 -1.572265625	 -0.463623046875	 -0.4287109375	 -0.036653847	 0.21372849	 0.91812426	 0.33170015	 -1.0361555	 0.68449384	 -0.22268486	Triplo salto in lungo	5	Petto
269	 3362344438	 0.9953223255348034	 -0.023499138649198975	 0.09333225188322541	 -0.008387462854922896	 0.11040803017125117	 0.26698601728914817	 -0.3405041861257866	 -1.698974609375	 -0.51513671875	 -0.584228515625	 -0.114845425	 0.17499267	 0.9043278	 0.37199438	 0.15491298	 -0.33760026	 -0.5597353	Triplo salto in lungo	5	Petto
273	 3362411106	 0.9881093980470368	 -0.07645910112377044	 0.13336484911608698	 -0.002764121327093694	 0.11539889097101809	 0.39330469849720084	 -0.6951131001237637	 -1.82958984375	 -0.588134765625	 -0.870849609375	 -0.22001703	 0.13018101	 0.85046923	 0.45972598	 1.7835686	 -4.8393235	 3.0653477	Triplo salto in lungo	5	Petto
274	 3362427773	 0.9993153920178881	 0.0038405226362505096	 0.03651861308440641	 -0.004515369354384097	 0.09990932262984228	 0.08718525575726822	 -0.10564488366097631	 -1.852783203125	 -0.5986328125	 -0.947998046875	 -0.24928051	 0.109127276	 0.8444003	 0.46145308	 -1.3764031	 -2.3546505	 -0.013083458	Triplo salto in lungo	5	Petto
275	 3362444440	 0.9997767050411294	 0.010310363485304147	 0.018197002391891096	 -0.00301754301589291	 0.12432594638323868	 0.07608399320507574	 -0.09945368642311614	 -1.861083984375	 -0.59716796875	 -0.988525390625	 -0.26425806	 0.096207604	 0.8449918	 0.45486367	 -2.5474133	 -2.7940173	 0.07664299	Triplo salto in lungo	5	Petto
276	 3362461107	 0.9999569123158566	 -0.003970880638305252	 0.008041775442571954	 -0.002394883384606694	 0.1371939653716592	 0.06978291090026918	 -0.04827156500348989	 -1.862060546875	 -0.606689453125	 -1.01123046875	 -0.2695087	 0.09234004	 0.8415289	 0.4589856	 -4.1971765	 -0.6249744	 -1.1138039	Triplo salto in lungo	5	Petto
277	 3362477774	 0.9999814817383564	 -0.0034692283764037324	 -0.002543799343221298	 0.004304616096097781	 0.12535960321815853	 0.11280440733984361	 -0.006702211006047842	 -1.8681640625	 -0.600341796875	 -1.01513671875	 -0.2689688	 0.0989283	 0.8404792	 0.45985228	 -3.418062	 2.7931046	 -0.6989536	Triplo salto in lungo	5	Petto
278	 3362494441	 0.9999317364476888	 0.0034745622576600743	 -0.010753730675654051	 0.0029676823251010287	 0.12050435195182574	 0.16352786615225537	 -0.09009566159638252	 -1.86669921875	 -0.59423828125	 -0.991455078125	 -0.26161847	 0.10617644	 0.8448234	 0.4544845	 -0.021993898	 0.43338317	 3.5130167	Triplo salto in lungo	5	Petto
279	 3362511108	 0.9998418837824838	 0.006570561194155722	 -0.016412655147636516	 -0.0019130893582423594	 0.11182229364719101	 0.17082330867491471	 -0.1083821082335331	 -1.857666015625	 -0.59375	 -0.9599609375	 -0.2475458	 0.11096276	 0.8523561	 0.4470993	 0.89277893	 0.051281333	 4.027404	Triplo salto in lungo	5	Petto
280	 3362527775	 0.9998076007266451	 0.003628949016387939	 -0.018151325261282217	 -0.006490119376801329	 0.12880329387679257	 0.16377811640175233	 -0.12216731119754345	 -1.8466796875	 -0.60107421875	 -0.918212890625	 -0.2295377	 0.11322352	 0.8592033	 0.44301578	 -0.18223056	 -0.568916	 4.666835	Triplo salto in lungo	5	Petto
281	 3362544442	 0.9998171942827646	 -0.0010346284239660108	 -0.016125032674701778	 -0.01022207815489651	 0.10111005607478461	 0.16566626591109576	 -0.14028533401849932	 -1.828857421875	 -0.619873046875	 -0.883544921875	 -0.21100202	 0.11239269	 0.86362743	 0.44384018	 1.1682245	 -1.1022918	 4.465149	Triplo salto in lungo	5	Petto
282	 3362561109	 0.9998948344916712	 -0.0018231477653462835	 -0.01083347057896135	 -0.009467418038416386	 0.10768278955018436	 0.13975215922696754	 -0.08839498124869534	 -1.814697265625	 -0.643310546875	 -0.86376953125	 -0.19721015	 0.10996896	 0.8662719	 0.44563255	 -1.1140851	 0.60710424	 1.9592476	Triplo salto in lungo	5	Petto
283	 3362577776	 0.9999757021305784	 0.0030085444709672393	 -0.004554285182626725	 -0.004336161332140543	 0.1331692306435291	 0.1233917658062463	 -0.06681591791377105	 -1.805419921875	 -0.65380859375	 -0.846923828125	 -0.19167058	 0.10817575	 0.8691447	 0.4428862	 -3.4807842	 1.140818	 1.2006912	Triplo salto in lungo	5	Petto
284	 3362594443	 0.9999857068580487	 0.0051718569451683905	 -3.1962577159760924E-4	 -0.001317503211948956	 0.1323906850276652	 0.11835285021010203	 -0.06566975632955915	 -1.801025390625	 -0.65283203125	 -0.843505859375	 -0.19140919	 0.10671908	 0.87177986	 0.43814826	 -3.6916075	 1.104636	 0.8731632	Triplo salto in lungo	5	Petto
285	 3362611110	 0.9999955720245933	 0.001465939394573762	 0.002164067242304321	 -0.00142259125144395	 0.10071384450048232	 0.13588893912187858	 -0.1026561458805279	 -1.804931640625	 -0.650390625	 -0.84521484375	 -0.192902	 0.104803294	 0.8722879	 0.4369431	 -1.0906821	 -5.785633E-4	 2.0082932	Triplo salto in lungo	5	Petto
286	 3362627777	 0.9999775340819057	 1.5545691748691803E-4	 0.005312553848417599	 -0.004084597437404636	 0.0981042792858644	 0.1538968285180464	 -0.11747730396661488	 -1.80419921875	 -0.65869140625	 -0.8544921875	 -0.1958383	 0.09944674	 0.8718672	 0.43772784	 -0.3388063	 -0.060466316	 3.2059374	Triplo salto in lungo	5	Petto
287	 3362644444	 0.9999376626712899	 0.0067193743775354475	 0.008879116168120928	 -8.25878638329225E-4	 0.11146036641609611	 0.10377556749085828	 -0.04903448163696591	 -1.807373046875	 -0.65673828125	 -0.865478515625	 -0.20395513	 0.094051816	 0.87321854	 0.4324886	 -3.141	 1.3747988	 -0.846755	Triplo salto in lungo	5	Petto
288	 3362661111	 0.9999804237741071	 0.004207220758612101	 0.004087566983464825	 -0.002177879289855078	 0.10427134932460652	 0.09221360865696383	 -0.06386091286108775	 -1.8125	 -0.656005859375	 -0.87353515625	 -0.20708731	 0.09003907	 0.8744892	 0.42927504	 -2.6806402	 0.25263008	 -1.0272522	Triplo salto in lungo	5	Petto
289	 3362677778	 0.9999603945131276	 0.006888755410722758	 0.00160383251663003	 -0.005402052878324627	 0.09236651902785904	 0.13180451036465524	 -0.07025382650659182	 -1.81298828125	 -0.660888671875	 -0.877685546875	 -0.20691024	 0.08375172	 0.877655	 0.42414135	 -1.1164554	 1.4358461	 0.5652847	Triplo salto in lungo	5	Petto
290	 3362694445	 0.999889639493508	 0.00975630752758419	 3.120885463484408E-4	 -0.011199370415748977	 0.08540814964151851	 0.12411408002131447	 -0.07576952489543312	 -1.8076171875	 -0.673583984375	 -0.868896484375	 -0.20337448	 0.07225286	 0.88263845	 0.41757402	 -0.8778316	 0.97865415	 0.22001743	Triplo salto in lungo	5	Petto
291	 3362711112	 0.9998528639211205	 0.010618551203366328	 -0.0031008082878089403	 -0.013110372498029712	 0.09086830348405533	 0.12047613753405524	 -0.08831775351748249	 -1.79443359375	 -0.689453125	 -0.862548828125	 -0.19605412	 0.060259797	 0.88857734	 0.4103195	 -1.2041799	 0.3426993	 0.60224724	Triplo salto in lungo	5	Petto
292	 3362727779	 0.9998824763421842	 0.009208493949107971	 -0.007169719267345735	 -0.009941441979821719	 0.08878835625037824	 0.1360773668850609	 -0.1165595036060856	 -1.7841796875	 -0.707763671875	 -0.841064453125	 -0.18630293	 0.052991685	 0.894311	 0.40335023	 -0.5917244	 -0.1922844	 2.1689396	Triplo salto in lungo	5	Petto
293	 3362744446	 0.99987931487927	 0.011940114986991629	 -0.008163986492555328	 -0.005669096507238181	 0.07481049773256492	 0.14604251262252924	 -0.11577760081217105	 -1.772216796875	 -0.706298828125	 -0.81787109375	 -0.17749389	 0.04942527	 0.90089697	 0.3929863	 0.021686569	 0.46764946	 2.227333	Triplo salto in lungo	5	Petto
294	 3362761113	 0.9998767029680796	 0.013078070036567913	 -0.007783559921244341	 -0.0038677048431677297	 0.06322239565635007	 0.12781895873555965	 -0.12462736206504015	 -1.759521484375	 -0.705810546875	 -0.790771484375	 -0.16975643	 0.047069624	 0.9075469	 0.38121712	 0.32540157	 -0.35227084	 1.5403156	Triplo salto in lungo	5	Petto
295	 3362777780	 0.9998776654236492	 0.013009295839227358	 -0.00788115275778427	 -0.003646894559627079	 0.05777348800586121	 0.10562932052648828	 -0.12452904340904614	 -1.754150390625	 -0.7001953125	 -0.769287109375	 -0.16197194	 0.044931937	 0.9139559	 0.36936614	 0.15167846	 -0.97176504	 0.53318787	Triplo salto in lungo	5	Petto
296	 3362794447	 0.9998580836103604	 0.012753836041397987	 -0.01044152932022411	 -0.0034823513179300103	 0.047767433409185295	 0.1096208924972539	 -0.13109726914066436	 -1.7431640625	 -0.69580078125	 -0.73974609375	 -0.15185396	 0.043931838	 0.92044556	 0.35747853	 0.6976197	 -0.7741183	 0.78251743	Triplo salto in lungo	5	Petto
297	 3362811114	 0.9997891643963831	 0.015830425387808877	 -0.01263064350742582	 -0.003389872005151118	 0.03681988205328429	 0.11802654010670603	 -0.16118868368574005	 -1.7265625	 -0.6865234375	 -0.708984375	 -0.13983518	 0.043299373	 0.9280436	 0.34250095	 1.6496543	 -1.3060216	 2.1925564	Triplo salto in lungo	5	Petto
