2	 3406305612	 0.9999521364875139	 -0.00940873135320279	 0.0025592710589533167	 -8.06622604608398E-4	 -0.07318488561474364	 -0.12034306396535792	 -0.04942879507647051	 -0.82177734375	 0.668212890625	 -1.097412109375	 0.24514855	 0.7098613	 -0.6553413	 -0.08079249	 7.185508	 5.146331	 -11.265156	Triplo salto in lungo	5	Petto
3	 3406322279	 0.9999434726921691	 -0.01013236309064218	 0.0031280580005773263	 -7.758167757603297E-4	 -0.07452707758588052	 -0.12057863256942901	 -0.05812616804267527	 -0.823974609375	 0.666015625	 -1.078125	 0.16217326	 0.668724	 -0.7205727	 -0.08534288	 8.215	 4.0987115	 -9.369343	Triplo salto in lungo	5	Petto
4	 3406338946	 0.9999411938709234	 -0.01019628179409486	 0.0036700010214968663	 -4.192017056318109E-4	 -0.07172043202113643	 -0.12646030494427135	 -0.05995402355634655	 -0.82666015625	 0.662353515625	 -1.05859375	 0.08769648	 0.62873375	 -0.76836854	 -0.08132397	 8.878021	 2.6656334	 -8.050029	Triplo salto in lungo	5	Petto
5	 3406355613	 0.999927982206376	 -0.011121517777976375	 0.004477283559885609	 -5.442195549811292E-4	 -0.07999176805350813	 -0.14613036063898874	 -0.06427741275089374	 -0.83056640625	 0.658935546875	 -1.03466796875	 0.025339179	 0.59298754	 -0.8016775	 -0.07097138	 10.140703	 1.7163705	 -6.8130655	Triplo salto in lungo	5	Petto
6	 3406372280	 0.9999369994010543	 -0.01047246989420153	 0.003919960131104996	 -9.79038151277034E-4	 -0.08266828863334197	 -0.17073789241105666	 -0.06168207968600726	 -0.832763671875	 0.653564453125	 -1.01318359375	 -0.030870723	 0.56143385	 -0.8251089	 -0.055089314	 11.31041	 0.34988004	 -5.9155703	Triplo salto in lungo	5	Petto
7	 3406388947	 0.9999313083656574	 -0.01110269289587161	 0.003481997188298496	 -0.0014087072745880838	 -0.07335323760914188	 -0.17634868300466974	 -0.055641149322871924	 -0.837890625	 0.648681640625	 -0.99365234375	 -0.08138871	 0.53388125	 -0.84090906	 -0.034912344	 10.958768	 -1.1289934	 -5.2181973	Triplo salto in lungo	5	Petto
8	 3406405614	 0.9999033695880676	 -0.013478063747097008	 0.0027381293012606477	 -0.0020238408996667845	 -0.061275998366489184	 -0.1678462315997546	 -0.05606196279788628	 -0.841796875	 0.6435546875	 -0.968505859375	 -0.123866916	 0.5124591	 -0.84961	 -0.014354358	 9.631296	 -2.1448505	 -4.4393406	Triplo salto in lungo	5	Petto
9	 3406422281	 0.9997300771369888	 -0.022206684919743286	 0.0055519696356763695	 -0.00397638601120165	 -0.05898040814975597	 -0.1431463448492515	 -0.07756959663174831	 -0.853515625	 0.6328125	 -0.933349609375	 -0.1513216	 0.5002446	 -0.85255915	 5.370166E-4	 7.4090505	 -2.0360763	 -2.8194818	Triplo salto in lungo	5	Petto
10	 3406438948	 0.9993890758342681	 -0.032094457046921376	 0.011462860684660682	 -0.007747499913833944	 -0.04060152979772916	 -0.09164007125102444	 -0.1406416509823344	 -0.87158203125	 0.609619140625	 -0.87109375	 -0.16063769	 0.4990419	 -0.85152525	 0.007600673	 2.717431	 -1.9602989	 -0.00669384	Triplo salto in lungo	5	Petto
11	 3406455615	 0.9997265860480461	 -0.021793071933238817	 0.007768354578504875	 -0.0033864186944214674	 -0.008937557378541355	 -0.008368591181183403	 -0.16846014413371294	 -0.891357421875	 0.591796875	 -0.8271484375	 -0.16812867	 0.4979944	 -0.8505862	 0.0154254045	 -2.822253	 -1.1455135	 -0.14791775	Triplo salto in lungo	5	Petto
12	 3406472282	 0.9997091109419488	 -0.021557575165568083	 0.01039833846015545	 -0.002973047242695037	 0.005492164547354576	 0.027980273212863727	 -0.15160988131125414	 -0.9013671875	 0.574462890625	 -0.79345703125	 -0.16275233	 0.5003724	 -0.8501994	 0.017340077	 -4.620951	 -0.60993505	 -1.8160362	Triplo salto in lungo	5	Petto
13	 3406488949	 0.9996889380090478	 -0.020688040752395442	 0.012025494703125472	 -0.007029912468476785	 0.008369099402693146	 0.018889471067725625	 -0.08635874788571873	 -0.9228515625	 0.55078125	 -0.75634765625	 -0.14847125	 0.50781316	 -0.8484322	 0.01566135	 -2.7955482	 -0.5114452	 -5.3061833	Triplo salto in lungo	5	Petto
14	 3406505616	 0.9993635451484251	 -0.026917791137898273	 0.011294591506610054	 -0.02050291080132466	 0.002003804408587931	 0.017692583628421826	 -0.01491670348993534	 -0.966796875	 0.524169921875	 -0.71826171875	 -0.12746914	 0.5278283	 -0.8396997	 0.0073167617	 -1.2086005	 0.30373242	 -9.187841	Triplo salto in lungo	5	Petto
15	 3406522283	 0.9989599844942295	 -0.03624736713673432	 0.015457673170447108	 -0.02293770030101228	 -0.026159844731629044	 0.04739333167799685	 0.012002917879184793	 -1.018798828125	 0.481201171875	 -0.66015625	 -0.09646528	 0.5505631	 -0.8291596	 -0.008327607	 -1.7049189	 2.738636	 -10.625168	Triplo salto in lungo	5	Petto
16	 3406538950	 0.9987214055360545	 -0.04138092465340751	 0.024764592792772714	 -0.015162062614460625	 -0.021351821213608718	 0.04564902995183339	 0.00986084589731658	 -1.0751953125	 0.423095703125	 -0.6103515625	 -0.05433601	 0.5666903	 -0.82170707	 -0.026597563	 -1.9365165	 2.314939	 -10.434388	Triplo salto in lungo	5	Petto
17	 3406555617	 0.9988518365562159	 -0.03990587627710965	 0.023400602799415887	 -0.012447547367031632	 0.01054161463268483	 0.025379882465763892	 0.007785863565976701	 -1.12939453125	 0.363037109375	 -0.5634765625	 -0.013593064	 0.5793959	 -0.81362224	 -0.0462053	 -1.6180792	 0.002807658	 -10.379167	Triplo salto in lungo	5	Petto
18	 3406572284	 0.9993351269464231	 -0.033573373811682794	 0.0048035411829939765	 -0.013381278488272808	 0.02566317693348253	 0.023538151250185796	 0.03421894969537115	 -1.162353515625	 0.3095703125	 -0.529296875	 0.0090536475	 0.59078705	 -0.8036017	 -0.07150882	 -1.9040241	 -0.8046952	 -11.887203	Triplo salto in lungo	5	Petto
19	 3406588951	 0.9992124070202445	 -0.03942938063873774	 0.003696760465741023	 -0.0024947066588599247	 0.006640872363707613	 0.04472047450751341	 -0.013307459704252789	 -1.179443359375	 0.2470703125	 -0.48291015625	 0.035794977	 0.59201795	 -0.79865474	 -0.10190306	 -2.5832782	 0.31796664	 -8.705995	Triplo salto in lungo	5	Petto
20	 3406605618	 0.9992163942372115	 -0.03802116653687626	 0.005362026415034333	 0.009604012467974155	 -0.016182447888179026	 0.028568995296282006	 -0.001204417432688328	 -1.18505859375	 0.198486328125	 -0.444580078125	 0.064678766	 0.5825272	 -0.7997336	 -0.13002026	 -1.3059064	 1.392774	 -9.3218	Triplo salto in lungo	5	Petto
21	 3406622285	 0.9991772806121557	 -0.03542338425833652	 0.0015739650413007233	 0.019684216779758516	 -0.014110219757460338	 -0.009082194928509457	 0.03084189508635491	 -1.174560546875	 0.1494140625	 -0.407958984375	 0.09008362	 0.5638514	 -0.8056642	 -0.15767737	 0.28268632	 0.89487505	 -11.698638	Triplo salto in lungo	5	Petto
22	 3406638952	 0.9992457842583415	 -0.03309657418972711	 -0.007079733558409019	 0.019035671555735822	 -0.007997040165773645	 -0.015156174751913106	 0.028766435924358763	 -1.1484375	 0.107666015625	 -0.3779296875	 0.10658505	 0.5437583	 -0.810959	 -0.18791637	 0.40306067	 0.4307151	 -11.733173	Triplo salto in lungo	5	Petto
23	 3406655619	 0.99946728752746	 -0.030225682207763005	 -0.008620281580965396	 0.008788631465815823	 0.010870439214987912	 -0.025654165300074895	 0.00398711672815774	 -1.125732421875	 0.06103515625	 -0.345947265625	 0.11796969	 0.5313522	 -0.81028736	 -0.21721582	 0.952895	 -1.0737591	 -10.702033	Triplo salto in lungo	5	Petto
24	 3406672286	 0.9989753385954228	 -0.04436536868086016	 0.008675973072045652	 0.0021712741017274606	 0.0179734330405271	 -0.0347273565751064	 -0.07013110222102606	 -1.126708984375	 -0.00732421875	 -0.32275390625	 0.14913078	 0.52557343	 -0.79982126	 -0.248634	 3.0305183	 -2.6478958	 -7.163801	Triplo salto in lungo	5	Petto
25	 3406688953	 0.9990998464040375	 -0.04133832158827977	 0.00951683885901361	 -2.6431387479816665E-4	 0.014781488411015765	 -0.022488490866124894	 -0.15063201117933997	 -1.15576171875	 -0.09619140625	 -0.306640625	 0.1781553	 0.52137715	 -0.78751266	 -0.27613574	 5.1975427	 -3.4202957	 -3.0614905	Triplo salto in lungo	5	Petto
26	 3406705620	 0.9996401974520204	 -0.024414043166272104	 -0.0030861275335811737	 0.010672673105066033	 -0.017524174271746892	 0.049805033321488015	 -0.21724454030625096	 -1.1484375	 -0.144287109375	 -0.2919921875	 0.19074309	 0.50765604	 -0.78723973	 -0.29352432	 5.639096	 -1.3469787	 2.2838078	Triplo salto in lungo	5	Petto
27	 3406722287	 0.9989277340917574	 -0.03072477900802184	 0.030878380699282563	 0.01568105935853029	 -0.1893891588649585	 -0.0965288138528786	 -0.5006365309645204	 -1.17138671875	 -0.185791015625	 -0.286865234375	 0.23387936	 0.49839944	 -0.78029203	 -0.29672062	 26.558586	 0.5499286	 9.14106	Triplo salto in lungo	5	Petto
28	 3406738954	 0.9965540091548375	 -0.07222836874527089	 0.03949827817117913	 0.010151630771920411	 -0.10502399607596224	 0.011070088375499748	 -0.46316695246033857	 -1.24365234375	 -0.290283203125	 -0.31298828125	 0.29897738	 0.48674554	 -0.7534205	 -0.32565203	 20.170681	 -0.27679622	 10.323832	Triplo salto in lungo	5	Petto
29	 3406755621	 0.9969135991110514	 -0.07241228320406856	 0.030108983092266117	 0.0036312925761308183	 -0.006994206602345551	 0.01654738791325626	 -0.4038956889699607	 -1.320068359375	 -0.421875	 -0.3525390625	 0.35210302	 0.47546142	 -0.72247463	 -0.35775805	 17.968428	 -4.003734	 5.984333	Triplo salto in lungo	5	Petto
30	 3406772288	 0.9992167888360382	 -0.03815479514972936	 0.008706996162843041	 0.005848823223402466	 0.05618669309293363	 0.034045199683690575	 -0.49330638253276926	 -1.341064453125	 -0.501953125	 -0.376220703125	 0.3726849	 0.46595868	 -0.7110286	 -0.37205797	 22.934074	 -7.7654777	 7.6602325	Triplo salto in lungo	5	Petto
31	 3406788955	 0.9999067624488466	 -0.012481631859137532	 0.003291256862688469	 0.004454537401650028	 0.006155554963904519	 0.006174439843406182	 -0.49027147782746605	 -1.344482421875	 -0.52734375	 -0.390869140625	 0.37594557	 0.4650726	 -0.71126914	 -0.369417	 25.249767	 -5.358541	 4.3044147	Triplo salto in lungo	5	Petto
32	 3406805622	 0.9999520470187429	 -0.008290623214568194	 0.0031060481956708967	 0.004185892299896021	 0.010234951381238519	 -0.030083417929980094	 -0.5222733662082069	 -1.35205078125	 -0.5400390625	 -0.394287109375	 0.37605503	 0.46644387	 -0.7137217	 -0.36278704	 27.741858	 -6.3517156	 3.4394598	Triplo salto in lungo	5	Petto
33	 3406822289	 0.99999305158807	 -0.0021895304464744636	 6.832274065743382E-4	 0.0029386956825149806	 -0.04072329327574842	 -0.010691418149555348	 -0.5282059084168814	 -1.357177734375	 -0.54833984375	 -0.396728515625	 0.3701366	 0.47050947	 -0.7193992	 -0.35225692	 28.283304	 -2.8986435	 4.413678	Triplo salto in lungo	5	Petto
34	 3406838956	 0.9999804103583665	 0.003626017244295565	 -0.0050280545460552615	 8.657747622124456E-4	 -0.034606229467352145	 0.07100468125647913	 -0.5334388944050652	 -1.351806640625	 -0.544921875	 -0.384521484375	 0.3555839	 0.4767812	 -0.7283418	 -0.34023294	 25.85625	 -1.4874269	 9.578617	Triplo salto in lungo	5	Petto
35	 3406855623	 0.9999498205615496	 0.007124749206630199	 -0.00633765483223725	 -0.0030705763131176904	 0.0037575274404022807	 0.13730265118371274	 -0.5361618309112485	 -1.341064453125	 -0.53564453125	 -0.37353515625	 0.33620667	 0.48701942	 -0.7366641	 -0.3272669	 22.50047	 -2.3379803	 14.498516	Triplo salto in lungo	5	Petto
36	 3406872290	 0.999850282855254	 0.015283390081565318	 -0.004203190626493492	 -0.006939960406275869	 0.0741416848681182	 0.1773984005070411	 -0.490913198390074	 -1.331787109375	 -0.520751953125	 -0.3623046875	 0.31258884	 0.5032268	 -0.74434423	 -0.30822575	 16.474958	 -5.13671	 16.698015	Triplo salto in lungo	5	Petto
37	 3406888957	 0.9995895341038902	 0.026809316989373944	 -0.0026320875474009076	 -0.009751715114476369	 0.09112873994779055	 0.15334821243124422	 -0.36127273669918203	 -1.3251953125	 -0.48974609375	 -0.351318359375	 0.28325862	 0.52423894	 -0.7525575	 -0.2803496	 9.36303	 -5.2955656	 11.83633	Triplo salto in lungo	5	Petto
38	 3406905624	 0.9991393909427921	 0.03982298381632482	 -0.007671730414476969	 -0.008703561275626548	 0.06199847574253409	 0.15480074739186414	 -0.25027721816708703	 -1.308837890625	 -0.43359375	 -0.3310546875	 0.24355167	 0.5444746	 -0.76439756	 -0.24479938	 3.3329668	 -2.555852	 7.735834	Triplo salto in lungo	5	Petto
39	 3406922291	 0.9985998005650245	 0.05078872806401108	 -0.014089389876108584	 -0.004520232964369348	 0.005756670362987951	 0.17594776857503122	 -0.18515122749074567	 -1.2890625	 -0.353515625	 -0.30908203125	 0.19387355	 0.5597929	 -0.77954525	 -0.20335737	 -0.9860171	 1.5772278	 5.403163	Triplo salto in lungo	5	Petto
40	 3406938958	 0.9975854057738611	 0.06416133631869675	 -0.026419737311967898	 -0.0029459445287534913	 -0.019633328323318856	 0.09077268140666665	 -0.14116702619523172	 -1.2451171875	 -0.24365234375	 -0.290283203125	 0.12711352	 0.5705157	 -0.7957993	 -0.15829696	 0.24671869	 1.9067667	 0.14186859	Triplo salto in lungo	5	Petto
41	 3406955625	 0.9972675380553067	 0.07010775884586212	 -0.023277971025458644	 -7.040991804188325E-4	 -0.054088943560472204	 -0.010375710996803685	 -0.14551129673863766	 -1.19970703125	 -0.116455078125	 -0.289306640625	 0.05949688	 0.5765522	 -0.80789804	 -0.10653008	 4.7210193	 2.0024624	 -2.0126605	Triplo salto in lungo	5	Petto
42	 3406972292	 0.9974367403495101	 0.07088153485603832	 -0.007507326662373776	 0.006276708036913603	 -0.05028041232654971	 -0.08354173465278275	 -0.15357370763882772	 -1.172607421875	 0.013427734375	 -0.31982421875	 0.0047185514	 0.5744062	 -0.8173297	 -0.044808246	 7.43622	 0.37141082	 -1.8319349	Triplo salto in lungo	5	Petto
43	 3406988959	 0.9985234797226661	 0.04309187265668857	 -0.009002881401133424	 0.03182607547209305	 -0.10176378256657552	 -0.22024368596805746	 -0.225509459055388	 -1.1416015625	 0.1201171875	 -0.359375	 -0.034276996	 0.54772955	 -0.8359229	 -0.007124301	 15.005242	 0.44062853	 3.2109709	Triplo salto in lungo	5	Petto
44	 3407005626	 0.9977690369515975	 0.05871368750248507	 -0.030064257306220952	 0.01028553514250008	 -0.17482909300805538	 -0.608877013914287	 -0.23282595120778227	 -1.077392578125	 0.234619140625	 -0.405029296875	 -0.09984628	 0.5355102	 -0.83798313	 0.03231245	 36.617695	 -5.616439	 6.5389175	Triplo salto in lungo	5	Petto
45	 3407022293	 0.9999395768227529	 -0.01023870404604571	 -0.001738858789971598	 0.0036038886081324333	 -0.3843146109822626	 -0.6519177751056895	 -0.37024208655219104	 -1.052734375	 0.250732421875	 -0.40380859375	 -0.10530389	 0.53315914	 -0.8388838	 0.030446906	 38.98958	 3.1942756	 22.197266	Triplo salto in lungo	5	Petto
46	 3407038960	 0.9994533757723614	 0.02514998618559733	 -0.01978811229997163	 0.008298100005367015	 -0.5272444550374324	 -0.6342287783602392	 -0.2916465161062263	 -1.035888671875	 0.2705078125	 -0.41015625	 -0.14606634	 0.523133	 -0.83824635	 0.048376597	 42.338345	 11.166016	 19.132011	Triplo salto in lungo	5	Petto
47	 3407055627	 0.9986514851507997	 0.039651349179676554	 -0.030505182121389116	 -0.013871394236856406	 -0.39244847065573574	 -0.6044121236998113	 -0.15833302704916088	 -0.996826171875	 0.34521484375	 -0.45654296875	 -0.20323922	 0.5288169	 -0.8205376	 0.07592648	 37.48806	 4.123666	 13.368198	Triplo salto in lungo	5	Petto
48	 3407072294	 0.9994286263097821	 0.008040918653594242	 -0.02875914533201979	 -0.015832754009331096	 -0.2485405890927579	 -0.4711289795406585	 -0.28842492359359695	 -0.968505859375	 0.360595703125	 -0.46826171875	 -0.2420038	 0.54088163	 -0.8016294	 0.07919475	 20.953857	 -0.25880656	 19.88216	Triplo salto in lungo	5	Petto
49	 3407088961	 0.996222622410923	 0.06871097173046264	 -0.039278805586630244	 -0.03572764185119027	 -0.05926905617402582	 -0.1478751231394292	 -0.382096645257061	 -0.978759765625	 0.4208984375	 -0.52734375	 -0.31834817	 0.5516277	 -0.75985646	 0.13030738	 -3.17471	 -3.427344	 14.581753	Triplo salto in lungo	5	Petto
50	 3407105628	 0.9937211928623629	 0.06802852648147578	 -0.06041815602572157	 -0.06511495115112403	 0.1700432324958414	 0.1516823525897137	 -0.2583989230630777	 -0.985595703125	 0.509033203125	 -0.63818359375	 -0.40054038	 0.5807452	 -0.6861383	 0.17752995	 -18.624279	 -8.494957	 -6.943343	Triplo salto in lungo	5	Petto
51	 3407122295	 0.9901721485923156	 0.07393419804417772	 -0.02941499327211156	 -0.11501134153831606	 0.10707691439382057	 0.565561861040762	 -0.33400367720723684	 -1.108154296875	 0.53369140625	 -0.73095703125	 -0.44540152	 0.6252862	 -0.5836177	 0.2646229	 -37.06262	 -1.4530292	 -24.596485	Triplo salto in lungo	5	Petto
52	 3407138962	 0.9917303784472002	 0.07318963814981563	 -0.01597002743283874	 -0.1042069650084208	 -0.1283571428455402	 0.7664034824790935	 -0.3011181430327385	 -1.3125	 0.5107421875	 -0.855712890625	 -0.47275293	 0.64839894	 -0.4838164	 0.34929335	 -38.88349	 6.6351857	 -40.541374	Triplo salto in lungo	5	Petto
53	 3407155629	 0.9997949171338409	 0.003720805519824233	 0.011283282540587414	 0.016400207764812384	 -0.16260128725025058	 0.3927447107381068	 -0.5455898747183188	 -1.3408203125	 0.5126953125	 -0.889404296875	 -0.47822842	 0.6312676	 -0.4958347	 0.35629648	 -39.44282	 -1.5644155	 -22.614193	Triplo salto in lungo	5	Petto
54	 3407172296	 0.9998955531477751	 -0.0016933589436121388	 0.013632159189641254	 0.004492167252136803	 0.14282196350187837	 -0.19936726427925205	 -0.3775423751950965	 -1.32373046875	 0.52587890625	 -0.905029296875	 -0.47394186	 0.62242746	 -0.5039283	 0.36608735	 -15.540584	 -13.299887	 7.827837	Triplo salto in lungo	5	Petto
55	 3407188963	 0.9986484467164295	 -0.015452678244411377	 0.01358474972205802	 -0.04772786587441764	 0.11798534796568194	 0.09345270417848703	 -0.34725124482316816	 -1.384765625	 0.482421875	 -0.901611328125	 -0.44016716	 0.645617	 -0.48467597	 0.39309192	 -19.474934	 -11.67616	 -9.585789	Triplo salto in lungo	5	Petto
56	 3407205630	 0.9966649627031742	 -0.049664114240434376	 0.04256585909161186	 -0.048791141781951375	 0.025613989903835815	 0.2578711484218261	 -0.17971725181987705	 -1.4990234375	 0.382080078125	 -0.878662109375	 -0.3666628	 0.6700488	 -0.48967153	 0.42049384	 -14.019321	 -5.6915774	 -21.172558	Triplo salto in lungo	5	Petto
57	 3407222297	 0.998770584511089	 -0.029752190705934545	 0.03961419695468714	 0.0016858419886676137	 -0.06780992151472634	 0.20888491136236248	 0.0442115025540584	 -1.553466796875	 0.34228515625	 -0.894287109375	 -0.32703763	 0.6606457	 -0.5173522	 0.43467322	 -2.5267947	 0.95581806	 -22.979782	Triplo salto in lungo	5	Petto
58	 3407238964	 0.9996257686301737	 -0.020499923898918415	 -0.017600458957408475	 0.004277809621936524	 -0.0793253601830898	 0.1230812452962833	 0.14857482533314204	 -1.54736328125	 0.34326171875	 -0.860107421875	 -0.32384595	 0.6706843	 -0.5233692	 0.41399473	 4.8311377	 2.5463352	 -21.07433	Triplo salto in lungo	5	Petto
59	 3407255631	 0.9988136433730392	 -0.021448620373385047	 -0.04336505560642898	 -0.0055438658177306985	 -0.11754403788833964	 0.19643155085425243	 0.02550903078604782	 -1.52392578125	 0.315673828125	 -0.767333984375	 -0.3292017	 0.69590706	 -0.5142024	 0.37806854	 -4.44897	 3.9760246	 -22.277885	Triplo salto in lungo	5	Petto
60	 3407272298	 0.9995189855955056	 -0.025198925556925156	 -0.009203799821570826	 0.015559616118417774	 -0.12139704877959981	 0.23699048228532557	 -0.08378327656794998	 -1.49365234375	 0.304931640625	 -0.7197265625	 -0.3220758	 0.6977755	 -0.5315913	 0.35607252	 -12.284013	 3.078296	 -20.773123	Triplo salto in lungo	5	Petto
61	 3407288965	 0.9979263640392894	 -0.04579012645308367	 0.010200460839248027	 0.0440702493004212	 0.004701578370550271	 0.06852357835740197	 -0.0636593497767371	 -1.459716796875	 0.30615234375	 -0.67431640625	 -0.2997672	 0.6826631	 -0.5812003	 0.3260635	 -5.262871	 -1.467508	 -11.125884	Triplo salto in lungo	5	Petto
62	 3407305632	 0.9966048773337678	 -0.029379151502327283	 0.020773327343022178	 0.074054390839764	 0.00703691902797952	 -0.015183377239647244	 0.03162500920860187	 -1.39697265625	 0.340576171875	 -0.6494140625	 -0.2908244	 0.6379769	 -0.6459805	 0.30185455	 2.0982409	 -0.23435669	 -10.202302	Triplo salto in lungo	5	Petto
63	 3407322299	 0.9952363518593623	 0.03091064180196193	 -0.04908003806922218	 0.07835997718339467	 -0.14146200094755218	 -0.08771270297122931	 0.3137741902149434	 -1.255615234375	 0.4453125	 -0.65234375	 -0.36469302	 0.58878773	 -0.6695523	 0.26838034	 17.9207	 8.049282	 -18.0722	Triplo salto in lungo	5	Petto
64	 3407338966	 0.9936009492937075	 -0.0022843186178119756	 -0.024390889326020352	 0.11025887705296877	 -0.14138734768070055	 -0.0264860047835506	 0.12572129011955757	 -1.0517578125	 0.514404296875	 -0.634765625	 -0.40784624	 0.5172227	 -0.7217577	 0.21262309	 7.3770337	 8.60262	 -11.532961	Triplo salto in lungo	5	Petto
65	 3407355633	 0.9976103240610509	 0.005997193298777265	 -0.0011478631222475166	 0.06882119883869188	 -0.03610463364765013	 -0.19606586061626197	 0.028659555065864165	 -0.867919921875	 0.55126953125	 -0.64794921875	 -0.42667347	 0.46275043	 -0.7535653	 0.18960884	 8.388094	 -2.2250447	 -1.4038076	Triplo salto in lungo	5	Petto
66	 3407372300	 0.997588291604217	 -0.05236410586952933	 0.042038897317825515	 -0.017559384470015427	 -0.1087308218076205	 -0.654088718875927	 -0.18044880883488087	 -0.921142578125	 0.49365234375	 -0.565673828125	 -0.36770773	 0.4876599	 -0.77140105	 0.17866082	 13.353608	 -15.199832	 26.111923	Triplo salto in lungo	5	Petto
67	 3407388967	 0.9997669660063053	 -0.01834485936539254	 0.011368380268539065	 -4.896401546859442E-4	 -0.10379486629088919	 -0.1818011006061251	 0.10812225275124515	 -0.966552734375	 0.46435546875	 -0.544189453125	 -0.3509962	 0.4903963	 -0.7787151	 0.17296407	 13.149401	 0.9713645	 -4.71299	Triplo salto in lungo	5	Petto
68	 3407405634	 0.9985235377310119	 -0.05370852873335408	 -0.007581278230530509	 0.0029432565016335177	 -0.11641168530881013	 -0.03822998537745482	 0.01750742643937809	 -0.949951171875	 0.40673828125	 -0.475830078125	 -0.33204627	 0.5052196	 -0.7860366	 0.12901661	 4.137203	 5.1941	 -6.4879627	Triplo salto in lungo	5	Petto
69	 3407422301	 0.998438221267182	 -0.046969658767136935	 0.023037962720550892	 -0.019601574982921314	 -0.05340781962911977	 0.019659370551485592	 0.013092435357754102	 -0.98681640625	 0.321533203125	 -0.400390625	 -0.28878814	 0.5302094	 -0.78916246	 0.11270451	 0.55262977	 3.4597924	 -9.780215	Triplo salto in lungo	5	Petto
70	 3407438968	 0.9978323493817771	 -0.0279517442075623	 0.047122679623519716	 -0.03645209991341003	 0.026193033870204902	 -0.021906059601597833	 0.03422580693325463	 -1.09912109375	 0.259033203125	 -0.380126953125	 -0.2336223	 0.5583855	 -0.7855935	 0.12833342	 1.7701471	 -1.7033406	 -11.354798	Triplo salto in lungo	5	Petto
71	 3407455635	 0.9993208166342149	 -0.013703695399770344	 0.02498232246081678	 -0.023366594496841756	 0.02553024303930032	 -0.020976810879640748	 0.07433784838750611	 -1.207275390625	 0.196533203125	 -0.375	 -0.204682	 0.5742333	 -0.7803692	 0.13923274	 2.9047782	 -1.6174067	 -13.386045	Triplo salto in lungo	5	Petto
72	 3407472302	 0.9993739884718275	 0.010539898938905223	 -0.018207038216027763	 0.02844372436354481	 -0.06073936872276958	 4.6940942363848936E-4	 0.28382196422224015	 -1.1806640625	 0.222412109375	 -0.37841796875	 -0.23027556	 0.5498844	 -0.7917006	 0.13345769	 9.148146	 3.739559	 -24.152046	Triplo salto in lungo	5	Petto
73	 3407488969	 0.9958656494987451	 0.03339025762873926	 -0.02112047276362916	 0.08179623753064487	 -0.11393851024279224	 -0.0492305655554833	 -0.0034991026396762534	 -1.043701171875	 0.2998046875	 -0.388916015625	 -0.2770259	 0.47557932	 -0.8245333	 0.13124801	 4.268371	 5.2857056	 -6.7552757	Triplo salto in lungo	5	Petto
74	 3407505636	 0.9991204656772189	 -0.02189407036824581	 0.029890143827542907	 -0.019634766349931	 -0.012264599242248089	 -0.6941331252149261	 -0.3106296638247141	 -1.039306640625	 0.318359375	 -0.39697265625	 -0.24088523	 0.49113345	 -0.8261692	 0.13493428	 18.84762	 -21.68283	 25.641853	Triplo salto in lungo	5	Petto
75	 3407522303	 0.9948719474473692	 -0.07272827745604804	 0.046528331443754685	 -0.05268320618200218	 -0.00964203136589729	 -0.3897215110516706	 -0.31236763925566813	 -1.188720703125	 0.18701171875	 -0.349365234375	 -0.16004366	 0.54018897	 -0.8184868	 0.11252407	 7.5448165	 -11.016235	 17.02141	Triplo salto in lungo	5	Petto
76	 3407538970	 0.9973890105783528	 -0.02717257933784023	 -0.05318164823739147	 -0.04060202951106501	 0.06176453710496314	 -0.054976830316215294	 -0.06462875467192293	 -1.212158203125	 0.04296875	 -0.275390625	 -0.1855553	 0.5792033	 -0.79060477	 0.0709751	 -0.0950785	 -4.649638	 -5.567076	Triplo salto in lungo	5	Petto
77	 3407555637	 0.9986540948883769	 0.04435320687156713	 -0.026864734761920278	 0.001038185463415109	 -0.06102468478238107	 0.4651869750485933	 -0.33575201970462654	 -1.12158203125	 0.112060546875	 -0.278076171875	 -0.23372906	 0.5678724	 -0.7836648	 0.09360168	 -31.410748	 10.534546	 0.21608162	Triplo salto in lungo	5	Petto
78	 3407572304	 0.9995932116833703	 -0.01721731384534364	 0.018183440302738166	 0.013650558934801105	 -0.3727867283540953	 0.6697767522760978	 -1.1579801649205699	 -1.1240234375	 0.136474609375	 -0.2890625	 -0.21204506	 0.5569012	 -0.79803836	 0.0896263	 -61.39032	 26.546146	 39.875546	Triplo salto in lungo	5	Petto
79	 3407588971	 0.9996073505105143	 0.018243593054345142	 0.0034747243059818082	 0.020981954361179226	 -0.25598533382285593	 -0.5729295844587061	 -1.1864456501126501	 -1.12939453125	 0.1318359375	 -0.279296875	 -0.22186285	 0.5351571	 -0.8086307	 0.10247091	 2.437348	 -4.8829837	 70.53174	Triplo salto in lungo	5	Petto
80	 3407605638	 0.9982528542603676	 0.05631888871658158	 -0.014913614709082009	 0.009849153824961154	 -0.13445507533051013	 -0.38476291365209675	 -0.1320113507659163	 -1.098876953125	 0.248046875	 -0.3447265625	 -0.26522356	 0.51449484	 -0.80356807	 0.13867323	 17.855503	 -2.603926	 8.494118	Triplo salto in lungo	5	Petto
81	 3407622305	 0.999592640860937	 0.0035664852018023607	 -8.295243492692783E-4	 -0.028304494507356674	 -0.0018042648071006709	 0.013693192165557047	 -0.22367768994862952	 -1.104736328125	 0.24169921875	 -0.339599609375	 -0.26435465	 0.53495103	 -0.7883323	 0.14992222	 -8.234277	 -0.19972	 0.8154421	Triplo salto in lungo	5	Petto
82	 3407638972	 0.9968085455141431	 0.07718961172046279	 0.0033347638576664844	 -0.020083993189506655	 0.045288770591509486	 0.33084169825305504	 -0.2750880550217127	 -1.14111328125	 0.35009765625	 -0.43408203125	 -0.2996384	 0.5271312	 -0.76457137	 0.2185874	 -25.476017	 4.3550196	 -7.3898168	Triplo salto in lungo	5	Petto
83	 3407655639	 0.998800330259122	 0.04036953315046948	 0.020871978392174004	 0.01823627115061172	 0.03044539246613632	 0.12632801546993488	 -0.29545783185955043	 -1.15966796875	 0.42529296875	 -0.51123046875	 -0.30886978	 0.4954363	 -0.770655	 0.2554082	 -17.808168	 1.2569036	 -2.309297	Triplo salto in lungo	5	Petto
84	 3407672306	 0.9930106101986524	 0.06110826873681474	 0.005801442361019483	 0.1008069977304199	 -0.0720593406272446	 -0.1838095693289687	 -0.1473087328852831	 -1.065673828125	 0.53466796875	 -0.6044921875	 -0.35844755	 0.39401388	 -0.80115753	 0.27279174	 1.6189276	 0.5868829	 4.866124	Triplo salto in lungo	5	Petto
85	 3407688973	 0.9933350552763099	 0.05523922914089646	 -0.0919408630216304	 0.04220157852459445	 -0.2892429307793357	 -0.758214891913447	 -0.0702323818721036	 -0.835205078125	 0.64453125	 -0.73486328125	 -0.46315634	 0.3628959	 -0.76418185	 0.26423398	 24.034004	 -9.558108	 31.653538	Triplo salto in lungo	5	Petto
86	 3407705640	 0.9990482240565237	 -0.015612228216103252	 0.03968149694754706	 -0.009180584928870306	 -0.7165644935184563	 -0.7081458630879526	 -0.14197328010051374	 -0.844970703125	 0.631103515625	 -0.715087890625	 -0.4245254	 0.3656778	 -0.7824711	 0.27165616	 18.703833	 9.603443	 47.49456	Triplo salto in lungo	5	Petto
87	 3407722307	 0.999428401363538	 -0.006579730033038744	 0.02655035022117586	 -0.019865965965639002	 -0.4746600137003753	 -0.5575735994986879	 -0.05479006370170991	 -0.92724609375	 0.620849609375	 -0.705322265625	 -0.39611343	 0.37552363	 -0.78773	 0.2855837	 19.151712	 3.660763	 29.694641	Triplo salto in lungo	5	Petto
88	 3407738974	 0.999845777684442	 0.012424252841153033	 -0.012387378215106578	 -7.820798476160795E-4	 -0.28526840388384367	 -0.5672694034437654	 -0.07316160648385973	 -0.940185546875	 0.626708984375	 -0.71630859375	 -0.4108275	 0.37334055	 -0.7787334	 0.2922542	 15.609883	 -4.2379494	 24.95829	Triplo salto in lungo	5	Petto
89	 3407755641	 0.9987951835467477	 0.021841405488040755	 -0.04374509303804974	 0.004183439400526291	 -0.2644108128572318	 -0.5420429821144653	 -0.06925273522957007	 -0.90234375	 0.64990234375	 -0.7626953125	 -0.4542874	 0.371604	 -0.75493366	 0.29259005	 13.541572	 -4.2810016	 23.727097	Triplo salto in lungo	5	Petto
90	 3407772308	 0.9988573881585338	 0.02535865911782592	 -0.040500072862595694	 -7.750012790846972E-4	 -0.25504781236336216	 -0.338363090340488	 -0.09891757865961606	 -0.86279296875	 0.6669921875	 -0.80517578125	 -0.49396744	 0.3698901	 -0.7279206	 0.29884675	 5.3388977	 2.0412235	 15.660324	Triplo salto in lungo	5	Petto
91	 3407788975	 0.9992667540855332	 0.016704295440223366	 -0.017412586174243492	 -0.029727471065206405	 -0.1491137512619314	 -0.20134854303232896	 -0.10970670180666486	 -0.88134765625	 0.68505859375	 -0.860107421875	 -0.5039514	 0.38596562	 -0.7027714	 0.3212108	 -1.1535509	 1.3078308	 6.5046196	Triplo salto in lungo	5	Petto
92	 3407805642	 0.9956626290100961	 0.007785686893872934	 -0.052506405618492936	 -0.07640935571853008	 0.028620359662695265	 -0.04193441968572145	 -0.1605370127477374	 -0.980224609375	 0.65966796875	 -0.8271484375	 -0.51735264	 0.44882724	 -0.64137757	 0.34573913	 -9.011082	 -2.0988007	 -5.757116	Triplo salto in lungo	5	Petto
93	 3407822309	 0.9893224304782912	 0.07548265440550678	 -0.04410072041618329	 -0.11661313774699379	 0.2183656588834748	 0.3641504409857174	 -0.21169731855154936	 -1.161376953125	 0.651611328125	 -0.948974609375	 -0.5335875	 0.49327335	 -0.5333604	 0.43300435	 -17.914513	 -4.6224117	 -31.44698	Triplo salto in lungo	5	Petto
94	 3407838976	 0.9869925509159291	 0.09234510692201867	 0.007370860233910468	 -0.13139161344408595	 0.008019178139538459	 1.0397320770972698	 -0.5089244746447724	 -1.40283203125	 0.561279296875	 -1.11865234375	 -0.51089734	 0.5030856	 -0.4256331	 0.55201966	 -34.292896	 6.2595034	 -69.88779	Triplo salto in lungo	5	Petto
95	 3407855643	 0.9996873400476513	 -0.024250926028243844	 0.001132583128005363	 0.005985982850156391	 -0.13499753172456708	 0.2914707390317887	 -0.6189050049902005	 -1.48681640625	 0.509765625	 -1.126708984375	 -0.5015628	 0.5116859	 -0.44210112	 0.53959197	 -34.621193	 4.3644724	 -32.892303	Triplo salto in lungo	5	Petto
96	 3407872310	 0.9975904427987277	 -0.010986810249124151	 -0.007529114401262541	 0.06808752362599907	 0.04926129778711213	 -0.21617932604884607	 -0.391675139764263	 -1.377685546875	 0.58203125	 -1.103515625	 -0.5353063	 0.4901445	 -0.4774742	 0.49520117	 -24.45962	 -2.466236	 1.3620205	Triplo salto in lungo	5	Petto
97	 3407888977	 0.9995010896900653	 -0.008144498375426315	 -0.029142771373549814	 -0.009051946268826662	 -0.10837439217975539	 -0.0037777067136555457	 -0.01348934946795158	 -1.325927734375	 0.59521484375	 -1.029296875	 -0.54108685	 0.5136423	 -0.46055427	 0.48092285	 -1.1903287	 6.4381537	 -9.469186	Triplo salto in lungo	5	Petto
98	 3407905644	 0.9971165430844336	 0.006180151836235201	 0.044764040530507525	 -0.060963808165280575	 0.020974729565625516	 0.06810069077062063	 -0.0018554845473080592	 -1.43115234375	 0.5361328125	 -1.090087890625	 -0.4936411	 0.51607853	 -0.44837013	 0.537537	 0.22445183	 -1.2209833	 -13.905708	Triplo salto in lungo	5	Petto
99	 3407922311	 0.9989827124436731	 -0.01226374390333719	 0.012545449376523203	 -0.041542177652312	 0.0120255037819967	 0.10080179606811378	 -0.058274103200565835	 -1.5263671875	 0.466796875	 -1.1064453125	 -0.4597596	 0.5342321	 -0.4383842	 0.5577068	 -3.0641367	 -1.4933761	 -15.952354	Triplo salto in lungo	5	Petto
100	 3407938978	 0.9997543871677284	 -0.02038065867805637	 -0.0056679059774803345	 -0.006608247313697135	 0.03587182463660712	 0.16207289769061228	 -0.06934257887609924	 -1.554443359375	 0.43603515625	 -1.070556640625	 -0.44840682	 0.55029404	 -0.44262376	 0.54789835	 -3.7353978	 -4.01063	 -19.110996	Triplo salto in lungo	5	Petto
101	 3407955645	 0.999519489460267	 -0.0295291671401193	 3.7023920330980786E-4	 0.009417080228530996	 -0.009614068302176489	 0.19297348364481387	 -0.19207100200727145	 -1.54150390625	 0.439453125	 -1.030029296875	 -0.43768322	 0.559699	 -0.4630713	 0.52984506	 -11.487997	 -1.9606932	 -21.274708	Triplo salto in lungo	5	Petto
102	 3407972312	 0.9991579121078441	 -0.04073812743078216	 -3.0517071516167343E-4	 0.004876322032189073	 -0.020210397318176178	 0.13524346482977737	 -0.19974963285103625	 -1.531494140625	 0.428955078125	 -0.968017578125	 -0.4180142	 0.575997	 -0.4858638	 0.50737387	 -12.4318495	 -0.37760904	 -17.313877	Triplo salto in lungo	5	Petto
103	 3407988979	 0.9985594872532407	 -0.052350311421761025	 0.01064988806063995	 0.004997518872956964	 -0.038338100100007905	 0.14474527649749286	 -0.19925927401849278	 -1.53076171875	 0.402587890625	 -0.908203125	 -0.38541788	 0.5905246	 -0.5179094	 0.48425597	 -13.069214	 0.7875631	 -17.039398	Triplo salto in lungo	5	Petto
104	 3408005646	 0.9969243387764529	 -0.06777623063336236	 0.03392790003095884	 0.019928444890524866	 -2.8576813894449354E-4	 0.07166063059149945	 -0.06474225033399215	 -1.534423828125	 0.378173828125	 -0.850830078125	 -0.33707762	 0.58973956	 -0.5726822	 0.45893508	 -4.800632	 -0.54488254	 -13.01069	Triplo salto in lungo	5	Petto
105	 3408022313	 0.9958532930771236	 -0.05419127257386372	 0.038014406887087696	 0.0624053644592898	 -0.044998297835835456	 0.020584758860886447	 0.03613417474743362	 -1.496826171875	 0.39990234375	 -0.82861328125	 -0.3112809	 0.55430555	 -0.6434842	 0.42635435	 1.7482533	 2.2475412	 -12.13825	Triplo salto in lungo	5	Petto
106	 3408038980	 0.9950760956934658	 -0.017475579327636243	 -0.024347617885576187	 0.09447413090317336	 -0.10721959455219414	 -0.02868712033579058	 0.12822887222084414	 -1.36669921875	 0.478271484375	 -0.77978515625	 -0.3564564	 0.5084085	 -0.6915167	 0.36914057	 8.692953	 4.7388473	 -12.161636	Triplo salto in lungo	5	Petto
107	 3408055647	 0.98899308411413	 0.036772009086462554	 -0.07307479181840994	 0.12329060679087657	 -0.1671211432971977	 -0.06487574920031325	 0.12628325608713542	 -1.104736328125	 0.5927734375	 -0.769775390625	 -0.46765018	 0.43306527	 -0.7061813	 0.30832785	 10.547835	 7.8036833	 -8.841005	Triplo salto in lungo	5	Petto
108	 3408072314	 0.9994449674271088	 0.013846234479491543	 -8.404274941096608E-4	 0.03028749836139688	 -0.18119901297034402	 -0.35011139326083385	 -0.1429821545425097	 -0.93994140625	 0.654296875	 -0.825439453125	 -0.4838525	 0.40688166	 -0.7134337	 0.30223632	 0.9057067	 0.91146886	 15.315083	Triplo salto in lungo	5	Petto
109	 3408088981	 0.9992815752045956	 -0.02726926361521753	 0.02592422731375159	 -0.004544794460764335	 -0.2180667045853535	 -0.42737627642773135	 0.06459437308289648	 -0.97607421875	 0.621337890625	 -0.773193359375	 -0.45296967	 0.41664043	 -0.73114455	 0.29437608	 13.686215	 -1.1265053	 15.783274	Triplo salto in lungo	5	Petto
110	 3408105648	 0.9996935157273268	 -0.012000979958553565	 0.018039444070974135	 -0.011976207679459394	 -0.044155120775062624	 -0.25926623151926126	 0.29715508199050444	 -1.00390625	 0.614013671875	 -0.763427734375	 -0.4315187	 0.42642996	 -0.7370307	 0.2978848	 22.184738	 -5.996922	 -3.5892053	Triplo salto in lungo	5	Petto
111	 3408122315	 0.9979952346195257	 -0.03996360087492304	 0.04056086657286543	 -0.027626769349418604	 0.050033605079426564	 -0.1335914265889955	 0.07898238828555498	 -1.08740234375	 0.56689453125	 -0.71826171875	 -0.37583786	 0.45152777	 -0.7527508	 0.29704428	 6.4222903	 -6.657666	 -6.6275616	Triplo salto in lungo	5	Petto
112	 3408138982	 0.9973946597197914	 -0.065122833221474	 0.02210937660201798	 -0.021773488969840216	 0.006589569173763977	 -0.02667142014329378	 0.008071657118707772	 -1.16943359375	 0.486328125	 -0.633544921875	 -0.3226371	 0.4848958	 -0.7682564	 0.26563892	 1.0143585	 -1.072613	 -8.933524	Triplo salto in lungo	5	Petto
113	 3408155649	 0.9965864753264391	 -0.07623006112068398	 -0.02294474725156534	 -0.021861233989036503	 -0.07219640774860896	 0.028416673397452644	 0.041890714697210875	 -1.1904296875	 0.380126953125	 -0.5107421875	 -0.2966783	 0.5309634	 -0.76753795	 0.20235047	 2.299573	 4.396475	 -11.647108	Triplo salto in lungo	5	Petto
114	 3408172316	 0.9974722024951693	 -0.05540518566800745	 -0.02389960652203191	 -0.03752704969247789	 -0.1250904176918051	 0.08301620671379205	 0.0786827961585754	 -1.188720703125	 0.25048828125	 -0.413330078125	 -0.27759218	 0.5798435	 -0.74950564	 0.15800606	 1.6395642	 8.80692	 -14.627491	Triplo salto in lungo	5	Petto
115	 3408188983	 0.9992227177278351	 -0.02688876300236187	 0.021518638254476006	 -0.01918079791028299	 -0.09727455994508609	 0.0777585018252494	 0.07135521412782217	 -1.2314453125	 0.1728515625	 -0.383056640625	 -0.24307221	 0.598039	 -0.74768156	 0.15568544	 -0.08211017	 7.24541	 -14.466696	Triplo salto in lungo	5	Petto
116	 3408205650	 0.9986208521370908	 -0.00737486204877813	 0.0476821621755644	 0.020698224489439032	 0.034994672216662144	 -0.004060530200525138	 0.15575922446167698	 -1.308837890625	 0.16845703125	 -0.422119140625	 -0.20644188	 0.57652617	 -0.771297	 0.17349556	 4.9887724	 -1.5391313	 -17.8477	Triplo salto in lungo	5	Petto
117	 3408222317	 0.9993796265620521	 -0.015189446337179113	 -0.01929072292735115	 0.02524897506044799	 0.014894639381869239	 -0.06435047494327154	 0.19964776293357	 -1.29296875	 0.17822265625	 -0.4150390625	 -0.2173405	 0.56350607	 -0.78361964	 0.14547981	 9.1478815	 -2.2538407	 -18.204243	Triplo salto in lungo	5	Petto
118	 3408238984	 0.9935126302389091	 -0.11016609692227158	 -0.024905518381499795	 0.013258951648828399	 0.035570917081321374	 -0.12630489716701943	 -0.16923951174397045	 -1.207763671875	 0.06787109375	 -0.311767578125	 -0.17582093	 0.5770284	 -0.79648757	 0.04163111	 0.51721895	 -4.638554	 2.158496	Triplo salto in lungo	5	Petto
119	 3408255651	 0.9996084072316282	 -0.015039379338147418	 0.023507864691135392	 0.0020565890775278155	 0.01216437372722258	 -0.24309148984900003	 -0.5352491483114193	 -1.251708984375	 -0.056396484375	 -0.286865234375	 -0.14892225	 0.5764819	 -0.8022578	 0.043289214	 2.4559817	 -9.894134	 23.961563	Triplo salto in lungo	5	Petto
120	 3408272318	 0.9992092582001171	 0.03370454530153749	 0.019563848419959482	 0.007881483882451912	 0.09969540380275566	 -0.1235631487140387	 -0.2946785639523277	 -1.2822265625	 0.00927734375	 -0.333251953125	 -0.15333343	 0.5637231	 -0.80756444	 0.080902144	 -0.07962314	 -9.874823	 7.67519	Triplo salto in lungo	5	Petto
121	 3408288985	 0.9990948490507647	 0.04177545271924632	 -0.004683835602358605	 0.006508136014387712	 0.01865077776683135	 -0.19882661555197081	 -0.06290748682359046	 -1.281494140625	 0.0908203125	 -0.372802734375	 -0.1814009	 0.55154514	 -0.80649996	 0.111578755	 8.930999	 -5.3938985	 -2.816966	Triplo salto in lungo	5	Petto
122	 3408305652	 0.995271471922369	 -0.02364263025482105	 -0.031177621142067877	 -0.08890263861121644	 0.13172244951853798	 -0.08737295820215642	 -0.15962838920632783	 -1.306640625	 0.0263671875	 -0.357666015625	 -0.18306668	 0.6277247	 -0.75101954	 0.09175203	 -2.1151447	 -9.460837	 -0.44809914	Triplo salto in lungo	5	Petto
123	 3408322319	 0.9997647068502842	 0.016975634993600386	 -0.011628936023145965	 0.006864881652219713	 -0.11164334494621292	 1.048692156615753	 -0.8177071716506359	 -1.27001953125	 0.0205078125	 -0.339599609375	 -0.2033341	 0.6196493	 -0.7518775	 0.096802704	 -75.37714	 14.380731	 13.04162	Triplo salto in lungo	5	Petto
124	 3408338986	 0.9992817367013428	 -0.03547002972463048	 -7.697145104095805E-4	 0.01331522534749252	 -0.5299560132833703	 0.027477419319054508	 -1.5924659884052836	 -1.27099609375	 -0.017822265625	 -0.32275390625	 -0.18304056	 0.6177362	 -0.7618782	 0.06663362	 -37.36339	 20.923376	 81.340836	Triplo salto in lungo	5	Petto
125	 3408355653	 0.9998902188006319	 -0.0035920894866869335	 -0.011884130129589138	 -0.00808793490374088	 -0.1667290537947394	 -0.7877156034852206	 -0.6420790711012172	 -1.252197265625	 -0.05615234375	 -0.293212890625	 -0.18918733	 0.6276101	 -0.7530315	 0.05707605	 31.271593	 -5.6981087	 43.172546	Triplo salto in lungo	5	Petto
126	 3408372320	 0.9986078233910707	 0.05205540565785349	 -0.0018120891855630263	 -0.008328633545071795	 0.031262287198768286	 0.14392385209928665	 -0.284232913956074	 -1.23876953125	 0.00537109375	 -0.32177734375	 -0.22260413	 0.6247352	 -0.74224	 0.09609136	 -14.288933	 -2.6935532	 2.736496	Triplo salto in lungo	5	Petto
127	 3408388987	 0.9985483742057333	 0.03850821182759162	 0.02456140517631761	 -0.028548193790374658	 -0.03769880824728404	 0.4075100369000154	 -0.3597816248595081	 -1.28759765625	 0.0673828125	 -0.3720703125	 -0.22553597	 0.63585675	 -0.7236343	 0.14551131	 -31.0893	 4.0018682	 -0.5239334	Triplo salto in lungo	5	Petto
128	 3408405654	 0.9988184675548967	 0.046571419034482975	 0.013632391173612398	 -0.0026324344801181288	 -0.018379526340673823	 0.14302310101213192	 -0.04518072850029102	 -1.336669921875	 0.10791015625	 -0.422119140625	 -0.2448615	 0.6269161	 -0.7155491	 0.18710703	 -8.64132	 2.0961616	 -11.584427	Triplo salto in lungo	5	Petto
129	 3408422321	 0.9997107422036776	 0.01695258375149422	 -0.0024423912519670743	 0.016884210129378522	 -0.10411522743280056	 -0.12975810434623597	 -0.28886379483882824	 -1.318603515625	 0.191162109375	 -0.455078125	 -0.2605924	 0.61366373	 -0.7201364	 0.1921258	 -3.2683623	 4.346106	 9.434168	Triplo salto in lungo	5	Petto
130	 3408438988	 0.999903941089034	 -0.007897923379442784	 -0.0013088287565222736	 0.01131452023712376	 -0.1971588620806332	 -0.4451866979512594	 -0.6526901793187596	 -1.302734375	 0.183349609375	 -0.435302734375	 -0.25908363	 0.6105388	 -0.72613627	 0.18123077	 -1.6099164	 5.304086	 38.72824	Triplo salto in lungo	5	Petto
131	 3408455655	 0.9996967856406072	 0.005297795377920411	 -1.3681955058716946E-4	 0.024046858929643315	 -0.17798979032382992	 -0.4067391631490654	 -0.2945647343793553	 -1.281494140625	 0.197021484375	 -0.43310546875	 -0.2669556	 0.5944011	 -0.73757744	 0.17720635	 10.10147	 5.0006967	 20.102385	Triplo salto in lungo	5	Petto
132	 3408472322	 0.999502632984562	 0.018815346333922678	 -0.006303138880358939	 0.024509994686198744	 -0.1666759452288627	 -0.49898626899463006	 -0.3112419007227168	 -1.2451171875	 0.24658203125	 -0.44873046875	 -0.28731018	 0.5747566	 -0.744962	 0.17927577	 13.699602	 1.8618817	 24.156845	Triplo salto in lungo	5	Petto
133	 3408488989	 0.9986104317683342	 0.03524108163015338	 9.644121432589026E-4	 0.039170673190742696	 -0.14646179064161408	 -0.49054532104154613	 -0.3000689416001832	 -1.198974609375	 0.3125	 -0.4765625	 -0.31383774	 0.53679675	 -0.75893754	 0.1933114	 12.353364	 -0.7286004	 23.570236	Triplo salto in lungo	5	Petto
134	 3408505656	 0.9960449337487493	 0.06451918500232223	 -0.007511079985191655	 0.060624651731304935	 -0.07545618288132623	 -0.4176989436233518	 -0.18339457722225794	 -1.1171875	 0.43115234375	 -0.5517578125	 -0.36505017	 0.4718608	 -0.7725641	 0.21732645	 10.95084	 -4.9280043	 15.196867	Triplo salto in lungo	5	Petto
135	 3408522323	 0.9921781700652813	 0.10370805824795354	 -0.06819299037943079	 0.01329787815629291	 -0.10234410663676623	 -0.6177211781950184	 -0.08513070951051746	 -0.99853515625	 0.56640625	 -0.695068359375	 -0.46714234	 0.436354	 -0.72455466	 0.25767025	 19.08478	 -11.558205	 20.84044	Triplo salto in lungo	5	Petto
136	 3408538990	 0.9974619119059512	 0.05104750312879444	 -0.04960919200117423	 -0.0016777336590458325	 -0.25239250131608904	 -0.43090986618971994	 -0.07158502303642017	 -0.935791015625	 0.6318359375	 -0.7958984375	 -0.5240926	 0.42620715	 -0.6851145	 0.2725671	 9.042555	 0.52859294	 19.068274	Triplo salto in lungo	5	Petto
137	 3408555657	 0.9982433395452414	 0.030912644319966875	 -0.05022729630217615	 -0.005644659501216121	 -0.19005184817790655	 -0.1836974246693692	 0.044441985132530656	 -0.89990234375	 0.660888671875	 -0.856201171875	 -0.5695411	 0.42725977	 -0.6463415	 0.27443552	 6.8136907	 4.751121	 3.9577227	Triplo salto in lungo	5	Petto
138	 3408572324	 0.9972776348253395	 -0.030503078883171053	 -0.05278346111324909	 -0.04148237563990115	 -0.06947193891261766	 -0.05641002021596347	 -0.07161361029015614	 -0.900390625	 0.65771484375	 -0.838134765625	 -0.5780766	 0.485085	 -0.60470504	 0.25466084	 -3.417632	 1.389112	 -4.009981	Triplo salto in lungo	5	Petto
139	 3408588991	 0.9915806464245438	 -0.06112990702274004	 -0.03413798547671549	 -0.10892912398099343	 0.015479910995690018	 0.26957060246230524	 -0.3168627595314619	 -1.03271484375	 0.526123046875	 -0.638671875	 -0.53697044	 0.59130746	 -0.5419274	 0.26140666	 -22.595678	 0.76628375	 -20.431217	Triplo salto in lungo	5	Petto
140	 3408605658	 0.9640280370541611	 0.2212945022618647	 0.022708662080582063	 -0.14547509652406015	 -0.07382449461019913	 1.1118751247218959	 0.05241506477784824	 -1.262451171875	 0.594482421875	 -0.98095703125	 -0.5990972	 0.5246456	 -0.3899649	 0.46233878	 -22.580814	 16.04572	 -70.74313	Triplo salto in lungo	5	Petto
141	 3408622325	 0.9909061243527305	 -0.02770796771005772	 0.034687364949625765	 -0.12702010848082676	 0.08317817411759193	 0.4702217372589413	 -0.8805853688499117	 -1.53515625	 0.44970703125	 -1.11279296875	 -0.50853306	 0.57095724	 -0.3520109	 0.53989875	 -44.827187	 -18.620314	 -45.253735	Triplo salto in lungo	5	Petto
142	 3408638992	 0.9967040889860639	 -0.060481436271082545	 0.014269235062762115	 -0.05214732779128051	 0.281450902879794	 0.11838171161083674	 -0.42123798161660064	 -1.65380859375	 0.311279296875	 -1.035888671875	 -0.4411886	 0.6122561	 -0.35891217	 0.54925185	 -20.544367	 -22.975164	 -14.759883	Triplo salto in lungo	5	Petto
143	 3408655659	 0.9992542703402458	 0.002403109936091233	 0.012790385389853111	 0.03635291337701819	 0.1993477040683057	 0.00921634199975264	 0.0029464451960024805	 -1.643310546875	 0.329833984375	 -1.042236328125	 -0.45953488	 0.59274906	 -0.3831663	 0.53912914	 1.9692658	 -11.205073	 -6.076726	Triplo salto in lungo	5	Petto
144	 3408672326	 0.9971872016238976	 0.04971123702138684	 -0.008538542079997201	 0.05543979735218779	 0.058450500176056706	 -0.040575077125680724	 0.044449126987660376	 -1.56005859375	 0.431640625	 -1.104736328125	 -0.52245355	 0.5535734	 -0.382464	 0.52375615	 3.0089226	 -2.262209	 -6.471719	Triplo salto in lungo	5	Petto
145	 3408688993	 0.9982041523591713	 0.015599081524634142	 -0.027954022594547476	 0.05063310665246185	 -0.09737163614451937	 0.10143930810977483	 -0.14450427943652894	 -1.474365234375	 0.5078125	 -1.113525390625	 -0.5687017	 0.5415339	 -0.38546342	 0.4844974	 -8.709453	 3.075338	 -17.624125	Triplo salto in lungo	5	Petto
146	 3408705660	 0.9979740811435461	 -0.006817918318222399	 -0.021526369623119854	 0.05947995264246331	 -0.3189418177183072	 0.18113856594070363	 -0.2826173259047952	 -1.363037109375	 0.576171875	 -1.068603515625	 -0.60220796	 0.53374946	 -0.4064137	 0.43276462	 -19.497646	 13.648864	 -24.145035	Triplo salto in lungo	5	Petto
147	 3408722327	 0.9994786594002388	 -0.0010695362133206626	 0.01697332021073861	 0.02744397742335492	 -0.18261123176175192	 -0.01021916629275414	 -0.07149642376231923	 -1.2880859375	 0.620849609375	 -1.08203125	 -0.6077741	 0.5179247	 -0.42985478	 0.42141417	 -7.45613	 9.10889	 -9.30919	Triplo salto in lungo	5	Petto
148	 3408738994	 0.9968273739788095	 -0.061475456432788844	 0.04939713021869684	 -0.010764676913313564	 0.0066600274448532365	 -0.1126675680038244	 -0.18264155674280144	 -1.3037109375	 0.6025390625	 -1.0302734375	 -0.54975575	 0.5400573	 -0.47695857	 0.42263183	 -10.792545	 -4.1538205	 -4.1395035	Triplo salto in lungo	5	Petto
149	 3408755661	 0.9989395431209649	 -0.013870793047395566	 0.006581584127307374	 -0.0434059101953806	 0.11038164945910081	 0.009001422866091123	 -0.12059614587642774	 -1.374267578125	 0.560302734375	 -1.006103515625	 -0.52183825	 0.56773454	 -0.46035436	 0.43981415	 -5.801015	 -7.8984203	 -10.504749	Triplo salto in lungo	5	Petto
150	 3408772328	 0.9974937405021304	 -0.05647420649604708	 0.007008158376444627	 -0.0420450636327413	 0.12881024347580594	 0.1286511693811653	 -0.310238519950733	 -1.453369140625	 0.4794921875	 -0.931396484375	 -0.46833494	 0.6148316	 -0.46136022	 0.43565086	 -17.167751	 -11.505119	 -16.032673	Triplo salto in lungo	5	Petto
151	 3408788995	 0.9945091789486649	 -0.09642599300813473	 0.04015804318967197	 -0.006391590289133665	 -0.035314122105641124	 0.16768743462536218	 -0.1640938302584821	 -1.5087890625	 0.391845703125	 -0.84033203125	 -0.386562	 0.64531696	 -0.5128335	 0.41368845	 -11.560217	 -1.1416411	 -18.040415	Triplo salto in lungo	5	Petto
152	 3408805662	 0.9975216869136079	 -0.031077114032616454	 0.030306360341676556	 0.055373474184615745	 -0.19739821314902972	 0.09929789601417713	 0.12878939414827192	 -1.490234375	 0.3974609375	 -0.81591796875	 -0.37416863	 0.61850303	 -0.5689649	 0.39208603	 3.4249916	 11.196932	 -19.730686	Triplo salto in lungo	5	Petto
153	 3408822329	 0.9966869471334322	 0.010691247895137618	 -0.026219598995869148	 0.07624538845582386	 -0.16009679809210314	 -0.0631290379271396	 0.3589069354463489	 -1.369873046875	 0.491943359375	 -0.811767578125	 -0.42534438	 0.58297193	 -0.5977362	 0.34919605	 20.59672	 10.445456	 -15.897644	Triplo salto in lungo	5	Petto
154	 3408838996	 0.9932972572913208	 -0.01166887505725453	 -0.035317560833579904	 0.10943978211420319	 -0.09519786733438161	 -0.0025381918957292316	 0.012510826364947407	 -1.166748046875	 0.57470703125	 -0.76708984375	 -0.47558016	 0.53428215	 -0.64460087	 0.26991853	 0.45233902	 5.729829	 -9.39222	Triplo salto in lungo	5	Petto
155	 3408855663	 0.9976336419387345	 0.003297914401966584	 -0.015421764884186175	 0.06692091900527804	 -0.07195064986930906	 -0.13192933245587077	 0.013235477542476247	 -0.959716796875	 0.623291015625	 -0.765625	 -0.50456965	 0.49581057	 -0.6688788	 0.22843564	 4.0379233	 2.0078545	 -1.9652705	Triplo salto in lungo	5	Petto
156	 3408872330	 0.997759109442739	 -0.054969492627358174	 0.03629195537250326	 -0.011747696776961136	 -0.13548800064336425	 -0.4128818926148835	 0.020777449837590778	 -0.982421875	 0.577392578125	 -0.6875	 -0.44948384	 0.5253143	 -0.6905511	 0.21248257	 11.929371	 -2.3801913	 13.282196	Triplo salto in lungo	5	Petto
157	 3408888997	 0.9987545702029547	 -0.04148437032736918	 0.02687957078670175	 -0.006770833890730411	 -0.06109365792875011	 -0.11752064943652304	 0.22656523084072053	 -1.0380859375	 0.521240234375	 -0.621826171875	 -0.4072631	 0.5451707	 -0.7053066	 0.19866681	 15.373053	 3.4042788	 -9.870169	Triplo salto in lungo	5	Petto
158	 3408905664	 0.9984741585706901	 -0.054503903758827965	 0.008457092183473071	 0.002675207169741012	 -0.07128941955610041	 -0.029513676332384043	 0.16159972587831878	 -1.058349609375	 0.45751953125	 -0.544921875	 -0.37152895	 0.56553847	 -0.71831477	 0.1617306	 9.015071	 5.0639257	 -12.733472	Triplo salto in lungo	5	Petto
159	 3408922331	 0.9941624307506555	 -0.10614819715677093	 0.01872186045171143	 -0.004807646569999658	 -0.13592647322161291	 -0.06937813560947745	 -0.06725204514362042	 -1.071533203125	 0.336669921875	 -0.427001953125	 -0.2949748	 0.6044765	 -0.7338067	 0.09553157	 0.6527638	 5.569945	 -1.5254459	Triplo salto in lungo	5	Petto
160	 3408938998	 0.9860992271831934	 -0.15487357999223067	 0.056306145689682514	 -0.021262792071390868	 -0.07081106314462227	 -0.16022877695318521	 -0.2387128697111277	 -1.1796875	 0.063232421875	 -0.28857421875	 -0.15358494	 0.6542294	 -0.74027026	 0.019900028	 0.5829048	 -1.5043379	 7.8790627	Triplo salto in lungo	5	Petto
161	 3408955665	 0.9976412726752883	 -0.0570400561053514	 0.035836975567810125	 -0.013192203624922462	 -0.005394074752552002	 -0.14228248793737985	 0.029801331662770734	 -1.28369140625	 -0.13134765625	 -0.26318359375	 -0.08875551	 0.6728346	 -0.73444617	 0.0023278967	 8.706268	 -0.53555626	 -9.50017	Triplo salto in lungo	5	Petto
162	 3408972332	 0.9996337779795711	 0.01646041555604466	 -0.010740060891377303	 0.018601498167118896	 0.006322258956299065	 -0.18778139524341733	 0.1093546390620755	 -1.28759765625	 -0.1025390625	 -0.270751953125	 -0.10743313	 0.6598228	 -0.74368644	 0.0047853976	 11.971333	 -0.5910787	 -14.955906	Triplo salto in lungo	5	Petto
163	 3408988999	 0.9983670872880377	 -0.048386053924657224	 -0.029416320483382722	 -0.0075252172605747856	 -0.09163526238759534	 -0.13823349606008756	 -0.028954443583594003	 -1.218017578125	 -0.14697265625	 -0.2265625	 -0.096828215	 0.6714346	 -0.7329821	 -0.050375223	 8.408208	 4.14534	 -6.049651	Triplo salto in lungo	5	Petto
164	 3409005666	 0.9975614566013081	 -0.06749195438082706	 0.004837399073869903	 -0.01710485216343574	 -0.17679426543892796	 0.06956205345517091	 -0.11123233692691262	 -1.22119140625	 -0.30517578125	 -0.222412109375	 -0.048267875	 0.6905953	 -0.7153177	 -0.095233224	 -3.8382964	 9.342844	 -1.3013096	Triplo salto in lungo	5	Petto
167	 3409055667	 0.9993003830660033	 0.0035710377675267635	 -0.028624742470291068	 -0.023803701643053957	 -0.00355773863419951	 -0.3114183733222491	 -0.5252792420666315	 -1.156005859375	 -0.368896484375	 -0.197509765625	 -0.07262088	 0.7085797	 -0.69276124	 -0.11279661	 8.681147	 -5.1450973	 0.093503	Triplo salto in lungo	5	Petto
168	 3409072334	 0.9990673575125463	 0.04289248103436272	 -6.772197834312433E-4	 -0.0049184953979792	 0.10237815180773052	 -0.07057075986617539	 -0.26012552323808596	 -1.150390625	 -0.30126953125	 -0.191650390625	 -0.10387545	 0.7091903	 -0.69230837	 -0.0834777	 5.296011	 -9.830884	 3.3986816	Triplo salto in lungo	5	Petto
169	 3409089001	 0.9937006478374002	 0.08535079079378283	 -5.480236408578476E-4	 -0.0726220673658907	 0.2206238632969993	 0.12464712371283039	 -0.14708264928865233	 -1.155029296875	 -0.1826171875	 -0.206787109375	 -0.17021248	 0.746924	 -0.6425271	 -0.017069886	 -7.2717733	 -15.265473	 -5.0059347	Triplo salto in lungo	5	Petto
170	 3409105668	 0.9988382230821307	 0.00408437414384305	 0.03570429299758319	 -0.032104913323780626	 0.35345074632118034	 0.7598227828645918	 -0.49226419336087535	 -1.2265625	 -0.138916015625	 -0.240966796875	 -0.15063691	 0.7674712	 -0.6228925	 0.017376184	 -45.902325	 -33.872444	 2.271985	Triplo salto in lungo	5	Petto
171	 3409122335	 0.999425237236685	 -0.030145378604960416	 -0.004343046541316954	 0.014885874844951854	 -0.8087995859562912	 1.2439425505029735	 -1.7020709597621213	 -1.236328125	 -0.195556640625	 -0.2294921875	 -0.12984665	 0.76379097	 -0.63222384	 -0.00751378	 -103.61133	 11.41196	 76.724976	Triplo salto in lungo	5	Petto
172	 3409139002	 0.9999583488564429	 -0.0026434271363294237	 -0.0028685573230194388	 -0.008251316510474782	 -0.288600286229129	 -0.08948938660249944	 -0.8959239534966783	 -1.22216796875	 -0.22412109375	 -0.216064453125	 -0.12862179	 0.77254593	 -0.62168	 -0.011985361	 -6.358656	 6.367511	 46.198	Triplo salto in lungo	5	Petto
174	 3409172336	 0.9994306516202722	 0.033482384952730815	 -0.003159332433020246	 0.002705756517658031	 0.0048584014936589315	 0.23069852239534971	 -0.20808014065945563	 -1.204833984375	 -0.174072265625	 -0.22021484375	 -0.1544256	 0.7727124	 -0.6156813	 0.002240757	 -12.640652	 -9.939475	 -2.7946334	Triplo salto in lungo	5	Petto
175	 3409189003	 0.9995976707328329	 0.021203820898572145	 0.01815090544154255	 0.005043736357945861	 0.04671694874669695	 0.06833902380593306	 -0.38886937888677486	 -1.23095703125	 -0.120849609375	 -0.240966796875	 -0.15864547	 0.7694618	 -0.61810523	 0.026576726	 -7.5520325	 -9.050815	 10.925888	Triplo salto in lungo	5	Petto
176	 3409205670	 0.9998998011039066	 0.012899435962031358	 0.005826942519207513	 1.975983482085386E-4	 -0.09696299112229959	 0.17887328746999864	 -0.3948906316800368	 -1.25244140625	 -0.09521484375	 -0.25439453125	 -0.16400102	 0.7705739	 -0.6147762	 0.037019875	 -17.002949	 -1.6078583	 10.650372	Triplo salto in lungo	5	Petto
177	 3409222337	 0.9998598970478483	 0.014785289943403057	 -0.0026627493308245542	 -0.007381818390949425	 -0.11294717602076647	 0.06593521683488279	 -0.5416522019058488	 -1.250732421875	 -0.06884765625	 -0.259033203125	 -0.17575668	 0.7763671	 -0.6037468	 0.043057676	 -13.607138	 -1.139152	 20.704092	Triplo salto in lungo	5	Petto
178	 3409239004	 0.9995773512037336	 0.025853013944577508	 0.004895208647626715	 -0.01236032211577115	 -0.08117853322945026	 -0.04475425838933897	 -0.45249471847863115	 -1.260498046875	 -0.04150390625	 -0.268310546875	 -0.19138071	 0.7825543	 -0.5891646	 0.06219064	 -6.278059	 -0.86206275	 17.165567	Triplo salto in lungo	5	Petto
179	 3409255671	 0.9994431758464208	 0.029262901754813553	 0.012248797825114984	 -0.010343490066107576	 -0.10258082859807219	 -0.09350490512570643	 -0.3342365110770783	 -1.2939453125	 0.008544921875	 -0.29150390625	 -0.2055962	 0.7856643	 -0.576755	 0.08840853	 -3.2131927	 2.5608552	 11.50984	Triplo salto in lungo	5	Petto
180	 3409272338	 0.9996739275460235	 0.024415117960768673	 -0.001577521898455503	 -0.0073110891342823	 -0.10058375980132839	 -0.14964405589640017	 -0.3525433070313163	 -1.305908203125	 0.04833984375	 -0.320068359375	 -0.22436592	 0.78848815	 -0.56386054	 0.1000397	 -2.0153208	 3.246717	 13.636101	Triplo salto in lungo	5	Petto
181	 3409289005	 0.9995996087311931	 0.025822848137820986	 -0.008717915726947467	 -0.007602676099540685	 -0.07317933728012097	 -0.16537469012197625	 -0.30965952398461594	 -1.295166015625	 0.086181640625	 -0.3369140625	 -0.24827483	 0.7911859	 -0.54866403	 0.10654715	 -0.70644355	 2.2413187	 11.574024	Triplo salto in lungo	5	Petto
182	 3409305672	 0.9997482296785771	 0.02009401400537164	 -0.006884436514735416	 -0.007232730437223278	 -0.04366322217613187	 -0.0861896501175641	 -0.184337896075079	 -1.288818359375	 0.119140625	 -0.35302734375	 -0.26667222	 0.7942391	 -0.5345667	 0.11094583	 -1.6045899	 0.7665245	 2.5469217	Triplo salto in lungo	5	Petto
183	 3409322339	 0.9997794114404376	 0.018270156913807567	 -0.007471047684413424	 -0.007177274737270035	 -0.00624219365967143	 -0.04605568548754864	 -0.11076242327348632	 -1.284423828125	 0.140869140625	 -0.351806640625	 -0.28391963	 0.7972655	 -0.5204262	 0.113640256	 -0.99367034	 -0.904354	 -2.7321649	Triplo salto in lungo	5	Petto
184	 3409339006	 0.9997399687141352	 0.02201687268983482	 0.0056851286303983015	 -0.0017121871613220985	 0.008706161984568538	 -0.033547971307151876	 -0.04753440238829035	 -1.2880859375	 0.17138671875	 -0.379150390625	 -0.2979321	 0.79441696	 -0.51381445	 0.1270167	 0.4315301	 -0.81593645	 -6.405519	Triplo salto in lungo	5	Petto
185	 3409355673	 0.9993438220980174	 0.031698760062102316	 0.0171495186928049	 -0.003606640217235946	 0.026253114450866335	 -0.004989853275064822	 0.035033767529871515	 -1.31005859375	 0.225830078125	 -0.42724609375	 -0.3135015	 0.7874382	 -0.5076249	 0.15484017	 1.9825819	 -0.5722365	 -11.464584	Triplo salto in lungo	5	Petto
186	 3409372340	 0.9991761274762289	 0.0030673297917673814	 0.03456846729535302	 -0.021039934372653057	 0.056120412552049796	 0.013257438987504788	 0.023441852518832795	 -1.373046875	 0.229248046875	 -0.468505859375	 -0.29489365	 0.79436374	 -0.4969731	 0.18719551	 1.729571	 -2.7545526	 -11.648879	Triplo salto in lungo	5	Petto
187	 3409389007	 0.9988438923374052	 -0.014172332569385881	 0.013767623100908068	 -0.04382323908562969	 0.029577165633736656	 0.03950182767938004	 0.06474407635511609	 -1.455078125	 0.162353515625	 -0.49169921875	 -0.26840132	 0.819816	 -0.46414602	 0.20107552	 1.4571136	 -1.2722173	 -14.297384	Triplo salto in lungo	5	Petto
188	 3409405674	 0.998106124235446	 0.008851919683329601	 -0.03336063150071956	 -0.05092029602712145	 0.016868343304952616	 0.08224442913736364	 0.11084484338720632	 -1.471923828125	 0.105712890625	 -0.462646484375	 -0.28055254	 0.8488102	 -0.40661877	 0.1883428	 1.1067497	 -1.2838233	 -17.981808	Triplo salto in lungo	5	Petto
189	 3409422341	 0.9998214163342193	 0.005573382512949532	 -0.017321636800783247	 -0.005102327443611055	 -0.05466389988825518	 0.2292518622626349	 -0.04742003418495172	 -1.4482421875	 0.087646484375	 -0.43310546875	 -0.2914087	 0.8548538	 -0.3922354	 0.17452188	 -11.524012	 -5.4870753	 -16.531174	Triplo salto in lungo	5	Petto
190	 3409439008	 0.9995080566063927	 -0.004571550615391995	 0.00682213746196514	 0.030268864272269047	 -0.07432713480767811	 0.16210007286348918	 -0.09292769088862471	 -1.43408203125	 0.1171875	 -0.433837890625	 -0.2899371	 0.845332	 -0.41655865	 0.1668227	 -11.251057	 -3.7863111	 -11.968339	Triplo salto in lungo	5	Petto
191	 3409455675	 0.9986140800670068	 -0.0038398146999980565	 1.6170378250271458E-4	 0.052489511017746855	 -0.0367861385152333	 0.041822190490995004	 -0.008931762351753638	 -1.396484375	 0.161865234375	 -0.428466796875	 -0.29473785	 0.82628626	 -0.4569061	 0.14703032	 -3.132319	 0.3242231	 -11.0525255	Triplo salto in lungo	5	Petto
192	 3409472342	 0.9973876377878229	 -0.0089173282750451	 -0.024472599788825992	 0.06737561208655374	 -0.04473347670488489	 0.011564745763546234	 0.018940869763332854	 -1.306396484375	 0.21875	 -0.413818359375	 -0.307098	 0.8026156	 -0.5015704	 0.0996334	 -1.3614875	 2.3590837	 -11.060198	Triplo salto in lungo	5	Petto
193	 3409489009	 0.996439103464849	 0.0014594149325910521	 -0.060054125136207365	 0.05916489878591264	 -0.04247028679926137	 -0.024519281842077155	 0.02590541268662052	 -1.150146484375	 0.26220703125	 -0.36962890625	 -0.34219885	 0.7786481	 -0.5250401	 0.030669287	 0.5665141	 3.2792046	 -9.797787	Triplo salto in lungo	5	Petto
194	 3409505676	 0.9994385986504463	 0.02091213792892832	 -0.023323217254787813	 0.011882657605081115	 -0.0333994214375253	 -0.10589635137410491	 -0.08803455448511936	 -1.032470703125	 0.30712890625	 -0.37548828125	 -0.36986375	 0.7685238	 -0.5218301	 0.016306274	 2.0411026	 0.42837667	 -1.5711708	Triplo salto in lungo	5	Petto
195	 3409522343	 0.9997577034882066	 -0.0023282099494741915	 0.014292215764544038	 -0.016578489767101027	 -0.03865623923682257	 -0.08921751628596228	 -0.16612449844872945	 -1.064208984375	 0.30810546875	 -0.379638671875	 -0.35932377	 0.7804916	 -0.5107503	 0.029220436	 -0.8528572	 -2.6377785	 1.3992567	Triplo salto in lungo	5	Petto
196	 3409539010	 0.9997863492253516	 -0.004249923415187817	 0.009294392170986323	 -0.017966867500487482	 0.009068716171104496	 -0.0010529331616675524	 0.012639512419358442	 -1.107177734375	 0.29443359375	 -0.38134765625	 -0.34977964	 0.79349566	 -0.49657276	 0.037879582	 0.61900103	 -0.02159234	 -10.513967	Triplo salto in lungo	5	Petto
197	 3409555677	 0.9998787725784662	 0.004148816808714262	 -0.010354811584115498	 -0.010863026425679935	 0.00237048557213667	 -0.004854744124534353	 0.013376881810932138	 -1.12158203125	 0.2841796875	 -0.37548828125	 -0.3568912	 0.8003415	 -0.48064193	 0.032647923	 0.6148247	 0.38219637	 -10.287563	Triplo salto in lungo	5	Petto
198	 3409572344	 0.9998479887551017	 0.00884440984419016	 -0.0147810818106989	 -0.0027010030343325164	 0.014903868110953254	 -0.005960072196898293	 -0.02727834662393668	 -1.09521484375	 0.302001953125	 -0.377197265625	 -0.37004685	 0.8013279	 -0.46947157	 0.02314978	 0.11903121	 -1.4891962	 -8.639646	Triplo salto in lungo	5	Petto
199	 3409589011	 0.9999565219678694	 3.432011064363749E-4	 -0.007413513667748618	 -0.005645901347045069	 -0.005272116351692387	 -0.013113744667042945	 -0.10704738261685458	 -1.086181640625	 0.298095703125	 -0.3779296875	 -0.3727538	 0.8063547	 -0.45887968	 0.016631428	 -2.0162177	 -3.2196603	 -4.5646744	Triplo salto in lungo	5	Petto
200	 3409605678	 0.9999360293694822	 0.011030907659968836	 -0.002298474715643512	 9.865388855618829E-4	 -0.034103230950246914	 -0.006610041101824128	 -0.04320205175344752	 -1.079345703125	 0.316162109375	 -0.383544921875	 -0.3817841	 0.8041309	 -0.45534423	 0.016630355	 -1.844021	 0.12260223	 -7.0473423	Triplo salto in lungo	5	Petto
201	 3409622345	 0.9998584387462038	 0.01578400182005868	 -0.00333798008937769	 0.004777619016942848	 -0.014060765279721957	 -0.03437114425322658	 -0.0164691086408736	 -1.068359375	 0.344482421875	 -0.40380859375	 -0.39511436	 0.7982023	 -0.4544094	 0.016441436	 0.6213639	 0.6515501	 -7.5477443	Triplo salto in lungo	5	Petto
202	 3409639012	 0.9998544231578496	 0.009881289438380236	 -0.013231187063490886	 -0.004292819540780646	 -0.008134079797187202	 -0.0462458835264569	 -0.046549270923696304	 -1.049560546875	 0.366455078125	 -0.413818359375	 -0.40797633	 0.79857355	 -0.44243786	 0.009193266	 0.6327131	 -0.58786756	 -5.9405365	Triplo salto in lungo	5	Petto
203	 3409655679	 0.9998492222020114	 -0.0011839683432482428	 -0.011666942024536194	 -0.012806777299186558	 0.021008897093796237	 0.10079567499529983	 -0.22914874443513983	 -1.037841796875	 0.363525390625	 -0.407470703125	 -0.4111027	 0.8067898	 -0.42436084	 0.0017467906	 -8.496173	 -11.496831	 -5.034821	Triplo salto in lungo	5	Petto
204	 3409672346	 0.9998034384878921	 5.40363253069831E-4	 0.019806003483639204	 7.173711372938651E-4	 0.0133486078588094	 0.3631204645290417	 -0.3613281310742596	 -1.058349609375	 0.358642578125	 -0.41015625	 -0.40210938	 0.8082732	 -0.42986372	 0.014842306	 -21.778606	 -21.699923	 -10.135173	Triplo salto in lungo	5	Petto
205	 3409689013	 0.9995906637790121	 -0.013196343381047082	 0.023962297686860617	 0.008376735448245078	 3.0558672887561616E-4	 0.33194965369458274	 -0.42991158032156374	 -1.09130859375	 0.353759765625	 -0.413818359375	 -0.37998345	 0.8117755	 -0.442873	 0.022298671	 -22.86287	 -22.814396	 -5.4718018	Triplo salto in lungo	5	Petto
206	 3409705680	 0.9994968147470279	 -0.029249009401945747	 0.010305437927023433	 0.006664136004204513	 -0.03310361163978606	 0.104098089656548	 -0.36904842800690774	 -1.107421875	 0.3134765625	 -0.380615234375	 -0.3502474	 0.82200134	 -0.4488763	 0.012293685	 -13.638835	 -13.892961	 2.6052456	Triplo salto in lungo	5	Petto
207	 3409722347	 0.9992639027708374	 -0.017505424428007177	 0.001326323492860826	 0.03410943565616165	 -0.10738739946207217	 -0.1060536018349294	 -0.21925084696630903	 -1.085693359375	 0.28857421875	 -0.35400390625	 -0.33376777	 0.81508213	 -0.4734509	 -0.009225138	 -3.5434718	 -0.3961443	 5.753912	Triplo salto in lungo	5	Petto
208	 3409739014	 0.9988488022021722	 -0.0038727940197852417	 -0.02479115457374881	 0.040883620933895914	 -0.1859945471639717	 -0.21589966608182767	 -0.15760674935162808	 -1.00146484375	 0.2978515625	 -0.33837890625	 -0.33969855	 0.7987544	 -0.49429324	 -0.047652587	 1.0527622	 7.621747	 8.147955	Triplo salto in lungo	5	Petto
209	 3409755681	 0.9997158156383589	 -0.016233729551355325	 0.006132133402685314	 0.01634475228677307	 -0.4150134473966367	 -0.2511396691221658	 -0.3899162385562661	 -0.951171875	 0.287109375	 -0.32080078125	 -0.3209156	 0.7991541	 -0.5048665	 -0.0589577	 -6.289099	 9.270222	 25.808811	Triplo salto in lungo	5	Petto
210	 3409772348	 0.9993560867726323	 -0.02838753257610993	 0.021818665716311945	 0.002346412387241592	 -0.25577430757765574	 -0.09864249279678039	 -0.472373614448948	 -0.985107421875	 0.2373046875	 -0.294921875	 -0.2849775	 0.8107538	 -0.5079103	 -0.05910531	 -8.7825165	 -2.7970667	 21.633028	Triplo salto in lungo	5	Petto
211	 3409789015	 0.9992095573129367	 -0.03094823194742674	 0.02474958579276518	 -0.003150478836579596	 -0.032695781852914184	 0.12523797268621573	 -0.31722346367107435	 -1.034423828125	 0.18017578125	 -0.263427734375	 -0.24534766	 0.8249488	 -0.5060672	 -0.056216214	 -10.880181	 -10.918326	 3.788044	Triplo salto in lungo	5	Petto
212	 3409805682	 0.9993971403378383	 -0.02318184235366344	 0.024473160711959655	 -0.008307976553135255	 -0.007003403236649202	 0.012149910380150834	 -0.17912932603855727	 -1.08837890625	 0.12548828125	 -0.256103515625	 -0.21218659	 0.8386657	 -0.49931884	 -0.04793559	 -2.407667	 -4.9051213	 -0.51961803	Triplo salto in lungo	5	Petto
213	 3409822349	 0.9997861273836635	 -0.01491681711680487	 0.014310760275993345	 -6.246587899974011E-4	 0.0038964771012896587	 -0.02671143348244718	 -0.05377536384813435	 -1.127685546875	 0.095703125	 -0.250244140625	 -0.19053908	 0.84557587	 -0.49662852	 -0.045350723	 1.0889192	 -0.81521267	 -6.4688997	Triplo salto in lungo	5	Petto
214	 3409839016	 0.9997373227305426	 -0.02261114801243075	 0.0029704814679511198	 0.002279860735989736	 -0.04447074115255124	 -0.004570963000724621	 -0.039081255525256986	 -1.136962890625	 0.057861328125	 -0.2333984375	 -0.16778034	 0.85145646	 -0.49364793	 -0.0564247	 -1.3758262	 1.4410902	 -6.859915	Triplo salto in lungo	5	Petto
215	 3409855683	 0.9998001966684663	 -0.01618819686942996	 0.011457620034685452	 0.002496390785409364	 -0.10331163432378203	 0.08171939069660156	 -0.1495330444569815	 -1.152099609375	 0.023193359375	 -0.22705078125	 -0.14617573	 0.856149	 -0.49234867	 -0.05687284	 -7.941596	 -0.28646672	 -0.8794689	Triplo salto in lungo	5	Petto
216	 3409872350	 0.999766750196081	 -0.016662949512036174	 0.013739432967241146	 -1.3891603548804587E-4	 -0.09181784448160607	 0.0647295206944912	 -0.1604962541435449	 -1.1787109375	 -0.011474609375	 -0.225341796875	 -0.123118214	 0.8619732	 -0.48869106	 -0.055006217	 -6.5514917	 -0.2944344	 -0.057456017	Triplo salto in lungo	5	Petto
217	 3409889017	 0.9997770660623102	 -0.017106941679114918	 0.011893659515552962	 -0.0034222193902054836	 -0.03681359625457442	 0.05284150203640792	 -0.17872893822285818	 -1.20556640625	 -0.04296875	 -0.218505859375	 -0.10071849	 0.8689121	 -0.4815572	 -0.05431878	 -4.058686	 -2.6141803	 0.5131664	Triplo salto in lungo	5	Petto
218	 3409905684	 0.9998090171168439	 -0.016440884651823806	 0.009230738349680108	 -0.0051400460344021015	 0.020435335282941555	 0.07164310414404923	 -0.18255661646898869	 -1.227294921875	 -0.08154296875	 -0.216796875	 -0.08023756	 0.8760129	 -0.47235003	 -0.0552216	 -2.917355	 -5.7392817	 0.111899376	Triplo salto in lungo	5	Petto
219	 3409922351	 0.9998469218295791	 -0.014878907066266212	 0.007881952208069311	 -0.004756664989120086	 0.0300052314250297	 0.07670529522402048	 -0.1815683654162737	 -1.247802734375	 -0.115234375	 -0.212158203125	 -0.06170426	 0.8822887	 -0.46323034	 -0.05636959	 -2.525805	 -6.0764804	 0.17626953	Triplo salto in lungo	5	Petto
220	 3409939018	 0.9998734979865671	 -0.0129563564702313	 0.008061394991582706	 -0.004487177499541584	 0.007081935621069083	 0.06063133447062589	 -0.19103577309931674	 -1.265869140625	 -0.14404296875	 -0.2197265625	 -0.044745687	 0.887962	 -0.45426276	 -0.056278985	 -2.1850367	 -4.246799	 1.2319536	Triplo salto in lungo	5	Petto
221	 3409955685	 0.9998834041440628	 -0.012592822618536836	 0.007508929458300756	 -0.004267893411158908	 -0.030093489619382234	 0.046399003960178	 -0.1926246795251067	 -1.280029296875	 -0.176025390625	 -0.2236328125	 -0.028351033	 0.8931355	 -0.4453446	 -0.05633523	 -2.5625927	 -1.6942658	 1.8121147	Triplo salto in lungo	5	Petto
222	 3409972352	 0.9999041862066294	 -0.01099604610048771	 0.007551447957760222	 -0.0036987849836714326	 -0.03708019292248326	 0.057511172900917465	 -0.17425408701057796	 -1.299072265625	 -0.200439453125	 -0.22314453125	 -0.01335226	 0.8977176	 -0.4368587	 -0.055497203	 -3.2424853	 -1.3860241	 0.85226154	Triplo salto in lungo	5	Petto
223	 3409989019	 0.9999303042206499	 -0.008759458098959061	 0.007012329685563008	 -0.0036723054600771303	 -0.021577372039943872	 0.07941698155392056	 -0.15038893046601326	 -1.311767578125	 -0.221435546875	 -0.23583984375	 -6.256383E-4	 0.90198517	 -0.42837277	 -0.054031648	 -3.6815012	 -2.6112282	 -0.5696068	Triplo salto in lungo	5	Petto
224	 3410005686	 0.9999539644886423	 -0.0075856605533973775	 0.00403934571734177	 -0.004267357916967529	 -0.005738560223889161	 0.0667418031979309	 -0.14055553720121547	 -1.324462890625	 -0.240966796875	 -0.23876953125	 0.009719002	 0.90614504	 -0.41931123	 -0.054636095	 -2.4325545	 -2.6813898	 -1.2010031	Triplo salto in lungo	5	Petto
225	 3410022353	 0.9999686613849798	 -0.006283830406332236	 0.0030867631196736522	 -0.003696162442211493	 -0.008755422103730488	 0.05504395649798556	 -0.14936811111880882	 -1.33349609375	 -0.25732421875	 -0.237060546875	 0.018503608	 0.9098478	 -0.41080332	 -0.055459436	 -1.8286994	 -1.9981741	 -0.6388731	Triplo salto in lungo	5	Petto
226	 3410039020	 0.9999784574007784	 -0.004926438508655928	 0.0023802417205904263	 -0.003626208396045938	 -0.014436091202369827	 0.05216846761346368	 -0.1744438199116673	 -1.337646484375	 -0.272216796875	 -0.239990234375	 0.02575093	 0.9133583	 -0.40242407	 -0.056290068	 -1.632662	 -1.5447727	 0.9131975	Triplo salto in lungo	5	Petto
227	 3410055687	 0.999993199648046	 -0.0027550759265883573	 4.345114210443924E-4	 -0.0024127606857952126	 -0.014392299874593797	 0.07255410980418411	 -0.1792295111958182	 -1.340087890625	 -0.282958984375	 -0.233154296875	 0.030287283	 0.91620976	 -0.39533016	 -0.057938308	 -2.3743916	 -2.2877164	 1.3435926	Triplo salto in lungo	5	Petto
228	 3410072354	 0.9999986835270287	 1.6543953258979505E-4	 -2.8242762084867984E-4	 -0.0015892792735897054	 -0.03145304174418698	 0.0971115470432363	 -0.18487835209572018	 -1.3388671875	 -0.283447265625	 -0.239501953125	 0.031912576	 0.91871274	 -0.38918307	 -0.059037797	 -3.9753933	 -2.5360637	 1.9479189	Triplo salto in lungo	5	Petto
229	 3410089021	 0.9999959360880433	 5.47109405049373E-4	 -0.0014375929677253874	 -0.002400376044716879	 -0.030353374959262262	 0.09225509435726885	 -0.18528265835321173	 -1.33935546875	 -0.28466796875	 -0.239990234375	 0.03270063	 0.9214194	 -0.38234413	 -0.061076764	 -3.6468096	 -2.416426	 1.9518557	Triplo salto in lungo	5	Petto
230	 3410105688	 0.9999908733584192	 0.0016553805886352913	 -9.535636246820746E-4	 -0.003821469793999943	 -0.013424774391817308	 0.06642955708701127	 -0.17953663049195906	 -1.3349609375	 -0.285888671875	 -0.2353515625	 0.03257216	 0.9246622	 -0.3742427	 -0.06230314	 -1.8149947	 -2.0942583	 1.3623896	Triplo salto in lungo	5	Petto
231	 3410122355	 0.9999871200683821	 0.00371037223728643	 -4.3140255122925414E-4	 -0.0034360918268872003	 5.595799010544023E-4	 0.05050820474774227	 -0.16312506581168498	 -1.3349609375	 -0.283447265625	 -0.240478515625	 0.030748412	 0.92777205	 -0.36662695	 -0.062281635	 -0.64007545	 -2.0541673	 0.20490932	Triplo salto in lungo	5	Petto
232	 3410139022	 0.9999668185749567	 0.007889629848287172	 -0.001097645280416282	 -0.0017060670487845653	 0.006778944478243225	 0.06508147688568815	 -0.15584697160412292	 -1.330810546875	 -0.27392578125	 -0.240478515625	 0.02488258	 0.9302372	 -0.36094233	 -0.06132596	 -0.9927851	 -3.0122085	 -0.17986965	Triplo salto in lungo	5	Petto
233	 3410155689	 0.9999462333538133	 0.009982146160175731	 -0.002794535965419176	 -2.7879794850127487E-4	 0.0024119387990218857	 0.06532934437226567	 -0.17084276963447295	 -1.328857421875	 -0.255126953125	 -0.236572265625	 0.01652696	 0.9320269	 -0.35679948	 -0.06121371	 -1.0961019	 -2.9623015	 0.6985073	Triplo salto in lungo	5	Petto
234	 3410172356	 0.9999326166900926	 0.010679015599421693	 -0.0045333715935049765	 4.113965566501787E-4	 -0.011928452192674854	 0.07553399317314155	 -0.17842001999161078	 -1.32177734375	 -0.2373046875	 -0.2294921875	 0.006939768	 0.9333512	 -0.35340914	 -0.062529504	 -2.119342	 -3.0379229	 1.2290478	Triplo salto in lungo	5	Petto
235	 3410189023	 0.999915284155101	 0.011421004965088188	 -0.006241371787010786	 -1.744615355658841E-4	 -0.020344846881042288	 0.089051410091002	 -0.18686036039969295	 -1.308837890625	 -0.214111328125	 -0.234130859375	 -0.003964565	 0.9346368	 -0.34954196	 -0.06526238	 -2.9904313	 -3.5607986	 1.76793	Triplo salto in lungo	5	Petto
236	 3410205690	 0.9999018161587493	 0.013158216247756316	 -0.004686465662696594	 -0.0011209046365960318	 -0.032609364435175495	 0.07729415836864456	 -0.1890108254729373	 -1.297119140625	 -0.189697265625	 -0.234130859375	 -0.015992388	 0.9361758	 -0.34490618	 -0.06602528	 -3.0775034	 -2.838387	 1.8664007	Triplo salto in lungo	5	Petto
237	 3410222357	 0.9998633729772213	 0.015941116563667035	 -0.00399472280082791	 -0.0017771806498504408	 -0.03537330429795591	 0.059019480584357895	 -0.1685459356967525	 -1.28759765625	 -0.162841796875	 -0.232421875	 -0.03043038	 0.93772906	 -0.33981866	 -0.06528172	 -2.7020137	 -2.1021187	 0.5603609	Triplo salto in lungo	5	Petto
238	 3410239024	 0.9998070864508564	 0.018629451316019008	 -0.005452634830537096	 -0.003000366597402937	 -0.03627508013071368	 0.05714640156350251	 -0.15573515964856072	 -1.280517578125	 -0.129638671875	 -0.2392578125	 -0.047971457	 0.939216	 -0.33367068	 -0.06508592	 -2.8528223	 -2.2109728	 -0.28556347	Triplo salto in lungo	5	Petto
239	 3410255691	 0.9997298394786586	 0.021184857103446975	 -0.008392722996344361	 -0.004583894216582896	 -0.03335771529719246	 0.049078973654488225	 -0.15639944710453435	 -1.268310546875	 -0.095703125	 -0.231201171875	 -0.068982676	 0.9404835	 -0.3259749	 -0.066878974	 -2.5050848	 -2.2940233	 -0.36781025	Triplo salto in lungo	5	Petto
240	 3410272358	 0.999674455244277	 0.022126423642725712	 -0.010876962868682118	 -0.00656479912822272	 -0.031129030701790406	 0.04588305992621368	 -0.19345645527450414	 -1.25146484375	 -0.057373046875	 -0.246337890625	 -0.091778226	 0.94158375	 -0.31621826	 -0.07073315	 -2.1650908	 -3.0260043	 1.6739702	Triplo salto in lungo	5	Petto
241	 3410289025	 0.9996765922711051	 0.020135251490106476	 -0.012099124384485016	 -0.00974133983545017	 -0.03577752322189934	 0.05854008851771274	 -0.2500510044226759	 -1.229736328125	 -0.023681640625	 -0.252197265625	 -0.11323634	 0.9431263	 -0.3031139	 -0.07624084	 -2.6154466	 -4.7630806	 4.764987	Triplo salto in lungo	5	Petto
242	 3410305692	 0.999738485951007	 0.015508386673922014	 -0.011552171041446903	 -0.012206432541470191	 -0.051934727999977566	 0.11853804484455	 -0.314428553138113	 -1.217041015625	 -9.765625E-4	 -0.243896484375	 -0.13026017	 0.9453422	 -0.2873241	 -0.08249667	 -5.1395597	 -8.813734	 7.853636	Triplo salto in lungo	5	Petto
243	 3410322359	 0.9998110035688054	 0.011046633237550396	 -0.010284104443661514	 -0.012254233254072046	 -0.0806885703986421	 0.15915474822901193	 -0.3571956434571377	 -1.206298828125	 0.013916015625	 -0.250244140625	 -0.1425824	 0.9477548	 -0.27114126	 -0.0889595	 -7.45905	 -11.452367	 9.862474	Triplo salto in lungo	5	Petto
244	 3410339026	 0.9998749400142042	 0.00924455688335768	 -0.007637800739638879	 -0.010310504327305126	 -0.11345087476226438	 0.14242558090816096	 -0.3549958280916924	 -1.196044921875	 0.022216796875	 -0.249755859375	 -0.15218483	 0.94974977	 -0.25694266	 -0.09378745	 -8.198661	 -10.440237	 10.107197	Triplo salto in lungo	5	Petto
245	 3410355693	 0.9998973620312452	 0.01102624772645755	 -0.0017434622087115215	 -0.00898040108004722	 -0.12497171727981077	 0.07012032290667816	 -0.2743302656666619	 -1.1962890625	 0.03369140625	 -0.259521484375	 -0.16175985	 0.95141536	 -0.2449857	 -0.09287163	 -6.799824	 -5.5964828	 6.5356693	Triplo salto in lungo	5	Petto
246	 3410372360	 0.9998363058576523	 0.01320561654382657	 0.0062795234246906815	 -0.010655550956160387	 -0.08683539931990929	 -0.04932522591447613	 -0.17094309883951075	 -1.20947265625	 0.0517578125	 -0.268798828125	 -0.17160301	 0.9536021	 -0.23281264	 -0.08363065	 -2.0055363	 1.1039367	 1.8435326	Triplo salto in lungo	5	Petto
247	 3410389027	 0.9995259566337567	 0.02398417018304133	 0.017483007389612646	 -0.00818327859841267	 -0.014997226897540177	 -0.10749148838078999	 -0.08761520982461533	 -1.244873046875	 0.077880859375	 -0.30126953125	 -0.18899931	 0.953691	 -0.22571225	 -0.06170252	 2.657041	 3.8627715	 -2.8804193	Triplo salto in lungo	5	Petto
248	 3410405694	 0.9994854233967942	 0.02693918490558367	 0.012842014009942284	 -0.011758035980639181	 0.03205712371517669	 -0.10773773856724414	 -0.04382260409096201	 -1.283203125	 0.119384765625	 -0.339111328125	 -0.21056634	 0.95281	 -0.21440934	 -0.042942706	 4.707241	 3.5969343	 -5.652874	Triplo salto in lungo	5	Petto
249	 3410422361	 0.9997914204703322	 0.011219110608097216	 0.0025472050007180336	 -0.0168747994880763	 0.05297931673016823	 -0.09344592957885514	 -0.055845179637200586	 -1.309814453125	 0.136474609375	 -0.36865234375	 -0.21964236	 0.9551168	 -0.19541898	 -0.036342807	 5.231583	 2.0077205	 -5.189757	Triplo salto in lungo	5	Petto
250	 3410439028	 0.9997606029082731	 0.002490013837276095	 -0.011562155142443355	 -0.018407967623792376	 0.05353581133425612	 -0.022920601249403906	 -0.08518284799294316	 -1.310791015625	 0.119384765625	 -0.358154296875	 -0.2231846	 0.95852166	 -0.17156981	 -0.044601053	 3.4427497	 -2.1857085	 -5.1538043	Triplo salto in lungo	5	Petto
251	 3410455695	 0.999889166139583	 0.010509958250853546	 0.006171217409519592	 -0.008550572491894394	 0.02269446980013229	 0.09102644686626485	 -0.16624703144051328	 -1.321533203125	 0.12353515625	 -0.3681640625	 -0.23090917	 0.958771	 -0.16153578	 -0.03668131	 -0.4374343	 -9.428334	 -3.324772	Triplo salto in lungo	5	Petto
252	 3410472362	 0.9998945156887344	 0.007188271431476212	 0.010374602277280267	 -0.007187063169800556	 0.046142357555948886	 0.048416423580888115	 -0.1341062978142653	 -1.345703125	 0.12841796875	 -0.378662109375	 -0.23473816	 0.9594945	 -0.1536687	 -0.02558929	 1.708984	 -6.8853545	 -4.2881393	Triplo salto in lungo	5	Petto
253	 3410489029	 0.9998413294177464	 0.010083242051977026	 0.013728263118141848	 -0.005213349176283411	 0.058951936015282806	 -0.0014230952567381855	 -0.13789832917899958	 -1.372314453125	 0.13818359375	 -0.406982421875	 -0.24082106	 0.95906067	 -0.14859767	 -0.011273506	 3.2585177	 -4.6766768	 -2.8503175	Triplo salto in lungo	5	Petto
254	 3410505696	 0.9998623116480516	 0.008742344383157408	 0.013874817460092422	 0.002533495796269769	 0.0506015210922083	 -0.12256744568283333	 -0.1479012305988482	 -1.3955078125	 0.149658203125	 -0.43603515625	 -0.24554744	 0.9575461	 -0.1510329	 0.0011578035	 4.607572	 1.2617409	 1.1063261	Triplo salto in lungo	5	Petto
255	 3410522363	 0.9996820949536611	 0.011831555643275649	 0.013897320392517456	 0.01739505119357349	 0.04200796767284538	 -0.19877438369003203	 -0.1266653193200732	 -1.402587890625	 0.1787109375	 -0.46044921875	 -0.25323537	 0.95268965	 -0.16776393	 0.010485956	 5.245335	 5.7123017	 2.2790022	Triplo salto in lungo	5	Petto
256	 3410539030	 0.9994631386319188	 0.0194739688361395	 0.01181249347750163	 0.023551306792769178	 0.028675386349524365	 -0.19313457695355385	 -0.07562532154640145	 -1.3974609375	 0.235107421875	 -0.4951171875	 -0.2684923	 0.94423544	 -0.18979536	 0.017588263	 4.754404	 6.7746043	 -0.36132526	Triplo salto in lungo	5	Petto
257	 3410555697	 0.9999256757643531	 0.010286047224736194	 0.005151551256808717	 0.004037536295926737	 0.03671634664356048	 -0.1986602507456588	 -0.0626308995568122	 -1.393798828125	 0.26513671875	 -0.51953125	 -0.27591702	 0.94158876	 -0.19183485	 0.02190955	 5.6597896	 6.7128882	 -0.6505594	Triplo salto in lungo	5	Petto
258	 3410572364	 0.999642227668922	 -0.020573617201228966	 0.014882324203047416	 -0.008405912364997437	 0.028093809066695244	 -0.16252927975532036	 -0.10849071953053151	 -1.416748046875	 0.242431640625	 -0.52197265625	 -0.2521308	 0.94916916	 -0.18552178	 0.033016738	 3.9997425	 3.641405	 0.72528076	Triplo salto in lungo	5	Petto
259	 3410589031	 0.9994436325773796	 -0.029902229302060268	 0.013415270092532157	 -0.006189710142112338	 0.023299453569790907	 -0.09242860135391796	 -0.10503260060515979	 -1.453857421875	 0.186279296875	 -0.505126953125	 -0.21969111	 0.95776004	 -0.18105654	 0.04062587	 2.1820393	 1.0339674	 -1.652585	Triplo salto in lungo	5	Petto
260	 3410605698	 0.9999663891965187	 0.007011176386132856	 0.0026608998705437152	 0.0033141356094782415	 0.01602333103483971	 -0.060190363703776395	 -0.08123987487167353	 -1.45556640625	 0.186767578125	 -0.508056640625	 -0.22485456	 0.95635027	 -0.18170969	 0.042619478	 1.320424	 0.7147306	 -3.8574033	Triplo salto in lungo	5	Petto
261	 3410622365	 0.9999410859617823	 0.010522530402186259	 0.0025578971383616866	 7.470754554029791E-4	 -0.02109699821980577	 -0.06695298551717935	 -0.09139951854235702	 -1.45849609375	 0.202392578125	 -0.52490234375	 -0.23329934	 0.9545343	 -0.17984563	 0.045734696	 -0.75305754	 1.5421988	 -3.1144385	Triplo salto in lungo	5	Petto
262	 3410639032	 0.9999776945460883	 0.004308174325479863	 0.005098513165460201	 2.3496334382866468E-4	 -0.027680431296867612	 -0.08151868869054042	 -0.06899848018754934	 -1.46484375	 0.212646484375	 -0.536376953125	 -0.23535839	 0.9540741	 -0.17839164	 0.050257124	 -0.6907493	 2.8769548	 -3.8906317	Triplo salto in lungo	5	Petto
263	 3410655699	 0.9999710725096611	 -2.696113987717963E-4	 0.007266836104247499	 -0.0022303691635501837	 -0.03243884369665774	 -0.09814872323682777	 -0.07784680779014352	 -1.47900390625	 0.21240234375	 -0.54736328125	 -0.23258553	 0.95496434	 -0.17533275	 0.056620754	 -0.8003177	 3.560774	 -2.960463	Triplo salto in lungo	5	Petto
264	 3410672366	 0.9999545304338022	 -4.0718153315211225E-4	 0.007795206349079043	 -0.005477775651522576	 -0.026247838610592277	 -0.10984890739415876	 -0.0877216720909184	 -1.490966796875	 0.203125	 -0.556640625	 -0.22945845	 0.95632696	 -0.1692974	 0.0642361	 -0.44619814	 3.816127	 -2.14049	Triplo salto in lungo	5	Petto
265	 3410689033	 0.9999392105515889	 -0.001052526503070611	 0.007877602948953899	 -0.007642693321348871	 0.0033789162884602037	 -0.08087042051211661	 -0.08493152870610374	 -1.51025390625	 0.18994140625	 -0.563720703125	 -0.22561641	 0.9580546	 -0.16123645	 0.072330736	 0.59355533	 1.8801833	 -3.0550098	Triplo salto in lungo	5	Petto
266	 3410705700	 0.999935712539542	 0.005841815379296567	 0.00732530585375163	 -0.006386225431450732	 0.024840255508181218	 -0.06421981910181687	 -0.06975164559968777	 -1.52783203125	 0.184814453125	 -0.5810546875	 -0.22860596	 0.9579042	 -0.15375924	 0.08073023	 1.5793723	 1.0577053	 -4.247928	Triplo salto in lungo	5	Petto
267	 3410722367	 0.9999724823996715	 0.004984351177967139	 0.0019509043124840144	 -0.005136599958802114	 0.02385181310198768	 -0.09602791756264746	 -0.06805627210753444	 -1.539306640625	 0.1875	 -0.5927734375	 -0.23173517	 0.95806587	 -0.14637448	 0.083568476	 1.9025698	 2.746525	 -3.4283237	Triplo salto in lungo	5	Petto
268	 3410739034	 0.9999823152761378	 2.001183147282426E-4	 -0.002177978698525929	 -0.0055304155742369465	 -0.006854423458380306	 -0.12598008634469818	 -0.07662548313571371	 -1.54248046875	 0.182373046875	 -0.591064453125	 -0.23087536	 0.9596458	 -0.13811648	 0.08185739	 0.37289762	 4.6372457	 -2.2765532	Triplo salto in lungo	5	Petto
269	 3410755701	 0.9999166901351296	 -0.007727962418568629	 0.0048183910883504155	 -0.009147376311498647	 -0.024510453800724006	 -0.11852320843776527	 -0.10496643273162833	 -1.552978515625	 0.163330078125	 -0.58642578125	 -0.22116716	 0.96282387	 -0.12865566	 0.0866226	 -1.1818534	 3.8822474	 -1.0993891	Triplo salto in lungo	5	Petto
270	 3410772368	 0.9999462508343091	 0.001788189522613115	 0.005559437191322293	 -0.008566824309855281	 0.015723978094107013	 -0.09717306316558946	 -0.11385966285432429	 -1.572509765625	 0.146728515625	 -0.593994140625	 -0.22060876	 0.9635696	 -0.11907349	 0.09320477	 0.591227	 2.053312	 -1.0385027	Triplo salto in lungo	5	Petto
271	 3410789035	 0.9999519783454258	 0.0027743470832296002	 0.004894177536926559	 -0.008024402006867383	 0.0644750869364996	 -0.10342055776182801	 -0.1321272377998696	 -1.583740234375	 0.137451171875	 -0.607177734375	 -0.22116739	 0.9639511	 -0.10979054	 0.099144295	 3.0260265	 1.2140044	 0.46735382	Triplo salto in lungo	5	Petto
272	 3410805702	 0.9999713161314464	 -1.3731341493687654E-4	 -6.01129387237942E-5	 -0.007572611557681297	 0.07496217309838347	 -0.11228961350391217	 -0.11510247663530765	 -1.59130859375	 0.128173828125	 -0.60888671875	 -0.21952856	 0.96528906	 -0.10020394	 0.09991926	 3.7779453	 2.005228	 -0.06451893	Triplo salto in lungo	5	Petto
273	 3410822369	 0.9999393941496895	 -0.004696364612378476	 -0.004948558075780762	 -0.008640830975683024	 0.03895499857222212	 -0.08772929231676688	 -0.10820100301659397	 -1.595947265625	 0.11474609375	 -0.59033203125	 -0.21386793	 0.96806777	 -0.08904053	 0.09579876	 1.4947542	 1.4918286	 -1.3954296	Triplo salto in lungo	5	Petto
274	 3410839036	 0.9999456069707535	 -0.004742558659896548	 -0.002869737832540909	 -0.008834921732604417	 0.0024933124033458733	 -0.05371427384712097	 -0.1323608074485476	 -1.59912109375	 0.091796875	 -0.5869140625	 -0.2079405	 0.97049457	 -0.0781685	 0.09376017	 -1.195039	 -0.3061591	 -1.3300819	Triplo salto in lungo	5	Petto
275	 3410855703	 0.9999615837736587	 -0.0022619940648520576	 0.0010042581622526638	 -0.008408675595487915	 -0.002160139467997091	 -0.05736664583999703	 -0.1466164242205263	 -1.60693359375	 0.07373046875	 -0.57763671875	 -0.20415016	 0.9718658	 -0.06827299	 0.095597625	 -1.6116676	 -0.29423156	 -0.5092201	Triplo salto in lungo	5	Petto
276	 3410872370	 0.9999657455789064	 -8.853361963755552E-4	 0.0017608296970735573	 -0.008038863565158927	 0.034735640435082184	 -0.08180046014429446	 -0.1367434008619247	 -1.61572265625	 0.06103515625	 -0.5830078125	 -0.20168893	 0.97274286	 -0.05875002	 0.098191895	 0.7400718	 0.96056616	 -0.1023407	Triplo salto in lungo	5	Petto
277	 3410889037	 0.9999605108939582	 -2.725939527688792E-4	 0.0020191310033757237	 -0.008650170820416471	 0.06254436826646423	 -0.09219992601901195	 -0.14043224913114324	 -1.624267578125	 0.046630859375	 -0.594482421875	 -0.19976383	 0.97338766	 -0.048654474	 0.10121295	 2.2633002	 1.2791266	 0.6229515	Triplo salto in lungo	5	Petto
278	 3410905704	 0.9999570386029162	 -9.30093661974607E-4	 -5.834989655231771E-5	 -0.00922238957947541	 0.07002832353712626	 -0.09017441982528089	 -0.13361924445668855	 -1.633544921875	 0.02978515625	 -0.5927734375	 -0.19725282	 0.97426903	 -0.037709218	 0.102320366	 2.6586056	 1.3692238	 0.29977322	Triplo salto in lungo	5	Petto
279	 3410922371	 0.9999423497024711	 -0.002441526990779555	 -0.004012770174583819	 -0.009655769932029936	 0.05467718884545021	 -0.0891196120683485	 -0.13115758864655885	 -1.634521484375	 0.012939453125	 -0.58642578125	 -0.19336966	 0.97571385	 -0.025774335	 0.09963328	 1.696059	 1.5958941	 -0.022166252	Triplo salto in lungo	5	Petto
280	 3410939038	 0.9999237948983806	 -0.003808886458827182	 -0.006192656165227185	 -0.009977363859475175	 0.02022312230006496	 -0.07654823514583561	 -0.14276442296407893	 -1.635009765625	 -0.00537109375	 -0.57373046875	 -0.18815552	 0.9774566	 -0.013283438	 0.09486813	 -0.5035746	 0.95373505	 -0.07782173	Triplo salto in lungo	5	Petto
281	 3410955705	 0.999939118142682	 -0.0023458275002583295	 -0.004480923606010656	 -0.0098070599575813	 0.019649991898920555	 -0.05308410926662155	 -0.14889018868912876	 -1.63330078125	 -0.024169921875	 -0.56494140625	 -0.18434137	 0.9785683	 -0.0011527792	 0.091768734	 -0.5628153	 -0.37258124	 -0.27896595	Triplo salto in lungo	5	Petto
282	 3410972372	 0.9999520655489509	 -4.27729891031417E-4	 -0.002331073299738307	 -0.009499986778847891	 0.048654796690273186	 -0.057870675585508596	 -0.14369786660271452	 -1.635498046875	 -0.0419921875	 -0.559814453125	 -0.18241349	 0.9789719	 0.010443623	 0.09072294	 1.2172759	 0.036171325	 -0.14698315	Triplo salto in lungo	5	Petto
283	 3410989039	 0.9999547495865595	 8.696420363334678E-4	 -0.0030817291310439314	 -0.008957982338261007	 0.06836893866747058	 -0.07624060935785151	 -0.14474469275175683	 -1.637451171875	 -0.058349609375	 -0.5556640625	 -0.18178682	 0.9790758	 0.021716025	 0.08884265	 2.2842476	 1.1189338	 0.5171251	Triplo salto in lungo	5	Petto
284	 3411005706	 0.9999587916117573	 2.3287800667494418E-4	 -0.005340038859061203	 -0.00733790373143367	 0.0691073991673035	 -0.06833221180307514	 -0.15007345487295626	 -1.635009765625	 -0.0693359375	 -0.547607421875	 -0.18061998	 0.9794046	 0.031691935	 0.084491074	 2.2821074	 0.64580446	 0.64888954	Triplo salto in lungo	5	Petto
285	 3411022373	 0.9999604905870959	 -5.630887492246162E-4	 -0.006947341626370673	 -0.00551675993691897	 0.056503427408758466	 -0.06311290038403017	 -0.15745499361834475	 -1.633544921875	 -0.0791015625	 -0.537109375	 -0.17875522	 0.97995645	 0.040048312	 0.07828431	 1.53748	 0.2610628	 0.80168533	Triplo salto in lungo	5	Petto
286	 3411039040	 0.9999704752475869	 -2.716938570258842E-4	 -0.006356281707470325	 -0.004309582162886627	 0.06089383258678796	 -0.06833038048715998	 -0.1652530557880101	 -1.62548828125	 -0.087890625	 -0.52490234375	 -0.17726897	 0.98036224	 0.04708194	 0.07245159	 1.7895248	 0.48994923	 1.3682709	Triplo salto in lungo	5	Petto
287	 3411055707	 0.9999826000535585	 0.0018525757246865004	 -0.004587858623774367	 -0.0032123366195753737	 0.0709576552986682	 -0.07665227645598105	 -0.17143274786538704	 -1.6181640625	 -0.0908203125	 -0.517333984375	 -0.17801166	 0.98024845	 0.05282777	 0.068078235	 2.3672664	 0.946861	 1.9585438	Triplo salto in lungo	5	Petto
288	 3411072374	 0.9999783555378106	 0.0038628771341174054	 -0.004652044838176884	 -0.0025932826622535043	 0.07931041708896198	 -0.10105460875653648	 -0.17125465520675814	 -1.613525390625	 -0.088623046875	 -0.513916015625	 -0.18075247	 0.97976226	 0.0580501	 0.06344413	 2.7346637	 2.3828375	 2.5095968	Triplo salto in lungo	5	Petto
289	 3411089041	 0.9999720002351016	 0.005009845413466468	 -0.005153993003538138	 -0.00208243868158331	 0.08397433375952602	 -0.10593292963276613	 -0.16809882589585956	 -1.60791015625	 -0.086669921875	 -0.508056640625	 -0.18461242	 0.97907245	 0.06285862	 0.05817544	 3.0515513	 2.729604	 2.4644165	Triplo salto in lungo	5	Petto
