2	 3448620655	 0.9999957333242807	 -0.002757619273111349	 4.4051692390517655E-4	 8.572129364445291E-4	 -0.04946759276307863	 -0.10530884178385749	 -0.10432751400018794	 -0.93359375	 0.56201171875	 -0.788330078125	 0.101550356	 -0.47528362	 0.82608217	 -0.28527415	 3.3604803	 2.4509506	 -1.4094362	Triplo salto in lungo	5	Petto
3	 3448637322	 0.9999950716916484	 -0.0030367669306465284	 3.1433928509866377E-4	 7.320039876304586E-4	 -0.047141440135735395	 -0.10127789474020213	 -0.10598530831568388	 -0.930908203125	 0.55810546875	 -0.78125	 0.13844584	 -0.39962783	 0.86255413	 -0.27772465	 2.5573592	 1.3560964	 -1.0383263	Triplo salto in lungo	5	Petto
4	 3448653989	 0.9999929334488202	 -0.003716367869736552	 2.1625308080852615E-4	 5.243060988782133E-4	 -0.050189758558134276	 -0.09925659392899616	 -0.11105311854988947	 -0.93505859375	 0.554443359375	 -0.77392578125	 0.16252065	 -0.35125574	 0.8811132	 -0.27174643	 2.0310605	 1.0082186	 -0.65899754	Triplo salto in lungo	5	Petto
5	 3448670656	 0.9999937833339716	 -0.0034077245070274972	 8.513326739877369E-4	 3.0974146037848765E-4	 -0.04917119607842612	 -0.10122990559644486	 -0.11718149107278308	 -0.934814453125	 0.551513671875	 -0.767333984375	 0.17793307	 -0.32061425	 0.89111453	 -0.26732305	 1.5520868	 0.6040357	 -0.208107	Triplo salto in lungo	5	Petto
6	 3448687323	 0.9999942576288618	 -0.0029950896503158075	 0.0015421830974707287	 3.685357267432243E-4	 -0.04069465801270206	 -0.10628010903662963	 -0.12340309039342401	 -0.93359375	 0.54638671875	 -0.766845703125	 0.1874741	 -0.30077368	 0.89698064	 -0.2642251	 0.9038236	 -0.058254797	 0.21862221	Triplo salto in lungo	5	Petto
7	 3448703990	 0.9999958437189432	 -0.002101273903505639	 0.0018895960488378163	 5.715064248008052E-4	 -0.03875208067462879	 -0.11317238453359071	 -0.12198329047950628	 -0.937255859375	 0.548583984375	 -0.760498046875	 0.19291297	 -0.288132	 0.9003788	 -0.26283634	 0.89241594	 -0.6038239	 0.38068008	Triplo salto in lungo	5	Petto
8	 3448720657	 0.9999959581708724	 -0.0017123365446821623	 0.0022003009674647083	 5.569749808718161E-4	 -0.046436565013793674	 -0.11358296375382504	 -0.11698454079076709	 -0.933837890625	 0.545166015625	 -0.75927734375	 0.19573174	 -0.27960435	 0.90242076	 -0.26295924	 1.3069347	 -0.52905476	 0.26189804	Triplo salto in lungo	5	Petto
9	 3448737324	 0.9999969967850424	 -0.0013960084540004594	 0.0019869942699006216	 3.3080970926763214E-4	 -0.054246707333028554	 -0.10864099260713231	 -0.10920039017327787	 -0.93603515625	 0.544677734375	 -0.757568359375	 0.19772242	 -0.2731815	 0.9036722	 -0.26392165	 1.7159753	 -0.25573608	 -0.16963482	Triplo salto in lungo	5	Petto
10	 3448753991	 0.999997527027049	 -0.0016146808410031216	 0.0015247457626095253	 1.1788098894022214E-4	 -0.05604161737667012	 -0.1040115475658232	 -0.1026373049146868	 -0.940185546875	 0.542724609375	 -0.7529296875	 0.19965515	 -0.26796117	 0.9045744	 -0.26472622	 1.8337815	 -0.17315906	 -0.6049471	Triplo salto in lungo	5	Petto
12	 3448787325	 0.9999954168721276	 -0.002886232427545682	 9.141392304519714E-4	 1.570290725427803E-5	 -0.10879769275557916	 -0.20036647151334408	 -0.2173051426828534	 -0.939697265625	 0.537841796875	 -0.751220703125	 0.20466752	 -0.26011878	 0.9054327	 -0.2657847	 1.2582089	 0.13500999	 -0.29667282	Triplo salto in lungo	5	Petto
13	 3448803992	 0.9999983350117894	 -0.0017559261619005256	 -4.8236856323047306E-4	 -1.1839566042248785E-4	 -0.050785672364494654	 -0.09928582578360245	 -0.11124774289838386	 -0.939453125	 0.539794921875	 -0.742431640625	 0.2073595	 -0.25758418	 0.9056744	 -0.26534235	 1.063144	 -0.04495477	 -0.42176628	Triplo salto in lungo	5	Petto
14	 3448820659	 0.9999950413048998	 -0.002971594973603664	 -0.0010425814527378343	 -3.583156030939616E-6	 -0.05862678517309537	 -0.10119751882103671	 -0.11447834284673487	 -0.93896484375	 0.536376953125	 -0.741455078125	 0.20989825	 -0.25591472	 0.9061247	 -0.2634175	 1.3245827	 0.1807761	 -0.08455372	Triplo salto in lungo	5	Petto
15	 3448837326	 0.9999932507893762	 -0.0036407749862166633	 -3.350567463440424E-4	 -3.617598268057521E-4	 -0.06952755876138482	 -0.10419617593790442	 -0.11575544210425591	 -0.940673828125	 0.533935546875	 -0.734375	 0.21134293	 -0.2548686	 0.9068023	 -0.26093343	 1.8222626	 0.39472276	 0.24901772	Triplo salto in lungo	5	Petto
16	 3448853993	 0.9999924008716734	 -0.0038450384122718922	 -3.4974316657659937E-4	 -5.399613245592461E-4	 -0.06602750163150814	 -0.10712628203301977	 -0.11329933935496372	 -0.942138671875	 0.5283203125	 -0.728515625	 0.21269639	 -0.2541997	 0.90747654	 -0.25812668	 1.7820196	 0.028449735	 0.18919182	Triplo salto in lungo	5	Petto
17	 3448870660	 0.9999918273325841	 -0.00392380811175945	 -8.001066293876202E-4	 -5.557223433410031E-4	 -0.05343964152446769	 -0.11549253144232366	 -0.10833224514479733	 -0.939453125	 0.524658203125	 -0.722900390625	 0.21436463	 -0.25388175	 0.90802985	 -0.25509593	 1.5134242	 -0.94191176	 0.05490017	Triplo salto in lungo	5	Petto
18	 3448887327	 0.9999877608110168	 -0.004825678625618932	 -8.756666507466205E-4	 -6.513538880336678E-4	 -0.04966962047488029	 -0.12511291647706374	 -0.11098162470934439	 -0.94140625	 0.520751953125	 -0.713623046875	 0.21564934	 -0.25413567	 0.9086816	 -0.2514135	 1.4479785	 -1.5010487	 0.4445734	Triplo salto in lungo	5	Petto
19	 3448903994	 0.9999781057751417	 -0.00657635378462347	 -2.1229918343618206E-4	 -7.031858329688557E-4	 -0.05011821869778934	 -0.12840045866527042	 -0.12480267887513165	 -0.941650390625	 0.514892578125	 -0.701416015625	 0.2156593	 -0.25489774	 0.90980095	 -0.2465378	 1.1102	 -1.4107479	 1.1981668	Triplo salto in lungo	5	Petto
20	 3448920661	 0.9999497955169877	 -0.00971797995481731	 0.0020646466626504383	 -0.0013055823568596803	 -0.047028320356626026	 -0.12063200259780665	 -0.14303989799606442	 -0.94482421875	 0.502197265625	 -0.68798828125	 0.21241212	 -0.25654405	 0.9119503	 -0.2396108	 0.27691087	 -0.88647366	 1.7259321	Triplo salto in lungo	5	Petto
21	 3448937328	 0.9999513724531206	 -0.009316726214525076	 0.0022418304035974335	 -0.0023292784731756004	 -0.03804326242365013	 -0.10862784728760573	 -0.1436373008566006	 -0.952880859375	 0.4951171875	 -0.670654296875	 0.20855525	 -0.2592248	 0.9137368	 -0.23322219	 -0.28285164	 -0.7688234	 1.2007599	Triplo salto in lungo	5	Petto
22	 3448953995	 0.9998180941619885	 -0.018220516718193747	 0.0031457715056489315	 -0.004679260459234502	 -0.025927712952290894	 -0.0804296858310447	 -0.15866994390067124	 -0.962646484375	 0.477294921875	 -0.646728515625	 0.20066082	 -0.26586786	 0.9170444	 -0.21926993	 -1.7871703	 0.27989292	 0.8205395	Triplo salto in lungo	5	Petto
23	 3448970662	 0.9998605764750985	 -0.01530990437638119	 0.0054221033577571695	 -0.003877529374170186	 -0.03105690754107541	 -0.013636738038155058	 -0.17123375076655648	 -0.974365234375	 0.4521484375	 -0.62255859375	 0.19116049	 -0.27085525	 0.92022175	 -0.20805615	 -3.2252173	 3.4941885	 -0.48054218	Triplo salto in lungo	5	Petto
24	 3448987329	 0.9999751141328485	 -0.003955574792496905	 0.005145444399417277	 -0.002765672610836767	 -0.03292883353980382	 0.028613719535679857	 -0.09745941172805372	 -0.98486328125	 0.443603515625	 -0.61376953125	 0.18482256	 -0.27290326	 0.92132205	 -0.20622928	 -1.9028934	 4.089653	 -5.2638063	Triplo salto in lungo	5	Petto
25	 3449003996	 0.9998865093747282	 -0.012491272101897197	 0.006059756568023156	 -0.005849430915422283	 -0.017494758938722536	 0.021138478755260107	 -0.03665002974246056	 -1.000732421875	 0.43212890625	 -0.6015625	 0.17452747	 -0.27925315	 0.9235018	 -0.19672994	 -0.7186576	 2.1916661	 -8.320082	Triplo salto in lungo	5	Petto
26	 3449020663	 0.9997417900741403	 -0.014907258737649892	 0.007158092192479205	 -0.015584881534564943	 -0.0023267289896497234	 0.02162605053844985	 -0.0036987422170440135	 -1.027099609375	 0.409423828125	 -0.57958984375	 0.1605338	 -0.29477662	 0.9232953	 -0.1867133	 -0.56820333	 1.1349679	 -10.187507	Triplo salto in lungo	5	Petto
27	 3449037330	 0.9988000627127893	 -0.025175102024084572	 0.012782278544661465	 -0.04001577586667388	 0.01264864961002589	 0.017690331682804032	 0.01769056787197227	 -1.082763671875	 0.369873046875	 -0.5517578125	 0.13349919	 -0.3330791	 0.9173264	 -0.17247829	 -0.67057365	 0.08015203	 -11.35323	Triplo salto in lungo	5	Petto
28	 3449053997	 0.9957771748043389	 -0.05385707396291292	 0.027504969103544	 -0.06907032935679047	 0.011839714028586246	 0.04457051662026894	 -0.0023698351798285833	 -1.1953125	 0.265625	 -0.509033203125	 0.077636994	 -0.39759114	 0.9035131	 -0.1398506	 -2.091501	 1.485675	 -10.858531	Triplo salto in lungo	5	Petto
29	 3449070664	 0.9950846237555323	 -0.05002562514866765	 0.01166698154101703	 -0.08466351005904034	 -0.03453891257988389	 0.10059226925449052	 0.08143714909341088	 -1.3193359375	 0.107666015625	 -0.465576171875	 0.034661323	 -0.4745682	 0.87334085	 -0.10421005	 -1.5940821	 4.4986696	 -16.279518	Triplo salto in lungo	5	Petto
30	 3449087331	 0.9978657837700246	 -0.028507215017422594	 0.001363302863088778	 -0.058731232562312635	 -0.04437653508691212	 0.1637530837625167	 0.08212695341315725	 -1.377197265625	 -0.00830078125	 -0.44580078125	 0.013514696	 -0.52598065	 0.84656674	 -0.08054026	 -5.8462396	 6.682488	 -16.817635	Triplo salto in lungo	5	Petto
31	 3449103998	 0.9993622856510426	 -0.0323605578145805	 0.004958616623568447	 -0.014255821177104168	 0.00704982239097212	 0.18157900651979686	 -0.02054666622465174	 -1.404296875	 -0.08642578125	 -0.433837890625	 -0.009235023	 -0.5381907	 0.84103394	 -0.054107893	 -10.008988	 4.480163	 -10.181434	Triplo salto in lungo	5	Petto
32	 3449120665	 0.9993739662657523	 -0.029259761139959567	 -0.01044252773690957	 0.016926179213146902	 0.04762874820983096	 0.059403814687481446	 0.06329106125128248	 -1.392333984375	 -0.129150390625	 -0.409423828125	 -0.016177818	 -0.5244372	 0.8510188	 -0.021715952	 -4.27785	 -1.4852852	 -13.657881	Triplo salto in lungo	5	Petto
33	 3449137332	 0.9982522276908726	 -0.03226075093993061	 -0.0208988683421365	 0.04488843014653252	 0.03177269409024718	 -0.016253519543728667	 0.04285205039564205	 -1.35498046875	 -0.138427734375	 -0.382080078125	 -0.0155891655	 -0.48560068	 0.8738541	 0.018121717	 -0.0020574369	 -2.2702453	 -12.271091	Triplo salto in lungo	5	Petto
34	 3449153999	 0.9972439757427168	 -0.03240117454039701	 -0.037332387867073054	 0.05532548733996648	 0.025600722867125076	 -0.02842772893715053	 -0.017021468551334566	 -1.272216796875	 -0.1494140625	 -0.3349609375	 -0.001032753	 -0.43490708	 0.8980957	 0.065416805	 0.6875397	 -2.2224576	 -8.863985	Triplo salto in lungo	5	Petto
35	 3449170666	 0.9987200539356045	 -0.021894687904512766	 -0.021729445891847724	 0.04008375842732937	 0.023238622338470204	 -0.13247596226495306	 -0.13103128673658263	 -1.2080078125	 -0.150390625	 -0.30419921875	 0.0049929763	 -0.39693296	 0.912814	 0.095866285	 5.829478	 -6.884107	 -3.0619688	Triplo salto in lungo	5	Petto
36	 3449187333	 0.9984440626503095	 -0.05179116377470108	 0.018303315197571838	 0.009597800059652356	 -0.0473236663599592	 -0.12731826552059283	 -0.2114235061576928	 -1.20068359375	 -0.222900390625	 -0.293212890625	 -0.034290157	 -0.38951138	 0.91018677	 0.13662189	 8.359792	 -5.306492	 1.5568104	Triplo salto in lungo	5	Petto
37	 3449204000	 0.9981019539609267	 -0.043173700434369355	 0.04313223125288285	 0.008254193923777521	 -0.10647639220661816	 -0.15158402761243114	 -0.28850234615479337	 -1.294921875	 -0.3115234375	 -0.32861328125	 -0.092137754	 -0.38563654	 0.90417945	 0.15891826	 13.733917	 -5.2367773	 4.5796356	Triplo salto in lungo	5	Petto
38	 3449220667	 0.9991259438104452	 -0.0387244902233978	 0.010015565959459573	 0.012142927996850017	 -0.08742588623205949	 -0.09218214642831554	 -0.5927092051766765	 -1.3046875	 -0.361328125	 -0.33154296875	 -0.11811101	 -0.37242442	 0.9009834	 0.18862449	 17.551968	 -7.4552364	 21.156532	Triplo salto in lungo	5	Petto
39	 3449237334	 0.9976715284466142	 -0.06738290737326447	 0.009969093521365492	 -0.0034179372850789013	 -0.03959053417189284	 0.014796977456865437	 -0.4940937867679593	 -1.34130859375	 -0.474853515625	 -0.3583984375	 -0.15075697	 -0.3687126	 0.88396484	 0.2448058	 11.499584	 -5.1490545	 17.140911	Triplo salto in lungo	5	Petto
40	 3449254001	 0.9982964430368138	 -0.05828402128628912	 -0.001685052267410614	 -0.0020845339049991723	 0.16672798297084546	 -0.05564713011153141	 -0.4362073274600216	 -1.339111328125	 -0.57470703125	 -0.38330078125	 -0.16916135	 -0.36103216	 0.8680827	 0.29575837	 6.7392893	 -17.670284	 11.128269	Triplo salto in lungo	5	Petto
41	 3449270668	 0.999682282294541	 -0.024910253852832243	 -0.003340009100057606	 0.0019126051805187924	 -0.036665503807287725	 0.012240365780000406	 -0.39619629334288237	 -1.3330078125	 -0.639404296875	 -0.40185546875	 -0.17488298	 -0.35391408	 0.86255085	 0.31649214	 13.09758	 -7.2362676	 8.803627	Triplo salto in lungo	5	Petto
42	 3449287335	 0.9999983074620091	 0.0010624950965720803	 -0.00121455930005987	 -8.837550528294907E-4	 -0.055678135566040274	 0.09560179875982573	 -0.4747254408894942	 -1.32861328125	 -0.65283203125	 -0.400146484375	 -0.17196159	 -0.35435098	 0.86380213	 0.31418258	 14.286188	 -6.388481	 14.894667	Triplo salto in lungo	5	Petto
43	 3449304002	 0.9998470944097839	 0.01724296369207101	 8.713269694342608E-4	 -0.0027764712746218144	 0.01564673708783515	 0.11994988075497412	 -0.5238352288346055	 -1.328125	 -0.634521484375	 -0.38623046875	 -0.16416839	 -0.35983783	 0.8690618	 0.29714853	 11.896559	 -9.839212	 18.508717	Triplo salto in lungo	5	Petto
44	 3449320669	 0.999681652741218	 0.024699088993251128	 6.366216029970452E-4	 -0.005113011678548433	 0.01597392528660574	 0.16183292464664023	 -0.45495628843018265	 -1.326171875	 -0.601806640625	 -0.372802734375	 -0.1525486	 -0.36814627	 0.8754085	 0.27360132	 7.669435	 -5.978859	 17.496311	Triplo salto in lungo	5	Petto
45	 3449337336	 0.9992843912513343	 0.03714458760396816	 -0.0016342011326206385	 -0.006950856050852675	 0.009757485876806055	 0.18006850393366425	 -0.3677230962047772	 -1.32470703125	 -0.5537109375	 -0.349609375	 -0.1336875	 -0.3787775	 0.8838278	 0.23980002	 3.7219944	 -2.158406	 14.3806305	Triplo salto in lungo	5	Petto
46	 3449354003	 0.9986481620331247	 0.05157141968545914	 -0.002671424443546622	 -0.005924578544569584	 0.009809949461334025	 0.14728981856417905	 -0.2691015910468157	 -1.31298828125	 -0.477783203125	 -0.328125	 -0.10853295	 -0.38924065	 0.89413595	 0.19295947	 0.8872057	 -0.27936363	 8.579414	Triplo salto in lungo	5	Petto
47	 3449370670	 0.9971491030653268	 0.07543383847365487	 0.0015604161327253954	 -9.835500179085357E-4	 0.023841481817108594	 0.10998631549447	 -0.220467651804161	 -1.31201171875	 -0.3564453125	 -0.313720703125	 -0.07857135	 -0.39682767	 0.9063738	 0.12182434	 -0.81149316	 -0.3352595	 5.012805	Triplo salto in lungo	5	Petto
48	 3449387337	 0.9979632671080044	 0.06312019144535364	 -0.007818938514866982	 0.00490134017594912	 0.025040540899613682	 0.040569917551689705	 -0.2526831490428488	 -1.3076171875	 -0.2275390625	 -0.314697265625	 -0.04555609	 -0.39478242	 0.9153685	 0.06459206	 0.82674927	 -1.8614901	 5.480032	Triplo salto in lungo	5	Petto
49	 3449404004	 0.999236577267841	 0.03650600736210491	 -0.013375206260054062	 0.0038311791956219536	 -0.005975486368529417	 -0.035979999031258536	 -0.28273389589768755	 -1.275634765625	 -0.146484375	 -0.30908203125	 -0.017909843	 -0.3909014	 0.9196366	 0.033824634	 3.986877	 -2.5484114	 6.624487	Triplo salto in lungo	5	Petto
50	 3449420671	 0.9987782832334751	 0.04347141705099983	 0.007756633658734414	 0.02218133167901659	 -0.05539613935255646	 -0.0781998186165933	 -0.18965543825719774	 -1.275634765625	 -0.059326171875	 -0.323486328125	 -0.0075709797	 -0.37006843	 0.9288967	 -0.011964394	 6.2932773	 -1.3706222	 1.1902571	Triplo salto in lungo	5	Petto
51	 3449437338	 0.998357920657875	 0.029566674758602696	 0.003978369566749796	 0.04890241894828407	 -0.07625260833917914	 -0.1827043230907967	 -0.21213974652330042	 -1.261474609375	 0.038818359375	 -0.358154296875	 0.0016389803	 -0.32311788	 0.94535905	 -0.04345739	 10.856598	 -4.4263964	 3.0576067	Triplo salto in lungo	5	Petto
52	 3449454005	 0.9962824994540955	 0.02028903589501846	 -0.013668277819555043	 0.082599724487423	 -0.10565184833132424	 -0.33752508843533235	 -0.2604752722162569	 -1.193603515625	 0.129638671875	 -0.37158203125	 0.026412535	 -0.24325031	 0.9677433	 -0.06004186	 16.79228	 -10.765081	 7.410877	Triplo salto in lungo	5	Petto
53	 3449470672	 0.997048133589659	 0.05684063679254095	 -0.04553673348204268	 0.024301588799528043	 -0.290278854698373	 -0.6967891262657651	 -0.2593682472913801	 -1.061279296875	 0.250732421875	 -0.401611328125	 0.08766317	 -0.21887794	 0.9660607	 -0.10552109	 33.460976	 -26.663784	 11.696466	Triplo salto in lungo	5	Petto
54	 3449487339	 0.9999638514373088	 -0.005776690720176614	 0.004449334022215535	 -0.00437368148658801	 -0.5212094473871732	 -0.7944704607129585	 -0.40228295599193753	 -1.059326171875	 0.268798828125	 -0.407470703125	 0.08417548	 -0.22136728	 0.9659207	 -0.10444566	 41.520824	 -24.140715	 29.251156	Triplo salto in lungo	5	Petto
55	 3449504006	 0.998856658145729	 0.017152414510382297	 -0.04423880185443308	 0.005839483272919833	 -0.3456996988570882	 -0.475723465730566	 -0.15048272110847732	 -1.01171875	 0.287109375	 -0.4091796875	 0.13444376	 -0.21649975	 0.9601724	 -0.11455155	 28.017452	 -14.384545	 8.477007	Triplo salto in lungo	5	Petto
56	 3449520673	 0.9990993996959832	 0.019165161085335947	 -0.03217120072984881	 -0.019952442740153287	 -0.375092229041231	 -0.5958445619327937	 -0.4335021277201324	 -0.95849609375	 0.322509765625	 -0.42529296875	 0.17055042	 -0.23432703	 0.9477995	 -0.13296568	 24.876175	 -17.039326	 29.581085	Triplo salto in lungo	5	Petto
57	 3449537340	 0.9981332958729756	 0.03738091340362254	 -0.04257917521250848	 -0.02279484198419052	 -0.17941784703602806	 -0.3466949208860376	 -0.44028614768842383	 -0.9453125	 0.359619140625	 -0.4560546875	 0.21980146	 -0.2523822	 0.92742085	 -0.1669782	 6.6653113	 -7.7580643	 23.977531	Triplo salto in lungo	5	Petto
58	 3449554007	 0.9968145549858417	 0.05824812719388826	 -0.05106151201867427	 -0.018990014142956757	 -0.09369034311680934	 -0.0911811701875882	 -0.3645540804380508	 -0.896728515625	 0.451416015625	 -0.5400390625	 0.28102326	 -0.26239043	 0.8973094	 -0.21682552	 -4.469414	 3.098255	 12.778975	Triplo salto in lungo	5	Petto
59	 3449570674	 0.9955307960735011	 0.04751091341618863	 -0.06757185789822458	 -0.04577325852288195	 -0.020235969878553417	 0.06882154818554798	 -0.2880138488517371	 -0.87890625	 0.51123046875	 -0.612548828125	 0.34525523	 -0.30117837	 0.8504169	 -0.25861508	 -11.343937	 8.187213	 1.2066126	Triplo salto in lungo	5	Petto
60	 3449587341	 0.9939005429253696	 0.055978389187298944	 -0.05161273267178224	 -0.07977629060568026	 -0.009588903434469737	 0.3978700863000116	 -0.23021989985196736	 -0.927490234375	 0.558349609375	 -0.69384765625	 0.38473636	 -0.358993	 0.787313	 -0.32131082	 -17.75808	 19.978157	 -16.631805	Triplo salto in lungo	5	Petto
61	 3449604008	 0.9919948798202475	 0.06636900721246741	 -0.012848496963770328	 -0.10665940848240331	 -0.050422852592927205	 0.6432426854957406	 -0.2692681540608848	 -1.084228515625	 0.585693359375	 -0.806396484375	 0.38212582	 -0.41665074	 0.71500146	 -0.41128498	 -24.2017	 26.815186	 -31.13985	Triplo salto in lungo	5	Petto
62	 3449620675	 0.9946844558100956	 0.05594940187038286	 -0.008126823171390686	 -0.08606074915582201	 -0.039747686662534566	 0.4165616611119919	 -0.26371824987894027	 -1.2724609375	 0.558837890625	 -0.90966796875	 0.37435338	 -0.45626816	 0.647986	 -0.48144946	 -20.12182	 14.271571	 -26.309875	Triplo salto in lungo	5	Petto
63	 3449637342	 0.9998961424308875	 -0.004136415411527483	 0.012907034625406934	 -0.004899273063633803	 0.03146955650875087	 0.2042621797117018	 -0.4595118571415321	 -1.318359375	 0.543212890625	 -0.92822265625	 0.36223793	 -0.45338815	 0.65149695	 -0.48864624	 -28.861265	 7.4592834	 -14.839144	Triplo salto in lungo	5	Petto
64	 3449654009	 0.9998525033119279	 -0.01451200369700803	 0.0051877594846140304	 -0.007580271835429864	 0.2679440435249401	 0.0033707054789460095	 -0.43265919612858	 -1.33154296875	 0.5322265625	 -0.914306640625	 0.34869292	 -0.45989007	 0.65631163	 -0.48597294	 -29.07704	 -7.138232	 -3.8171015	Triplo salto in lungo	5	Petto
65	 3449670676	 0.9989223912169578	 -0.035050843427919504	 0.01822477441593706	 -0.024358823819606527	 0.07903161541889468	 0.1848701642988378	 -0.2558988303068084	 -1.376708984375	 0.486328125	 -0.8837890625	 0.30779353	 -0.47753733	 0.6677059	 -0.48103052	 -18.392162	 1.5780761	 -16.176922	Triplo salto in lungo	5	Petto
66	 3449687343	 0.9973954153409222	 -0.045313720313425176	 0.05602347523169288	 -0.003228379040600693	 -0.05780772383012392	 0.15991520195151698	 -0.05729531891805395	 -1.432861328125	 0.439697265625	 -0.863525390625	 0.24552879	 -0.4641947	 0.7036207	 -0.4787037	 -5.0167794	 5.2089767	 -17.78817	Triplo salto in lungo	5	Petto
67	 3449704010	 0.9998405557084276	 -0.017089618138445645	 0.004481198037287749	 0.0025936415896328784	 -0.11808113769839094	 0.1072778483963802	 0.21736038059574786	 -1.442626953125	 0.4345703125	 -0.864013671875	 0.23486878	 -0.46323642	 0.7141672	 -0.46926975	 10.805818	 1.1540217	 -21.79581	Triplo salto in lungo	5	Petto
68	 3449720677	 0.99931271767679	 -0.031032696459917866	 -0.019068654844480785	 -0.006888428142681369	 -0.06228021670313459	 0.12829126085665415	 0.08171634966802213	 -1.448974609375	 0.40185546875	 -0.796142578125	 0.23019232	 -0.48300046	 0.7206989	 -0.44081232	 2.1192605	 2.0625587	 -19.220402	Triplo salto in lungo	5	Petto
69	 3449737344	 0.9995479085899498	 -0.026963347518653952	 -0.011272696041490005	 0.007062764897825536	 -0.061324848481012204	 0.15517354925948817	 -0.016516624923774856	 -1.433349609375	 0.3818359375	 -0.736328125	 0.22789831	 -0.48787695	 0.7331931	 -0.41529122	 -3.7513163	 5.0571747	 -17.658209	Triplo salto in lungo	5	Petto
70	 3449754011	 0.9987306247402782	 -0.042892159964724716	 0.0045126288828017955	 0.026019953881978863	 -0.026868006259874695	 0.10681910013671811	 -0.053496298618649164	 -1.40966796875	 0.365966796875	 -0.684326171875	 0.21387614	 -0.47520658	 0.76392746	 -0.38059303	 -5.05973	 3.8456397	 -13.49865	Triplo salto in lungo	5	Petto
71	 3449770678	 0.9980822334817497	 -0.04015633097382069	 0.015879492378290727	 0.04435274526577637	 0.01550352789862169	 0.015278634358887204	 0.007303884906384682	 -1.37353515625	 0.3564453125	 -0.638916015625	 0.19886446	 -0.4421339	 0.8023716	 -0.34809572	 -0.6386446	 -0.7559302	 -10.770723	Triplo salto in lungo	5	Petto
72	 3449787345	 0.9990205796713827	 -0.00808287019607743	 -0.014195856932682993	 0.04112208954314723	 -0.02344347092112383	 -0.058066679523019256	 0.21547237126576946	 -1.30810546875	 0.384765625	 -0.614013671875	 0.22055238	 -0.41446176	 0.8198951	 -0.32764417	 10.844568	 -5.046701	 -15.992236	Triplo salto in lungo	5	Petto
73	 3449804012	 0.9982920518588959	 -0.02645461015779326	 0.0033052338384781943	 0.051982768549084575	 -0.00953352262155683	 -0.03241188699616317	 0.12974956764947662	 -1.23681640625	 0.402587890625	 -0.576171875	 0.22346228	 -0.37504265	 0.84950227	 -0.29623267	 6.2936125	 -3.1561737	 -13.703149	Triplo salto in lungo	5	Petto
74	 3449820679	 0.9974901634380798	 -0.03715824486053324	 0.0063280290185043775	 0.05993825766485373	 0.02113676645003693	 -0.04501760508316447	 0.07924455603591885	 -1.158447265625	 0.401123046875	 -0.531005859375	 0.22141095	 -0.32872048	 0.8823097	 -0.2538701	 3.4402409	 -4.0435753	 -11.634763	Triplo salto in lungo	5	Petto
75	 3449837346	 0.9972967670099527	 -0.03944509019176083	 -0.005838820039475502	 0.061718324278989996	 -0.014755619859921	 -0.06352277144371213	 0.10570305604512298	 -1.072265625	 0.382568359375	 -0.472900390625	 0.22882017	 -0.2826316	 0.908968	 -0.20380972	 5.9267673	 -3.8109286	 -12.239828	Triplo salto in lungo	5	Petto
76	 3449854013	 0.9978741759128816	 -0.029431235108819787	 -0.023640156942714655	 0.05312320044839758	 -0.044650589583968184	 -0.0569398938852755	 0.11291630584686274	 -0.966552734375	 0.348876953125	 -0.421875	 0.25261593	 -0.244338	 0.9226321	 -0.15885338	 7.0084596	 -2.6063814	 -12.784197	Triplo salto in lungo	5	Petto
77	 3449870680	 0.9991876162082852	 -0.032270202282470045	 -0.004519820446653666	 0.023713137366933038	 -0.10889060316805596	 -0.03149464888986221	 0.057478428947539684	 -0.88720703125	 0.314453125	 -0.378173828125	 0.2528769	 -0.23018996	 0.93163884	 -0.12294498	 7.495027	 1.3085166	 -9.308188	Triplo salto in lungo	5	Petto
78	 3449887347	 0.9966498868568829	 -0.06721386476747129	 0.046246713421771675	 -0.005704463942113103	 -0.08908141446900303	 -0.1341055467005801	 -0.1340845888550724	 -0.948974609375	 0.218017578125	 -0.3173828125	 0.19334042	 -0.24523509	 0.94718033	 -0.07300188	 2.7711833	 -3.404666	 1.966733	Triplo salto in lungo	5	Petto
79	 3449904014	 0.9970165947745371	 -0.06379811584554443	 0.039552623106789926	 -0.017980549605539135	 -0.06128218924993338	 -0.15375911108358303	 -0.15310276424763963	 -1.0576171875	 0.06005859375	 -0.251953125	 0.13893989	 -0.27022922	 0.9523484	 -0.02654644	 3.2616026	 -5.7918973	 1.9701862	Triplo salto in lungo	5	Petto
80	 3449920681	 0.9992033518479106	 0.03487655287094285	 0.013524258886962017	 0.013906190610622898	 0.01610307706276036	 -0.17881050932117665	 -0.20374841924135864	 -1.080322265625	 0.107421875	 -0.278076171875	 0.13632165	 -0.25064486	 0.9563895	 -0.06255239	 1.2049173	 -9.931079	 3.0470152	Triplo salto in lungo	5	Petto
81	 3449937348	 0.9996174696735232	 0.0030742073356355704	 0.02488160744074014	 0.01167772169241388	 -0.027293072948693004	 -0.39210798072586583	 -0.4057611928018279	 -1.11669921875	 0.123046875	 -0.2919921875	 0.11450032	 -0.23607953	 0.96232486	 -0.07132817	 5.0421762	 -18.282368	 18.27951	Triplo salto in lungo	5	Petto
82	 3449954015	 0.9999712528149001	 -0.006033150262674758	 -0.004536147315334861	 7.197285882079019E-4	 -0.07271786928825338	 -0.344464211367043	 -0.16764813330226613	 -1.1259765625	 0.145263671875	 -0.302001953125	 0.117990635	 -0.23460774	 0.9626511	 -0.06588643	 10.183493	 -15.258661	 4.7079573	Triplo salto in lungo	5	Petto
83	 3449970682	 0.998596765400819	 -0.03136524953746708	 -0.03938854022907646	 -0.016409270279218627	 -0.025153843015795596	 -0.022095704633447955	 -0.3021659639388445	 -1.082275390625	 0.05126953125	 -0.24609375	 0.14790301	 -0.2543454	 0.9552614	 -0.030153139	 -2.8437133	 0.89096624	 8.1828575	Triplo salto in lungo	5	Petto
84	 3449987349	 0.9985881122587634	 0.05307157276018351	 -0.002263395132813873	 -2.5935055880121904E-4	 -0.12457559906405656	 0.38513719558814236	 -0.27266929942252605	 -1.04443359375	 0.119140625	 -0.265380859375	 0.1637791	 -0.24442743	 0.9522048	 -0.082085066	 -9.66927	 23.556278	 4.646203	Triplo salto in lungo	5	Petto
85	 3450004016	 0.999748804769637	 0.020962332398854033	 0.006963807825054014	 -0.0037964934686910983	 -0.07638335723944606	 0.21854487401354544	 -0.7211053001316494	 -1.065185546875	 0.199951171875	 -0.305908203125	 0.162293	 -0.24259447	 0.9506039	 -0.10564742	 -17.237656	 17.028713	 28.628197	Triplo salto in lungo	5	Petto
86	 3450020683	 0.9997392517354717	 0.022572121019695496	 -0.0023908350875240796	 0.002492348221216578	 -0.18494589338227357	 -0.2521757071398423	 -0.9310393703730225	 -1.067138671875	 0.211181640625	 -0.311767578125	 0.17044796	 -0.23565373	 0.9483028	 -0.12703133	 -4.5223794	 -0.60970265	 48.93901	Triplo salto in lungo	5	Petto
87	 3450037350	 0.9985829604930984	 0.0525148255408619	 -0.0032368314198724106	 -0.007986678509331492	 -0.17588156065487093	 -0.31705344016473963	 -0.2163491931237181	 -1.06494140625	 0.31298828125	 -0.374267578125	 0.18469103	 -0.233275	 0.9379392	 -0.17816418	 11.433835	 -9.025576	 10.912235	Triplo salto in lungo	5	Petto
88	 3450054017	 0.9987076711327221	 0.04985636622376849	 0.0013411562559654258	 -0.009774030259480815	 0.013515040881393117	 -0.04348498201995939	 -0.37661046084431005	 -1.077392578125	 0.376708984375	 -0.43701171875	 0.19314483	 -0.23139773	 0.9258572	 -0.22790122	 -9.432353	 3.082933	 10.670671	Triplo salto in lungo	5	Petto
89	 3450070684	 0.9992801656093211	 0.037755821684922475	 -0.0014505245512920206	 0.0033977238307711937	 0.06654257034819183	 0.15601717396710352	 -0.3143576670350184	 -1.08544921875	 0.447021484375	 -0.4990234375	 0.20377176	 -0.21988428	 0.91712725	 -0.26268986	 -15.183689	 11.633979	 -0.14705849	Triplo salto in lungo	5	Petto
90	 3450087351	 0.9981535579298029	 0.04682977617171273	 -0.01545820008641663	 0.035461118226463806	 -0.07963623111229404	 -0.059153685715484156	 -0.16945664978108144	 -1.03076171875	 0.514404296875	 -0.565673828125	 0.23697905	 -0.18049103	 0.90778744	 -0.2952734	 -0.009574848	 3.7217917	 1.364891	Triplo salto in lungo	5	Petto
91	 3450104018	 0.9951374026309159	 0.08069652877690207	 -0.0424451572802953	 0.03725625788782405	 -0.25288908588054526	 -0.45796681911341386	 -0.17270443826530987	 -0.9130859375	 0.614013671875	 -0.686767578125	 0.2997329	 -0.1383875	 0.8761391	 -0.35126907	 12.046234	 -9.113539	 19.588623	Triplo salto in lungo	5	Petto
92	 3450120685	 0.9983007968816919	 0.0577564705208128	 -0.0032986541962219955	 -0.006987699109944345	 -0.6044182099828728	 -0.8179357876661453	 -0.1743988868346889	 -0.884033203125	 0.690673828125	 -0.831787109375	 0.30744278	 -0.12707311	 0.8522447	 -0.40374595	 23.334602	 -13.047576	 46.028725	Triplo salto in lungo	5	Petto
93	 3450137352	 0.9998751882865813	 0.009004980812172943	 0.009602525697215425	 -0.008735540606057359	 -0.3702454108213294	 -0.6624862722317182	 0.10020879772048855	 -0.9150390625	 0.70166015625	 -0.868896484375	 0.29678205	 -0.12656917	 0.850048	 -0.41631663	 19.71485	 -18.824968	 27.153477	Triplo salto in lungo	5	Petto
94	 3450154019	 0.9999370861987156	 0.003246628252747536	 -0.01073450746564897	 2.310819784830942E-4	 -0.21707005044900057	 -0.41429469717647627	 0.13065695346846143	 -0.9189453125	 0.70361328125	 -0.875244140625	 0.3063719	 -0.12828295	 0.8450563	 -0.41899878	 14.223925	 -14.375103	 11.163544	Triplo salto in lungo	5	Petto
95	 3450170686	 0.9994804431885569	 0.020509649831945732	 -0.024408957545988656	 -0.00473294188586021	 -0.3227543707691541	 -0.5730335426382789	 0.040475381242059336	 -0.912841796875	 0.71044921875	 -0.912353515625	 0.32739723	 -0.1343376	 0.82740015	 -0.4360894	 15.115791	 -13.503647	 24.13063	Triplo salto in lungo	5	Petto
96	 3450187353	 0.9989868601396288	 -0.0022250035669579473	 -0.04476706176156809	 -0.004026513222230743	 -0.3914174808447898	 -0.47216658455552757	 0.012333994759111802	 -0.904052734375	 0.710693359375	 -0.925048828125	 0.36193323	 -0.15580247	 0.81172174	 -0.43108925	 16.18979	 -5.047138	 22.85271	Triplo salto in lungo	5	Petto
97	 3450204020	 0.9993041660792434	 -0.01584722281211054	 -0.03018780214775879	 -0.015124344194010155	 -0.141344488127515	 0.023212069560051323	 -0.016558260924957793	 -0.909423828125	 0.69873046875	 -0.890869140625	 0.3772032	 -0.1847637	 0.8040592	 -0.420796	 5.2215366	 6.1728725	 -6.7362766	Triplo salto in lungo	5	Petto
98	 3450220687	 0.9967830954546336	 0.04616504421158121	 -0.026423235843139607	 -0.05995049554757059	 -0.06148075006766422	 0.06681660771227708	 -0.3392518389717131	 -0.970703125	 0.69287109375	 -0.912353515625	 0.38050395	 -0.22432055	 0.76033086	 -0.4762295	 -13.021299	 15.566715	 -4.1441784	Triplo salto in lungo	5	Petto
99	 3450237354	 0.9888000976145601	 0.07093672103206942	 -0.042148314967213496	 -0.12436184347330675	 0.30580676749665436	 0.5369277125719878	 -0.4049304889502825	 -1.175537109375	 0.67431640625	 -1.064453125	 0.36468408	 -0.30793753	 0.673588	 -0.56432205	 -29.640589	 14.898972	 -39.209328	Triplo salto in lungo	5	Petto
100	 3450254021	 0.9889349099348934	 0.04860999113444367	 -0.017029739676452996	 -0.13912153190834947	 0.055896561566900316	 0.8138383255998627	 -0.55106820719723	 -1.45654296875	 0.530029296875	 -1.1376953125	 0.3079013	 -0.3888017	 0.58948195	 -0.6376061	 -29.587984	 23.390705	 -55.267548	Triplo salto in lungo	5	Petto
101	 3450270688	 0.9989711015625002	 -0.015079579370612273	 -0.00494915745744362	 0.04248353056740534	 -0.2593946766913337	 0.2906235526614732	 -0.4009696556489821	 -1.480224609375	 0.519775390625	 -1.129150390625	 0.33141962	 -0.37037805	 0.6133325	 -0.6138443	 -13.866481	 23.54494	 -29.264872	Triplo salto in lungo	5	Petto
102	 3450287355	 0.9977610838396547	 0.001797975633987231	 -0.002127074464084611	 0.06682112250599614	 0.11962029442056832	 -0.2963907553635328	 -0.31021507181182856	 -1.341064453125	 0.60595703125	 -1.126708984375	 0.3737289	 -0.32890445	 0.63474727	 -0.59096944	 -18.836493	 3.7531822	 8.769365	Triplo salto in lungo	5	Petto
103	 3450304022	 0.999083490157808	 -0.027711048845866143	 -0.022580317369740924	 -0.023545843230539546	 0.048599039867421395	 -0.07529894978514132	 -0.1504206798071594	 -1.328125	 0.60107421875	 -1.06005859375	 0.36459893	 -0.3669818	 0.63435507	 -0.5744441	 -9.372716	 1.6563284	 -5.3663044	Triplo salto in lungo	5	Petto
104	 3450320689	 0.9988739897325242	 -0.029150009783948966	 0.002529999593783639	 -0.03734472743882916	 -0.08884175733302263	 0.20267671997458486	 -0.11960058288531868	 -1.4072265625	 0.53955078125	 -1.001953125	 0.33027235	 -0.39921683	 0.63766134	 -0.5700302	 -4.4398084	 8.878702	 -21.180273	Triplo salto in lungo	5	Petto
105	 3450337356	 0.9999169376261816	 -0.010305741359538018	 -0.00695075958471042	 0.0034053611415920675	 -0.08915144450840468	 0.11708281298817363	 0.011398702595570978	 -1.421630859375	 0.522216796875	 -0.972412109375	 0.33246034	 -0.40429083	 0.642596	 -0.55954415	 2.1395805	 4.6433697	 -17.044199	Triplo salto in lungo	5	Petto
106	 3450354023	 0.9997731587891802	 0.007879117401252883	 -0.01907340548475556	 0.00526836567600697	 0.01900733682572307	 0.08384296053783484	 -0.0494050242706226	 -1.398193359375	 0.53759765625	 -0.96435546875	 0.3508386	 -0.4088373	 0.6338461	 -0.554981	 -3.8661547	 0.54967684	 -14.300499	Triplo salto in lungo	5	Petto
107	 3450370690	 0.9988469733169518	 -0.04672959187822223	 0.010996709789908467	 -3.761811476070687E-4	 0.09030809331348402	 0.12893548971441893	 -0.34898098501465685	 -1.403564453125	 0.510009765625	 -0.910400390625	 0.32417712	 -0.41888902	 0.66278905	 -0.52929413	 -22.089874	 4.161434	 -14.538671	Triplo salto in lungo	5	Petto
108	 3450387357	 0.9980789063339827	 -0.06194645056484979	 7.196533555642316E-5	 0.0010624568546773183	 0.0710933743476521	 0.13669327129816905	 -0.2099336691251649	 -1.40771484375	 0.4716796875	 -0.82177734375	 0.29794586	 -0.4374844	 0.69493157	 -0.4867301	 -14.614608	 2.2957928	 -14.837098	Triplo salto in lungo	5	Petto
109	 3450404024	 0.9962673079611244	 -0.08202722607572306	 0.012054730294651652	 0.024034740434201174	 -0.07568427258282981	 0.13341362976592033	 -0.11882767688985962	 -1.39404296875	 0.419189453125	 -0.70751953125	 0.26393303	 -0.4378011	 0.7465855	 -0.42576998	 -6.5512853	 8.184102	 -14.874618	Triplo salto in lungo	5	Petto
110	 3450420691	 0.9962020499822044	 -0.06321425303496167	 0.03296905156797492	 0.04998475230701327	 -0.11676322586650567	 0.0802808368811466	 0.015159997614656629	 -1.366455078125	 0.38427734375	 -0.635986328125	 0.23156694	 -0.40165213	 0.801436	 -0.37782666	 1.9613802	 7.014932	 -14.289912	Triplo salto in lungo	5	Petto
111	 3450437358	 0.9974345193697935	 -0.032407373719500206	 0.01513673786039288	 0.06200823223652918	 -0.05529576418648368	 -0.006502651280060362	 0.10530849160646523	 -1.309814453125	 0.399169921875	 -0.605224609375	 0.22893396	 -0.35297072	 0.8401923	 -0.3421666	 6.334485	 -0.07502268	 -13.122368	Triplo salto in lungo	5	Petto
112	 3450454025	 0.9970571382271923	 -0.01851145800153603	 -0.030102691342778213	 0.06803100033646631	 -0.02357967782482495	 -0.03453835648156417	 0.06413867460702337	 -1.195068359375	 0.42431640625	 -0.5634765625	 0.27004108	 -0.30965686	 0.86128867	 -0.29895288	 4.2303414	 -1.591927	 -10.631737	Triplo salto in lungo	5	Petto
113	 3450470692	 0.9957175960965272	 -0.04883068833882858	 -0.0405130131705393	 0.06723636266153143	 -0.017944396786619063	 -0.09036322923542735	 -0.070066416246305	 -1.01953125	 0.420654296875	 -0.489013671875	 0.3084884	 -0.2760435	 0.8821832	 -0.2244724	 0.0034665742	 -1.2066156	 -2.9733543	Triplo salto in lungo	5	Petto
114	 3450487359	 0.9985915051407817	 -0.03213440681252369	 0.014068895001191685	 0.03980517495151631	 -0.10288543526964115	 -0.3735536977252254	 -0.3154233102207407	 -0.959228515625	 0.346435546875	 -0.41650390625	 0.29540122	 -0.24765007	 0.9035739	 -0.18698144	 -0.74144167	 -8.621417	 18.887388	Triplo salto in lungo	5	Petto
115	 3450504026	 0.9947305406320168	 0.089579539664081	 0.020924250432745876	 0.04526404037792809	 -0.22045392633658129	 -0.42201588559333386	 0.023298741385034932	 -0.92041015625	 0.452392578125	 -0.519287109375	 0.3051648	 -0.17508522	 0.8996505	 -0.25855207	 18.730944	 -13.317074	 7.211838	Triplo salto in lungo	5	Petto
116	 3450520693	 0.998083071110683	 -0.05603323888585092	 0.022025104441610825	 -0.014330180618707	 -0.27919148030522667	 -0.5626251984932751	 0.19508006327706853	 -0.95068359375	 0.440185546875	 -0.500732421875	 0.27097642	 -0.19894548	 0.9167319	 -0.2158602	 25.42182	 -23.427391	 9.2140465	Triplo salto in lungo	5	Petto
117	 3450537360	 0.9984853394875562	 -0.05090360847586742	 0.01604901570307843	 -0.013352099741892444	 -0.08078337108690226	 -0.09565166262352265	 0.41922873025295265	 -1.0029296875	 0.35595703125	 -0.426513671875	 0.24270737	 -0.22073635	 0.92809963	 -0.17606828	 19.836433	 -9.663384	 -24.0341	Triplo salto in lungo	5	Petto
118	 3450554027	 0.9971979802072279	 -0.05622540052261271	 0.0400102900728937	 -0.028880257875922577	 0.10950922458827674	 -0.05020182767433	 0.2552774792315348	 -1.07666015625	 0.255126953125	 -0.371337890625	 0.18742593	 -0.25291306	 0.93881124	 -0.1397872	 3.9203832	 -9.160757	 -23.507679	Triplo salto in lungo	5	Petto
119	 3450570694	 0.9919773511556974	 -0.06736269627902933	 0.06134720579269715	 -0.08763402470258887	 0.18734455705287248	 -0.1152403551651145	 0.06602077583737345	 -1.259765625	 0.102783203125	 -0.358154296875	 0.0990378	 -0.33638617	 0.93025094	 -0.10802539	 -4.4222584	 -12.350555	 -14.025012	Triplo salto in lungo	5	Petto
120	 3450587361	 0.9897815188218023	 -0.08991286624596692	 -0.005384806365961171	 -0.11054060494968479	 0.09740620589458934	 -0.07297173308680009	 0.1000269729987464	 -1.369384765625	 -0.154296875	 -0.318359375	 0.06074935	 -0.4444067	 0.8931467	 -0.033187877	 -0.22185025	 -7.880278	 -15.028824	Triplo salto in lungo	5	Petto
121	 3450604028	 0.9940184699188339	 -0.09089700942431492	 -0.0461482954629579	 -0.03918354200170939	 -0.08955680523686688	 0.03637084483006968	 0.07948300889991694	 -1.318603515625	 -0.386474609375	 -0.279541015625	 0.059861165	 -0.48272908	 0.87126726	 0.06544476	 2.158408	 5.568735	 -14.362978	Triplo salto in lungo	5	Petto
122	 3450620695	 0.9949292964556484	 0.006753828528775013	 -0.09664716145422715	 0.02700753667613484	 -0.18335215050078996	 0.07005287263272064	 0.031225925235095525	 -1.127685546875	 -0.4833984375	 -0.22021484375	 0.14530699	 -0.44921565	 0.87505907	 0.106597565	 2.316831	 11.694896	 -9.588487	Triplo salto in lungo	5	Petto
123	 3450637362	 0.9985443366028446	 0.0028298558569053167	 0.05380962150076302	 -0.0023925693634362926	 -0.2678022088198684	 0.16450434528239205	 -0.7950411979910562	 -1.184814453125	 -0.39208984375	 -0.233642578125	 0.09962222	 -0.4550697	 0.8813599	 0.07869032	 -6.76088	 2.721766	 40.95977	Triplo salto in lungo	5	Petto
124	 3450654029	 0.9993518344984045	 0.025474044227755233	 0.020453023057451173	 -0.015121435221809337	 0.14128341168476094	 0.30977655993836395	 -0.40957941292193256	 -1.241943359375	 -0.3671875	 -0.255615234375	 0.09429194	 -0.46657065	 0.87830573	 0.04472382	 -22.56995	 -1.6164551	 12.752895	Triplo salto in lungo	5	Petto
125	 3450670696	 0.9995299834859499	 0.003090454518781094	 0.008957062016436923	 0.029155312440062742	 -0.12361995493414883	 0.4606671854017585	 -0.6813728982502387	 -1.259521484375	 -0.3349609375	 -0.267333984375	 0.086305335	 -0.44004947	 0.89292115	 0.04000151	 -23.889244	 14.75526	 31.440231	Triplo salto in lungo	5	Petto
126	 3450687363	 0.9994201987333171	 0.008838026150845835	 0.02925415928033698	 0.015011656218237454	 -0.14549140348565404	 -0.4265043333488222	 -0.8879696654861413	 -1.316650390625	 -0.322509765625	 -0.30029296875	 0.06302345	 -0.4262346	 0.9021875	 0.020251159	 19.182188	 -16.631674	 44.27037	Triplo salto in lungo	5	Petto
127	 3450704030	 0.9995735157484106	 0.027877184496673535	 0.007299052143215635	 -0.004730014451468465	 -0.33334901510921244	 0.021831706194119546	 -0.2548194454767714	 -1.33056640625	 -0.27978515625	 -0.3095703125	 0.06808774	 -0.4279082	 0.90121084	 -0.008838702	 10.099465	 14.789234	 7.928753	Triplo salto in lungo	5	Petto
128	 3450720697	 0.9996986735974482	 0.0242137382697869	 -0.004031776640050778	 4.0787617940366006E-5	 -0.29172415774069005	 0.4265064674154627	 -0.6579918493935084	 -1.340576171875	 -0.233154296875	 -0.313720703125	 0.08190172	 -0.42565656	 0.9006932	 -0.029339101	 -13.927038	 28.084126	 29.39317	Triplo salto in lungo	5	Petto
129	 3450737364	 0.9995110098818076	 0.027196257889018	 -0.01418936113014796	 -0.006063556101935736	 -0.1358313779828897	 0.03930278436994235	 -0.7382609881204452	 -1.313720703125	 -0.1982421875	 -0.298583984375	 0.105874866	 -0.42917407	 0.8956938	 -0.048303932	 -4.3574243	 7.030951	 34.522312	Triplo salto in lungo	5	Petto
130	 3450754031	 0.9989940487383003	 0.04317768810086356	 -0.006114102431866887	 -0.010449669237622805	 -0.23313439119345572	 -0.20080393032329596	 -0.3510170336008331	 -1.29833984375	 -0.136474609375	 -0.30615234375	 0.12910761	 -0.43399507	 0.8875232	 -0.08533781	 12.792642	 3.264775	 14.886694	Triplo salto in lungo	5	Petto
131	 3450770698	 0.9990153591811689	 0.04030430013132283	 0.007090436290800307	 -0.01713479571662591	 -0.1363120152372192	 0.09449083017692297	 -0.35282243602704844	 -1.30615234375	 -0.080810546875	 -0.32861328125	 0.1387122	 -0.44324583	 0.8765579	 -0.12625018	 -5.8580637	 10.749763	 10.119144	Triplo salto in lungo	5	Petto
132	 3450787365	 0.9990498405703216	 0.042445808136089655	 0.0022603962874996335	 -0.009626008347845744	 -0.058697876149322245	 0.04647202289612461	 -0.2971039906002565	 -1.32568359375	 -0.020263671875	 -0.3583984375	 0.15422718	 -0.44549865	 0.8662383	 -0.16545819	 -6.4091434	 6.196322	 6.264019	Triplo salto in lungo	5	Petto
133	 3450804032	 0.9995304127942265	 0.027977427652774486	 -0.0025177680954211468	 0.012242478717752749	 -0.05941813564740972	 -0.24936226997799127	 -0.33791046078859305	 -1.314208984375	 0.038818359375	 -0.36865234375	 0.17084391	 -0.43124646	 0.8661039	 -0.18628857	 4.367305	 -2.250104	 15.156218	Triplo salto in lungo	5	Petto
134	 3450820699	 0.9994158371742002	 0.03237777536683992	 -0.002555615874755002	 0.01063639483977813	 -0.015736227827335022	 -0.3732660891924263	 -0.32359363762094434	 -1.29638671875	 0.1025390625	 -0.387939453125	 0.18896098	 -0.41716993	 0.8635599	 -0.21101567	 6.997669	 -8.341474	 17.771448	Triplo salto in lungo	5	Petto
135	 3450837366	 0.9989034811026994	 0.04406205713255942	 0.004055305634148077	 0.015294608800810657	 0.03546600230402159	 -0.41628212381409513	 -0.29852837747896277	 -1.289306640625	 0.17333984375	 -0.422607421875	 0.20692599	 -0.3946035	 0.86036354	 -0.24747628	 5.7890053	 -12.057287	 17.940847	Triplo salto in lungo	5	Petto
136	 3450854033	 0.9963451509219523	 0.07809670244055933	 -0.008956702116163786	 0.033421890871482424	 0.051730024155397736	 -0.38206941651634196	 -0.17703361467796308	 -1.250732421875	 0.29931640625	 -0.496826171875	 0.25298622	 -0.35051644	 0.849197	 -0.30331695	 5.50268	 -12.608611	 11.604492	Triplo salto in lungo	5	Petto
137	 3450870700	 0.9932368029555316	 0.10429148571897608	 -0.03243811951734899	 0.0393917207466416	 -0.007728300837204823	 -0.3043462533934382	 -0.09792339398069103	 -1.152099609375	 0.460693359375	 -0.61279296875	 0.3272672	 -0.2979588	 0.8174281	 -0.368685	 4.585435	 -8.07643	 6.978218	Triplo salto in lungo	5	Petto
138	 3450887367	 0.9884793763892056	 0.1452113552563694	 -0.025257592672915778	 0.03441277045204039	 -0.05263083392065335	 -0.3105337468034006	 -0.06656183786591913	 -1.049560546875	 0.62158203125	 -0.841064453125	 0.39999953	 -0.2278993	 0.7564246	 -0.46463373	 3.4823809	 -6.3222103	 8.102877	Triplo salto in lungo	5	Petto
139	 3450904034	 0.9979017068080265	 0.06139649391063788	 -0.020492563683403745	 -0.0016458793364554916	 -0.0544965298509159	 -0.25011130835109874	 0.0015327160079922492	 -1.00390625	 0.687744140625	 -1.0	 0.42770085	 -0.21319108	 0.7176958	 -0.50649256	 1.5478033	 -4.668128	 4.7365646	Triplo salto in lungo	5	Petto
140	 3450920701	 0.9991812652656449	 0.026528803390720918	 -0.02509215852501318	 -0.01741853361672907	 -0.04657003773687694	 -0.13005997147054224	 0.07000517106836493	 -1.02587890625	 0.7021484375	 -1.066162109375	 0.44193593	 -0.22637694	 0.68918276	 -0.527706	 4.0066557	 -3.308942	 -2.108982	Triplo salto in lungo	5	Petto
141	 3450937368	 0.9968957150695615	 -0.07494307241889252	 -0.016499625642614094	 -0.01761339053157923	 -0.055530964316562334	 -0.007359942188618476	 -0.21927712245761274	 -1.046875	 0.6748046875	 -0.9658203125	 0.42547143	 -0.27913487	 0.7152785	 -0.4789934	 -9.53758	 9.381876	 -7.490511	Triplo salto in lungo	5	Petto
142	 3450954035	 0.9984626133335205	 -0.047944568082147254	 -0.005198240778751418	 -0.02732593016567525	 -0.07789934474594623	 0.12288261801808889	 -0.3149346709134839	 -1.103515625	 0.601806640625	 -0.79931640625	 0.4019135	 -0.32080796	 0.72731656	 -0.45448717	 -14.245883	 15.064653	 -11.647302	Triplo salto in lungo	5	Petto
143	 3450970702	 0.991912629387236	 0.12365972622810607	 0.024177892336286144	 -0.015265559061645673	 -0.08350701010208612	 0.9841540269840574	 -0.3489847595722842	 -1.1318359375	 0.651611328125	 -0.98095703125	 0.4136624	 -0.26843798	 0.6701193	 -0.55476564	 -21.992964	 35.093765	 -57.08838	Triplo salto in lungo	5	Petto
144	 3450987369	 0.9981354326819941	 0.04415674382186904	 0.023363116200884607	 -0.03507142428191651	 0.16803120734705132	 0.7212671516574938	 -0.6025493578429155	 -1.204345703125	 0.662841796875	 -1.17236328125	 0.38991603	 -0.2605434	 0.6447754	 -0.6036121	 -31.762693	 20.948296	 -52.633858	Triplo salto in lungo	5	Petto
145	 3451004036	 0.999075094356644	 -0.02226409372113397	 0.036485410797286816	 0.004699017556118291	 0.10892204380952769	 0.031494993697744146	 -0.32070265074443316	 -1.232177734375	 0.6533203125	 -1.1591796875	 0.36330825	 -0.24455124	 0.67339945	 -0.59559655	 -19.1549	 6.001601	 -13.502273	Triplo salto in lungo	5	Petto
146	 3451020703	 0.9968184443231145	 -0.009019811252134524	 0.039450810543747834	 0.0686677916469075	 0.04557057453590919	 -0.10083439160839242	 0.013411537965181679	 -1.1318359375	 0.686767578125	 -1.1572265625	 0.3743431	 -0.1780591	 0.70822954	 -0.57146615	 -1.6647213	 -3.630907	 -4.4489245	Triplo salto in lungo	5	Petto
147	 3451037370	 0.9981335221829442	 -0.023020230242307413	 -0.02094940255470718	 0.052542015824122774	 0.01881125972973619	 -0.07735393904737037	 0.04333509152260564	 -0.993896484375	 0.721435546875	 -1.134521484375	 0.4143243	 -0.16173318	 0.7220841	 -0.52987975	 0.36752352	 -3.844362	 -5.983575	Triplo salto in lungo	5	Petto
148	 3451054037	 0.9947761801239976	 -0.07167525535694977	 -0.07143935433704228	 -0.013395069217079003	 -0.09708019726464495	 0.046513900425600344	 0.04475063799002432	 -0.96337890625	 0.703125	 -0.994873046875	 0.4449747	 -0.2387268	 0.72494006	 -0.46847552	 6.1505213	 3.3175228	 -10.096076	Triplo salto in lungo	5	Petto
149	 3451070704	 0.9969679826032103	 -0.03871157861945716	 0.06611550997701882	 -0.013601275137036186	 -0.14368019304566865	 0.16527222112261275	 -0.4188133822560118	 -1.014404296875	 0.65234375	 -0.867919921875	 0.38006616	 -0.23486069	 0.76736426	 -0.45993772	 -16.974184	 22.690983	 -10.830786	Triplo salto in lungo	5	Petto
150	 3451087371	 0.9977290372994508	 -0.006257886837985685	 0.0328338182865835	 -0.05847689593811828	 0.10618173467285288	 0.08666951787668077	 -0.20940372301645374	 -1.116455078125	 0.635498046875	 -0.89794921875	 0.32564613	 -0.26737455	 0.76762164	 -0.48293152	 -13.946659	 4.488938	 -13.1050005	Triplo salto in lungo	5	Petto
151	 3451104038	 0.9940057621628258	 -0.02966572974360908	 0.04871362954862097	 -0.09327095776327517	 0.17503021268975824	 -0.037962124543242784	 -0.19390971624180875	 -1.3095703125	 0.547607421875	 -0.885498046875	 0.23338765	 -0.32465565	 0.76850986	 -0.49952173	 -15.362537	 -1.9633687	 -6.5011168	Triplo salto in lungo	5	Petto
152	 3451120705	 0.9940483964508102	 -0.067089886103306	 0.05129617461981606	 -0.06881449822233505	 0.03023506152344429	 0.027944736940704012	 -0.03635094025982526	 -1.486572265625	 0.413330078125	 -0.850830078125	 0.13635863	 -0.36693212	 0.7871504	 -0.47661477	 -3.1725786	 0.49205545	 -10.553708	Triplo salto in lungo	5	Petto
153	 3451137372	 0.9988992056224948	 -0.04402633366844103	 -0.011756990724711038	 -0.011127988118385834	 -0.12328448312995097	 0.11091772731000846	 0.1831297283610002	 -1.53271484375	 0.34033203125	 -0.7841796875	 0.123839214	 -0.38812223	 0.8016053	 -0.43755504	 8.32798	 -0.024767024	 -22.076157	Triplo salto in lungo	5	Petto
154	 3451154039	 0.9977243784243413	 -0.06005715550442233	 -0.011620745561267298	 0.028357733391082832	 -0.07581290603148536	 0.0526681399770355	 0.07560973358296418	 -1.5009765625	 0.306640625	 -0.693603515625	 0.12171199	 -0.3781085	 0.8356456	 -0.37936392	 3.8396919	 1.5953282	 -15.640159	Triplo salto in lungo	5	Petto
155	 3451170706	 0.9968603355093304	 -0.047041101181882934	 -0.03331644569317549	 0.05428278487876931	 -0.019999848344498184	 5.860295219169052E-4	 0.01958332934058909	 -1.40869140625	 0.306884765625	 -0.59423828125	 0.15163624	 -0.35095602	 0.86736685	 -0.31860876	 1.3766404	 0.25309667	 -10.742497	Triplo salto in lungo	5	Petto
156	 3451187373	 0.9971953904351561	 -0.026042418675348455	 -0.016174814702524635	 0.06827533298163657	 0.019676181621875462	 -0.05749851707635072	 -0.010647924869253029	 -1.28271484375	 0.33154296875	 -0.527587890625	 0.17740922	 -0.30082956	 0.894826	 -0.27805445	 0.63205916	 -2.4494417	 -7.1096992	Triplo salto in lungo	5	Petto
157	 3451204040	 0.9974977592116153	 -0.040149215096773494	 0.017583898854911073	 0.05547132048166482	 0.07888528226388118	 -0.3360682413197942	 -0.22570678408147887	 -1.230224609375	 0.332763671875	 -0.4921875	 0.1640132	 -0.25357544	 0.92366034	 -0.2359047	 -1.2076195	 -11.150823	 12.245373	Triplo salto in lungo	5	Petto
158	 3451220707	 0.9988052490511825	 0.0039003842783136844	 -0.04320195163141111	 0.02250450722686248	 -0.21086677134585574	 -0.33861252327739355	 -0.01200768377152954	 -1.1396484375	 0.341552734375	 -0.458984375	 0.20937064	 -0.24273722	 0.9204338	 -0.22370678	 18.026215	 -8.252499	 3.6137342	Triplo salto in lungo	5	Petto
159	 3451237374	 0.999015512688965	 -0.04155112909204753	 0.014943399144306426	 -0.00426660286343833	 -0.3278444382506033	 -0.1772072972616039	 0.06444846652655306	 -1.1220703125	 0.3076171875	 -0.4248046875	 0.18383346	 -0.25243682	 0.9309959	 -0.18901882	 21.300701	 1.1622244	 -2.0748758	Triplo salto in lungo	5	Petto
160	 3451254041	 0.9931310868496254	 -0.10638747177155106	 0.04712250861529938	 -0.012321500101057037	 -0.14805304327030588	 -0.12408262601805534	 0.08476489441789017	 -1.20361328125	 0.165283203125	 -0.35693359375	 0.1091026	 -0.2734693	 0.95019495	 -0.10218186	 12.365843	 -2.4598086	 -8.700158	Triplo salto in lungo	5	Petto
161	 3451270708	 0.9872358375476609	 -0.14611193823913277	 0.0478324019087456	 -0.041578406573756034	 -0.12041308042549001	 -0.2074881020595756	 0.16983760518721128	 -1.313720703125	 -0.120849609375	 -0.293212890625	 0.017669901	 -0.32121724	 0.94661087	 0.02086795	 14.862798	 -7.7394276	 -15.308816	Triplo salto in lungo	5	Petto
162	 3451287375	 0.9926371255265536	 -0.11403177449856705	 0.02169970900509183	 -0.034603671195169744	 -0.0427142363308413	 -0.01593580461234457	 0.11391117532969192	 -1.3935546875	 -0.40869140625	 -0.317138671875	 -0.039258916	 -0.35482413	 0.9261838	 0.12141898	 2.745795	 1.1582088	 -16.544079	Triplo salto in lungo	5	Petto
163	 3451304042	 0.9988679686720434	 -0.041643039450308006	 -0.008016394862904399	 -0.021549381423319792	 -0.0593013090150209	 0.034802104332718506	 0.022060253559131656	 -1.38525390625	 -0.535888671875	 -0.32470703125	 -0.04430161	 -0.37251237	 0.9123713	 0.16386302	 1.0776798	 4.137122	 -10.514499	Triplo salto in lungo	5	Petto
164	 3451320709	 0.9995152009256748	 -0.014323865881070541	 -0.016035040940646342	 -0.022518158156494883	 -0.060852850725859324	 -0.06873896520341759	 -0.1576506929008833	 -1.346435546875	 -0.596923828125	 -0.317138671875	 -0.031614687	 -0.3902342	 0.9015523	 0.18417796	 7.294551	 -2.7282517	 -2.122147	Triplo salto in lungo	5	Petto
165	 3451337376	 0.999624278157366	 0.007470698728137548	 -0.019298074947259325	 -0.0179743006041504	 -0.05174000955892359	 -0.015582109751171138	 -0.24253092174951246	 -1.301025390625	 -0.612548828125	 -0.298095703125	 -0.008231478	 -0.40353766	 0.89586526	 0.18578397	 5.728483	 -2.835549	 3.6563358	Triplo salto in lungo	5	Petto
166	 3451354043	 0.9995482417045249	 0.02340217584702864	 -0.011561901735313187	 -0.014898761669348448	 -0.0051137181023449985	 -0.07140754878423813	 -0.2046580636589906	 -1.259521484375	 -0.59619140625	 -0.270751953125	 0.0141467275	 -0.41526833	 0.89360076	 0.16979498	 5.3271885	 -6.371353	 0.19969463	Triplo salto in lungo	5	Petto
167	 3451370710	 0.9988117144943706	 0.04684777461235967	 -0.006488640364293586	 -0.011761910937783672	 0.09666907282181511	 -0.08447199492226128	 -0.3619497791404929	 -1.236328125	 -0.53076171875	 -0.240478515625	 0.041243013	 -0.42395237	 0.8952896	 0.1304633	 2.527833	 -14.153342	 8.193531	Triplo salto in lungo	5	Petto
168	 3451387377	 0.9992216314616328	 0.038862906845559875	 -4.6482909826200963E-4	 -0.006752008928880754	 0.06864022979030927	 0.04183360241911282	 -0.28850481276432133	 -1.226806640625	 -0.44873046875	 -0.224853515625	 0.058858275	 -0.42824602	 0.8966659	 0.09556042	 -3.9130511	 -6.2190843	 6.5864067	Triplo salto in lungo	5	Petto
169	 3451404044	 0.9961654799713615	 0.07935409725893916	 -0.004671867696194043	 -0.0365436371188621	 0.0423369989680275	 0.11105239801232454	 -0.14872922974264377	 -1.217529296875	 -0.35498046875	 -0.2080078125	 0.100143656	 -0.4543841	 0.8848356	 0.02392708	 -6.996035	 0.18627301	 -0.7852478	Triplo salto in lungo	5	Petto
170	 3451420711	 0.9880866032017844	 0.09861661500188769	 1.0171577324746828E-5	 -0.11815086844906288	 0.35799918224545335	 0.28307913204907215	 -0.08070276799233107	 -1.21484375	 -0.22021484375	 -0.21435546875	 0.14639793	 -0.5437491	 0.82293504	 -0.07538469	 -26.66061	 -7.898029	 -10.173678	Triplo salto in lungo	5	Petto
171	 3451437378	 0.9981185989372776	 -0.02190000548963282	 0.044558544525129036	 0.035974829045346525	 -0.7276219156523116	 1.2431388058994732	 -1.0857976319672045	 -1.27783203125	 -0.19873046875	 -0.236572265625	 0.09983965	 -0.5129593	 0.8491854	 -0.076086566	 -70.21663	 67.30868	 37.646828	Triplo salto in lungo	5	Petto
172	 3451454045	 0.9993646956395305	 -0.023108703750176707	 0.026807484479224434	 -0.0041894744528760824	 -0.3744018799907837	 -0.4649179118873086	 -1.9351122431745522	 -1.339111328125	 -0.243896484375	 -0.249267578125	 0.064229384	 -0.5172564	 0.8505772	 -0.06956508	 5.5120206	 10.00027	 111.15277	Triplo salto in lungo	5	Petto
173	 3451470712	 0.9995006429820434	 -0.0022800258484676483	 -0.0027571253066820955	 0.031395292969732515	 -0.24293688654146844	 -0.006968646067130234	 -0.006044018578375215	 -1.36328125	 -0.246337890625	 -0.268310546875	 0.0669902	 -0.49153692	 0.8659809	 -0.06309697	 6.9161468	 12.8050165	 -8.830046	Triplo salto in lungo	5	Petto
174	 3451487379	 0.9989754937165216	 0.03965451847371171	 -0.0217152577826254	 0.0019823465600076334	 -0.0944739866080708	 -0.12558274757493892	 -0.02848732040939803	 -1.30615234375	 -0.1748046875	 -0.245849609375	 0.10492701	 -0.4890534	 0.8616984	 -0.085401386	 8.926036	 1.1392283	 -6.5186176	Triplo salto in lungo	5	Petto
175	 3451504046	 0.9984733589643925	 0.041511933288816624	 -0.0014633973236302669	 -0.03640836856083283	 0.09102788670136011	 -0.12807389172990113	 -0.36348842360125494	 -1.307373046875	 -0.111572265625	 -0.26025390625	 0.12296647	 -0.51647764	 0.8384522	 -0.12299745	 -2.0966191	 -7.6677337	 12.577133	Triplo salto in lungo	5	Petto
176	 3451520713	 0.9974660883299125	 0.022727824212225897	 0.011212377491449434	 -0.06647654646106735	 0.21997394560732605	 0.13912085088928983	 -0.3465642566485213	 -1.343994140625	 -0.118408203125	 -0.275390625	 0.11659257	 -0.5675895	 0.80020785	 -0.15464818	 -19.62225	 -6.62394	 5.914647	Triplo salto in lungo	5	Petto
177	 3451537380	 0.9998127786045727	 0.009547980394042622	 0.010450212701048567	 -0.013192303206845795	 0.116332899184484	 0.14100855604873042	 -0.4116279655505175	 -1.3876953125	 -0.131103515625	 -0.295166015625	 0.111196525	 -0.5760446	 0.7920598	 -0.16867043	 -18.580135	 -1.2194014	 9.771143	Triplo salto in lungo	5	Petto
178	 3451554047	 0.9992929667087789	 1.6255445567606858E-4	 0.00191480315176229	 0.03754828613008017	 0.003360892818783031	 -0.06847287485213965	 -0.1553940657068991	 -1.38818359375	 -0.098388671875	 -0.30615234375	 0.11546238	 -0.54631937	 0.8131089	 -0.1644924	 0.09817577	 -0.0550903	 0.37647533	Triplo salto in lungo	5	Petto
179	 3451570714	 0.9992495467631868	 0.009383988448347369	 -0.024415399687912457	 0.028568729626054782	 -0.13684941636498033	 -0.11718864664350515	 -0.11893064447431706	 -1.3349609375	 -0.052734375	 -0.277099609375	 0.14445779	 -0.52635264	 0.8235859	 -0.1542445	 6.449548	 6.168036	 -0.42436695	Triplo salto in lungo	5	Petto
180	 3451587381	 0.9998864130486398	 0.014327004934725204	 0.0043359615470744415	 0.0017599340293477372	 -0.23242704689502403	 -0.07500361948455489	 -0.18429674856261632	 -1.31982421875	 -0.0126953125	 -0.292724609375	 0.14818075	 -0.52290255	 0.8226506	 -0.16691872	 4.899449	 12.04583	 3.145176	Triplo salto in lungo	5	Petto
181	 3451604048	 0.9999109445445574	 0.010681283515633487	 0.007809891063354446	 -0.0017374590781647494	 -0.10001014166805539	 -0.04860050978621202	 -0.11254972407391725	 -1.33349609375	 0.006103515625	 -0.30615234375	 0.14666359	 -0.5223234	 0.82078665	 -0.17882285	 1.9918239	 5.1030912	 -2.061204	Triplo salto in lungo	5	Petto
182	 3451620715	 0.999836819358134	 0.016934434500309424	 0.0051771262474046295	 -0.003571686966030274	 -0.012500517189919768	 -0.06941180390516771	 -0.07050575702540773	 -1.34619140625	 0.027099609375	 -0.31298828125	 0.15029034	 -0.5227214	 0.8162542	 -0.19469091	 1.8630806	 -0.3516954	 -4.1375647	Triplo salto in lungo	5	Petto
183	 3451637382	 0.9998272308151166	 0.018359327866503634	 0.002882804157720909	 -3.647479321398362E-4	 0.0045262490534234544	 -0.03605906906739101	 -0.039898930475762096	 -1.356689453125	 0.058837890625	 -0.32861328125	 0.15715803	 -0.5205404	 0.8125505	 -0.2100022	 0.5415007	 -0.682671	 -6.6942573	Triplo salto in lungo	5	Petto
184	 3451654049	 0.9997988497242082	 0.019090348707021983	 0.003034620867683802	 0.005348808520033277	 -0.0055222456797708735	 -0.012008886523154043	 -0.012660064540720044	 -1.35693359375	 0.09423828125	 -0.35595703125	 0.16545409	 -0.51336724	 0.81144375	 -0.22502999	 0.33862072	 0.16975252	 -8.781857	Triplo salto in lungo	5	Petto
185	 3451670716	 0.9995069932592552	 0.028061682799975587	 0.008122716463261905	 0.011503645575827781	 0.006054326412738312	 -0.02420620382383536	 0.018758682002718862	 -1.359375	 0.147216796875	 -0.385498046875	 0.17552672	 -0.49821624	 0.8118341	 -0.24879077	 1.5145259	 -1.0833619	 -10.002505	Triplo salto in lungo	5	Petto
186	 3451687383	 0.9995014607567282	 0.02742058892920194	 0.005010508422000793	 0.01482686930189206	 -0.002054041305513824	 -0.014942794535906249	 0.03557045743881694	 -1.35546875	 0.213623046875	 -0.425537109375	 0.18848422	 -0.48074856	 0.81278837	 -0.26968506	 1.8394991	 -0.71184057	 -11.031538	Triplo salto in lungo	5	Petto
187	 3451704050	 0.999832290259	 0.009804365826124347	 -0.010874343711188228	 0.011000655209632892	 -0.021465845714900046	 0.0025070888115028365	 0.032672545506326714	 -1.333984375	 0.251220703125	 -0.43603515625	 0.20473768	 -0.47364885	 0.813191	 -0.2691842	 1.6033025	 0.6988306	 -11.382219	Triplo salto in lungo	5	Petto
188	 3451720717	 0.9995303601817687	 -0.003913080709795312	 -0.030267155326228982	 -0.0027651731809043567	 -0.03314819804489851	 0.010628422510509598	 0.013598697080521367	 -1.294921875	 0.24755859375	 -0.404541015625	 0.22643179	 -0.48542193	 0.80629325	 -0.2509693	 0.98244697	 1.816333	 -10.689084	Triplo salto in lungo	5	Petto
189	 3451737384	 0.9998745647340264	 0.007090471647001897	 -0.01385860431519115	 -0.002918749081260802	 -0.01268929191680996	 0.06576667921414654	 -0.06003466944932103	 -1.261474609375	 0.25537109375	 -0.3837890625	 0.24008696	 -0.49039075	 0.79978526	 -0.24943766	 -4.5176816	 2.9229598	 -9.395722	Triplo salto in lungo	5	Petto
190	 3451754051	 0.9999873486694791	 0.004023328624798289	 8.764898492202856E-4	 -0.0028891336601981343	 -0.021502476031454047	 0.09396936495769811	 -0.06172776236272137	 -1.2607421875	 0.2587890625	 -0.38720703125	 0.24042527	 -0.49232975	 0.797498	 -0.25259522	 -5.5684156	 3.9797895	 -10.381036	Triplo salto in lungo	5	Petto
191	 3451770718	 0.9999873049027178	 0.003471711704325137	 -0.0031908513081033156	 0.0017764343980097854	 -0.007288517010614856	 0.032543568660751726	 0.019207343634333053	 -1.26171875	 0.265869140625	 -0.39697265625	 0.2448971	 -0.49171156	 0.7966633	 -0.25213715	 -0.39831224	 0.9639508	 -11.872931	Triplo salto in lungo	5	Petto
192	 3451787385	 0.9997784461478987	 0.009908173981033833	 -0.01837801524409444	 0.0026711911467587612	 -0.008343199920550694	 0.010752239011966135	 0.01644115051169715	 -1.233642578125	 0.28173828125	 -0.392333984375	 0.26480544	 -0.49249104	 0.7907635	 -0.24904688	 0.39909542	 0.5489779	 -10.898157	Triplo salto in lungo	5	Petto
193	 3451804052	 0.9999658609502895	 0.0019475598824627086	 -0.00780653892312505	 -0.001881992160509022	 0.007276673795369479	 -0.004114444330273536	 -0.11837933232979929	 -1.212890625	 0.295654296875	 -0.390625	 0.27124193	 -0.49618676	 0.7872176	 -0.24599895	 -4.714734	 0.4294171	 -4.4948177	Triplo salto in lungo	5	Petto
194	 3451820719	 0.9999277693356377	 -0.007670751997252697	 -0.008135257177218526	 -0.004408317809888568	 -0.010647152512296115	 0.09869543990077968	 -0.28372104192031666	 -1.21044921875	 0.28173828125	 -0.375	 0.2724818	 -0.5044853	 0.7846142	 -0.23585835	 -15.03349	 4.825601	 -1.096672	Triplo salto in lungo	5	Petto
195	 3451837386	 0.9999628677688044	 -0.007730958333087654	 -0.002428988281644229	 0.0029317883225836176	 -0.04356853925334149	 0.27502579967113844	 -0.3241828520147929	 -1.2001953125	 0.2685546875	 -0.358642578125	 0.27082863	 -0.50567204	 0.7871969	 -0.22642699	 -23.017912	 10.444673	 -5.5096416	Triplo salto in lungo	5	Petto
196	 3451854053	 0.9994455133784438	 -0.004049649146049912	 0.012457773350080305	 0.03061159931547161	 -0.1152712458149442	 0.24157307773188133	 -0.38831978860460303	 -1.188720703125	 0.278564453125	 -0.361083984375	 0.2652785	 -0.48052233	 0.80652916	 -0.219629	 -22.69352	 13.782814	 -0.02465725	Triplo salto in lungo	5	Petto
197	 3451870720	 0.9958466310355307	 -0.03577820869138767	 0.043012232277794	 0.07182865105582967	 -0.18470022406616804	 -0.3191711122098496	 -0.45777522544059857	 -1.177734375	 0.269287109375	 -0.345947265625	 0.22737135	 -0.42178887	 0.8569464	 -0.18984118	 -0.46491322	 4.0889635	 25.215298	Triplo salto in lungo	5	Petto
198	 3451887387	 0.998252278847337	 -0.03152581498743151	 -0.007509901588414914	 0.04941773106496322	 -0.1871729272547098	 -0.7342482617802213	 -0.3901689866773027	 -1.130859375	 0.270263671875	 -0.3251953125	 0.22869158	 -0.3883818	 0.8805747	 -0.14645235	 21.39805	 -12.989697	 34.77712	Triplo salto in lungo	5	Petto
199	 3451904054	 0.9999887397398171	 -0.0017533520483223597	 1.3463546840447596E-4	 0.004407723160302635	 -0.2597585483585995	 -0.2040197903783924	 -0.3589498166365396	 -1.09619140625	 0.231689453125	 -0.293701171875	 0.22783731	 -0.38586023	 0.88254976	 -0.14250813	 5.72001	 5.3869452	 18.380836	Triplo salto in lungo	5	Petto
200	 3451920721	 0.9997004037419482	 0.023786660971544443	 0.00563531771895598	 -0.001241254291785232	 -0.15596194583862188	 0.09271998094373193	 -0.20219489417289863	 -1.1083984375	 0.27978515625	 -0.327880859375	 0.23119344	 -0.38163078	 0.87969375	 -0.16445917	 -4.0611463	 11.549758	 0.9479656	Triplo salto in lungo	5	Petto
201	 3451937388	 0.9999221485996277	 0.010763220138047133	 -0.0035497241454772177	 -0.005220085311073875	 -0.018583483684969676	 0.0366596833358338	 -0.2629744694000981	 -1.111083984375	 0.30029296875	 -0.34423828125	 0.23699377	 -0.38539916	 0.87501585	 -0.17218953	 -9.027833	 3.9999576	 2.7382965	Triplo salto in lungo	5	Petto
202	 3451954055	 0.9998893070598724	 0.010652777751461964	 0.00987071036031545	 -0.0032343516334468747	 -0.038434980814546015	 -0.0010729406251254528	 -0.270148189657225	 -1.12158203125	 0.314208984375	 -0.3603515625	 0.23130317	 -0.3851274	 0.8741603	 -0.18444495	 -7.4584274	 3.5726035	 4.3174667	Triplo salto in lungo	5	Petto
203	 3451970722	 0.9997296474681033	 0.010998267944988621	 0.02045120487342156	 -0.0011909218014828917	 -0.06576347895292221	 -0.11277548423264463	 -0.24900945482551215	 -1.15771484375	 0.332763671875	 -0.388916015625	 0.216789	 -0.38096467	 0.87616026	 -0.2005292	 -1.8005462	 0.8145239	 6.9398136	Triplo salto in lungo	5	Petto
204	 3451987389	 0.9997264566347144	 0.01109865624124913	 0.020465431556068284	 0.002235586156014102	 -0.04942714453757481	 -0.14784026243799156	 -0.19769788562302304	 -1.18994140625	 0.348388671875	 -0.41845703125	 0.20289312	 -0.37361836	 0.87899184	 -0.21591114	 0.6934559	 -1.1595833	 5.231882	Triplo salto in lungo	5	Petto
205	 3452004056	 0.9997186100162667	 0.014225760440954319	 0.018548727751655336	 0.004034008653331423	 -0.06117881108289186	 -0.1279345455305094	 -0.2036172841458073	 -1.21435546875	 0.373291015625	 -0.453369140625	 0.19215707	 -0.36430073	 0.8809711	 -0.23291893	 0.41227075	 0.67598367	 5.053912	Triplo salto in lungo	5	Petto
206	 3452020723	 0.999815959455629	 0.01587845820517353	 0.00995849799884574	 0.004092688658291432	 -0.035596742774412285	 -0.09911157658629009	 -0.1820396040818904	 -1.2275390625	 0.400634765625	 -0.4892578125	 0.18955086	 -0.35646564	 0.88057214	 -0.24818486	 -0.8341647	 0.768194	 2.7548609	Triplo salto in lungo	5	Petto
207	 3452037390	 0.9999115213180924	 0.012353417301954439	 -9.095996917245498E-4	 0.004849251973530867	 -0.008824067036610692	 -0.07980778575858798	 -0.17120985487344972	 -1.226318359375	 0.421630859375	 -0.5078125	 0.19541822	 -0.3512343	 0.8790706	 -0.25628453	 -2.314069	 0.4755736	 1.2844191	Triplo salto in lungo	5	Petto
208	 3452054057	 0.9999071891128272	 0.013087985172445658	 -8.493259961863121E-4	 0.0036873364320357815	 -0.014647004509810452	 -0.09551019140260948	 -0.16684287767214534	 -1.213623046875	 0.441650390625	 -0.52978515625	 0.20116733	 -0.34679443	 0.8768775	 -0.26523897	 -1.6598483	 0.17854266	 1.6337242	Triplo salto in lungo	5	Petto
209	 3452070724	 0.9998361302456701	 0.01643172355586013	 0.007468134191039866	 0.0013921523091676715	 -0.010374391858086765	 -0.122975183327609	 -0.14438410604808938	 -1.215576171875	 0.4638671875	 -0.561767578125	 0.20014308	 -0.34139422	 0.8745022	 -0.2804268	 -0.50127006	 -1.3202302	 1.4964237	Triplo salto in lungo	5	Petto
210	 3452087391	 0.999729442144249	 0.019652716373633798	 0.012442338824359024	 -3.812697478561278E-5	 -0.007057210185353925	 -0.10651364288865983	 -0.07949292684796887	 -1.228759765625	 0.48388671875	 -0.60302734375	 0.19541398	 -0.3350559	 0.87140226	 -0.3003487	 0.82808256	 -1.9170004	 -2.1051402	Triplo salto in lungo	5	Petto
211	 3452104058	 0.9996168577720574	 0.023250093354915208	 0.01501218172920077	 -4.530084276697655E-4	 0.00328916125373048	 -0.06272476214002243	 -0.0443316624509807	 -1.25048828125	 0.516357421875	 -0.6533203125	 0.18944769	 -0.32738754	 0.86706805	 -0.32422277	 0.18986022	 -1.3399701	 -5.4031386	Triplo salto in lungo	5	Petto
212	 3452120725	 0.9996417199755947	 0.02463166909576741	 0.010416471686391484	 0.0010998542620981877	 0.00915855341366224	 -0.019303853415147572	 -0.016045606950557158	 -1.260009765625	 0.540771484375	 -0.707275390625	 0.18833272	 -0.31936458	 0.86134046	 -0.34731844	 -0.3927809	 -0.6272376	 -8.390515	Triplo salto in lungo	5	Petto
213	 3452137392	 0.9997171313077399	 0.02277512478182271	 0.0050565146464967015	 0.00462414539405548	 -0.007688827157323512	 0.02990699438450351	 -2.854303584150144E-5	 -1.2587890625	 0.565185546875	 -0.750244140625	 0.19238761	 -0.3103099	 0.85588944	 -0.36626273	 -0.42598647	 1.3109634	 -11.051417	Triplo salto in lungo	5	Petto
214	 3452154059	 0.9995942395574433	 0.026225314458525877	 0.00896669076456891	 0.006571725942293216	 -0.013655060932566144	 0.05060245026875783	 0.0010067257883149983	 -1.252197265625	 0.595458984375	 -0.8046875	 0.1947983	 -0.2972926	 0.85001487	 -0.38877478	 -0.5607196	 2.1582472	 -12.030416	Triplo salto in lungo	5	Petto
215	 3452170726	 0.999642841423103	 0.0214705432593377	 0.015089975139377489	 0.005049555820746455	 0.013498521088036883	 0.05986942176432031	 -0.03647973024071267	 -1.253173828125	 0.615234375	 -0.861083984375	 0.18990095	 -0.28391615	 0.8461492	 -0.40909788	 -3.1182556	 2.5246816	 -11.31414	Triplo salto in lungo	5	Petto
216	 3452187393	 0.9996893291036478	 0.014909292550585802	 0.017720251690410194	 0.009216884070458621	 0.02594579808429333	 0.07035464644124054	 -0.06692427931982944	 -1.25244140625	 0.633056640625	 -0.90625	 0.18251477	 -0.26704317	 0.8461414	 -0.4235819	 -4.8029404	 3.4708471	 -10.933277	Triplo salto in lungo	5	Petto
217	 3452204060	 0.9997150757497387	 0.011592616577928469	 0.016903942816441364	 0.012232549890754509	 0.005465864817395267	 0.061989190430535274	 -0.1103961821333162	 -1.239501953125	 0.653564453125	 -0.947998046875	 0.17609902	 -0.24847054	 0.84774417	 -0.43425983	 -4.9261103	 5.7403884	 -9.045375	Triplo salto in lungo	5	Petto
218	 3452220727	 0.9997923467784728	 0.004896252111627227	 0.01614629298244447	 0.011427478347315834	 -0.0172401414215291	 0.07267450189293058	 -0.1869369281093406	 -1.224609375	 0.66796875	 -0.972412109375	 0.16821696	 -0.23203404	 0.85155195	 -0.43900204	 -6.1256595	 10.022262	 -7.002336	Triplo salto in lungo	5	Petto
219	 3452237394	 0.9997206514102444	 0.006640802897527408	 0.017159980761519592	 0.01483421521406836	 -0.010584007869088247	 0.08582479682352509	 -0.27950959306438083	 -1.209716796875	 0.6787109375	 -1.001220703125	 0.16129391	 -0.21195674	 0.85519063	 -0.44464344	 -9.005725	 14.143614	 -4.6144342	Triplo salto in lungo	5	Petto
222	 3452287395	 0.9790082268969729	 0.11137984923898045	 0.08492477856520138	 0.14807161388057688	 0.07653482336263195	 -1.0325682622890051	 -0.8585157958267859	 -0.9130859375	 0.770751953125	 -1.248291015625	 0.1738578	 -0.029559787	 0.83539134	 -0.5205971	 -6.125498	 -12.728529	 19.618483	Triplo salto in lungo	5	Petto
223	 3452304062	 0.999363203251132	 0.03078028154029934	 -0.004904987845247456	 0.017369609960339375	 -0.060949522763072195	 -0.2685425538566283	 -0.04341307352551428	 -0.8603515625	 0.772705078125	 -1.350830078125	 0.18751343	 -0.0135822315	 0.8194034	 -0.5415095	 0.52122414	 -4.295494	 6.3441677	Triplo salto in lungo	5	Petto
224	 3452320729	 0.9997114076054713	 -0.008457797290110688	 0.021559247623036324	 0.006384826576754876	 -0.07700678610086581	 -0.11732612470642181	 -0.07977541468573009	 -0.8427734375	 0.773681640625	 -1.347900390625	 0.1728012	 4.5789444E-4	 0.8287468	 -0.5322768	 1.4898033	 2.345612	 -0.53470325	Triplo salto in lungo	5	Petto
225	 3452337396	 0.9989710162792337	 -0.03410251557392116	 0.029891973870623735	 -6.300505402848101E-4	 -0.05246016878757082	 -0.1803142526718724	 -0.11968287107171843	 -0.836669921875	 0.77392578125	 -1.286376953125	 0.14716707	 0.0086515015	 0.85202354	 -0.5023179	 -1.0736547	 2.198684	 3.322465	Triplo salto in lungo	5	Petto
226	 3452354063	 0.999582598483498	 -0.0136701618207173	 0.025014912391269396	 0.004691443576405385	 -0.025594942908769854	 -0.14357419808069893	 -0.1447096103983369	 -0.83154296875	 0.773681640625	 -1.22021484375	 0.12786412	 0.021905968	 0.86296356	 -0.4883291	 -2.0234838	 3.3655298	 1.8721199	Triplo salto in lungo	5	Petto
227	 3452370730	 0.9994378225103205	 0.026732155776157736	 0.013458719613070604	 0.015109389457055035	 -0.005680393700561802	 -0.13182269881207967	 -0.14232224158891615	 -0.802001953125	 0.77197265625	 -1.279541015625	 0.122591436	 0.04363516	 0.8516519	 -0.5076975	 -2.6486912	 3.1170447	 1.0888033	Triplo salto in lungo	5	Petto
228	 3452387397	 0.9995982913130529	 0.022796365482448323	 0.01289263013393366	 0.010833365730245625	 -0.013422566911998123	 -0.19940980013401738	 -0.13326893383717253	 -0.7744140625	 0.766845703125	 -1.3310546875	 0.1157541	 0.06083949	 0.84172535	 -0.5238306	 -2.8938932	 1.2546879	 4.250742	Triplo salto in lungo	5	Petto
229	 3452404064	 0.9995831527819402	 0.022671384172678798	 0.013635306073475836	 0.011558868564605309	 0.0020717997503114705	 -0.14348386447066722	 -0.05594964679914944	 -0.74560546875	 0.7626953125	 -1.3779296875	 0.10860907	 0.07898098	 0.83128726	 -0.5393773	 -2.466082	 -0.8395045	 -0.94568634	Triplo salto in lungo	5	Petto
230	 3452420731	 0.9997171932151027	 0.012286939496645777	 0.01623637766225715	 0.012285957363238564	 0.013146584934984227	 -0.10228089431145904	 -0.03544655287428396	 -0.715576171875	 0.75537109375	 -1.4111328125	 0.10044214	 0.09795749	 0.8261423	 -0.5457151	 -2.4746594	 -0.55312055	 -3.7821832	Triplo salto in lungo	5	Petto
231	 3452437398	 0.9997789459959759	 0.001416003207581465	 0.017893672837655698	 0.010948541020173399	 0.013953408915734163	 -0.07983004084042818	 -0.03376404689914491	 -0.683837890625	 0.750244140625	 -1.41162109375	 0.09115858	 0.11560559	 0.82683194	 -0.54283947	 -2.215429	 0.0490467	 -5.0340643	Triplo salto in lungo	5	Petto
232	 3452454065	 0.9996934617094728	 -0.00803596460814833	 0.022126318278725122	 0.00767019736224922	 0.020984667169116084	 -0.06929024665103972	 -0.059089111228507504	 -0.655517578125	 0.75146484375	 -1.394287109375	 0.07757734	 0.13193408	 0.83297133	 -0.5317275	 -2.4972496	 1.7611213	 -5.111682	Triplo salto in lungo	5	Petto
233	 3452470732	 0.9996823982196097	 -0.0065178602249985895	 0.023847256764619892	 0.004891679954704743	 0.023739168523974435	 -0.046061208179996274	 -0.060954520824317696	 -0.641357421875	 0.747314453125	 -1.366943359375	 0.060771544	 0.14689195	 0.8382624	 -0.5215803	 -2.154142	 2.3925803	 -6.2513723	Triplo salto in lungo	5	Petto
234	 3452487399	 0.9997080963406215	 0.01131086104571459	 0.021164751114662	 0.0027999720837280084	 0.03244654598180479	 -0.01985698827627785	 -0.037492080251457206	 -0.626953125	 0.74462890625	 -1.3779296875	 0.0424645	 0.15963702	 0.83388853	 -0.5266336	 -2.1052682	 1.8617252	 -8.273327	Triplo salto in lungo	5	Petto
235	 3452504066	 0.999679351951625	 0.006521224990500812	 0.024348407267021883	 -0.0024128758280536626	 0.030586238996292595	 -0.0050059387504326775	 -0.035093029834759676	 -0.62158203125	 0.7431640625	 -1.385986328125	 0.019482924	 0.16940677	 0.8324844	 -0.5271543	 -1.6294531	 2.1596909	 -9.0546255	Triplo salto in lungo	5	Petto
236	 3452520733	 0.9997532000567133	 0.005751991719250185	 0.019582024812625696	 -0.008774843124568832	 0.01921076797519835	 -1.7859885730312636E-4	 -0.004710861245853332	 -0.626708984375	 0.743896484375	 -1.388427734375	 -0.002758675	 0.17122285	 0.83197457	 -0.5277252	 -1.0493573	 0.5437307	 -9.918095	Triplo salto in lungo	5	Petto
237	 3452537400	 0.9998683491089296	 0.002497070309684213	 0.014189585168485008	 -0.007463562339696529	 0.0020798488149965876	 0.026038601964080543	 4.0381500559645133E-4	 -0.643798828125	 0.74658203125	 -1.385498046875	 -0.019257966	 0.17121631	 0.8326196	 -0.5263641	 0.31369182	 0.61790204	 -11.2188015	Triplo salto in lungo	5	Petto
238	 3452554067	 0.9999554448505744	 0.00142993093600155	 0.007718080097369657	 0.005243553262684775	 -0.015006857785406346	 0.05586064223914627	 -0.010400292943317605	 -0.6416015625	 0.7470703125	 -1.385986328125	 -0.023487853	 0.17838565	 0.83161145	 -0.5254043	 1.8575239	 1.5765399	 -12.361714	Triplo salto in lungo	5	Petto
239	 3452570734	 0.9998078868407867	 0.00877582982234	 0.0045990263613255875	 0.01691221979569663	 -0.01239329310572181	 0.055465255133783045	 -0.03246477667489986	 -0.606689453125	 0.739990234375	 -1.401611328125	 -0.020280821	 0.19344054	 0.82456774	 -0.5312795	 2.029803	 2.7354112	 -11.767614	Triplo salto in lungo	5	Petto
240	 3452587401	 0.9997865671038821	 0.0064559508432802115	 0.01104167194021208	 0.01622413073506679	 0.001662169945166549	 0.002406267604137033	 -0.08978454623468482	 -0.569580078125	 0.728515625	 -1.417236328125	 -0.022265738	 0.21133886	 0.8184799	 -0.5337893	 1.2257829	 4.7641754	 -7.609768	Triplo salto in lungo	5	Petto
241	 3452604068	 0.9997873873300018	 1.7419390245762556E-4	 0.015287356406387398	 0.013836420289851771	 0.016831272099394858	 -0.041157793916234524	 -0.15450854385504886	 -0.534423828125	 0.72021484375	 -1.40966796875	 -0.02765485	 0.22960275	 0.81585556	 -0.52999806	 0.6989717	 7.53721	 -3.8334684	Triplo salto in lungo	5	Petto
242	 3452620735	 0.9995053995682366	 0.010573017615346417	 0.020046035380696024	 0.021801926473619726	 0.03277558699564223	 -0.06346952486784961	 -0.16556178659321463	 -0.492431640625	 0.70703125	 -1.410888671875	 -0.035060305	 0.2564172	 0.8052553	 -0.53346545	 -0.2227216	 7.9787445	 -2.5096993	Triplo salto in lungo	5	Petto
243	 3452637402	 0.9991737729735111	 -0.00227804963596856	 0.03733702811027629	 0.01589113663735481	 0.05197890677913065	 -0.21163803653813085	 -0.3217185296298093	 -0.4365234375	 0.689208984375	 -1.400390625	 -0.05621312	 0.28776923	 0.80142856	 -0.5212884	 -1.1210688	 13.803126	 8.943382	Triplo salto in lungo	5	Petto
244	 3452654069	 0.9988019983970007	 -0.006447539554216564	 0.04307092134885699	 0.02231351532177711	 -0.015632407813906457	 -0.3978039124283122	 -0.4760579252665675	 -0.40087890625	 0.684326171875	 -1.33837890625	 -0.07735708	 0.3268322	 0.79606396	 -0.503467	 2.298551	 15.456196	 23.983768	Triplo salto in lungo	5	Petto
245	 3452670736	 0.9960370861554797	 0.013910403614461303	 0.021995566266285405	 0.08504598014491772	 -0.15242453147486165	 -0.40258652866426686	 -0.288091880291917	 -0.265625	 0.611083984375	 -1.330810546875	 -0.056432888	 0.40196428	 0.7576838	 -0.51103383	 4.2499475	 0.71394664	 20.965641	Triplo salto in lungo	5	Petto
246	 3452687403	 0.9967577461467676	 0.06086477201824228	 -0.033222376157825285	 0.04081358531189799	 -0.16772599628889573	 -0.43024241011477754	 -0.05510336835040686	 -0.16162109375	 0.525146484375	 -1.44482421875	 -0.03463191	 0.40998772	 0.7109803	 -0.57027894	 -5.781142	 -8.36456	 16.1717	Triplo salto in lungo	5	Petto
247	 3452704070	 0.9996316051925338	 0.01964374795971749	 0.017636415203842962	 0.006303485151171296	 -0.2054079919147837	 -0.25171775620238535	 -0.013475161868732363	 -0.143798828125	 0.4912109375	 -1.51171875	 -0.05158263	 0.42257142	 0.69764787	 -0.5762469	 0.41163197	 -7.274136	 8.285728	Triplo salto in lungo	5	Petto
248	 3452720737	 0.9983968033347823	 -0.0205999209853448	 0.05257624013371832	 -0.003899399913723678	 -0.08154098219067228	 -0.16646535940131524	 0.01686154885022362	 -0.125	 0.497314453125	 -1.418701171875	 -0.08173631	 0.4494267	 0.708575	 -0.5378259	 -2.7154052	 -3.76012	 0.34558868	Triplo salto in lungo	5	Petto
249	 3452737404	 0.9971360278483318	 -0.04459642337751646	 0.05975932947362941	 -0.012638177465381874	 -0.050232989146981044	 -0.19876503229809178	 -0.09493310105895476	 -0.1298828125	 0.5185546875	 -1.265625	 -0.11077688	 0.4739585	 0.7323974	 -0.47611597	 -1.3656275	 1.5025342	 3.5903416	Triplo salto in lungo	5	Petto
250	 3452754071	 0.9991609611807561	 -0.021783151573857018	 0.03448826093817487	 -0.003664398629811272	 0.03288399294455008	 -0.16802220985887664	 -0.11941443774287194	 -0.1484375	 0.52783203125	 -1.143310546875	 -0.12762848	 0.48878086	 0.7410435	 -0.44233382	 -2.5794733	 4.8137145	 1.4579906	Triplo salto in lungo	5	Petto
251	 3452770738	 0.9996058357974212	 0.008779925795737081	 0.02021737863005985	 0.01738802875799456	 0.06245084378453906	 -0.06164794588351435	 -0.11794510083347476	 -0.129150390625	 0.5078125	 -1.12939453125	 -0.1393844	 0.50829685	 0.72683156	 -0.44036645	 0.28800473	 6.399918	 -3.7509456	Triplo salto in lungo	5	Petto
252	 3452787405	 0.9997499689227987	 0.003097402395122073	 0.0164156738250314	 0.014863760968741702	 0.005939724788842096	 -0.11151552283325523	 -0.11111316874958233	 -0.108642578125	 0.4892578125	 -1.11083984375	 -0.14648673	 0.5247274	 0.71655005	 -0.4356135	 0.054486647	 2.9766202	 -0.8409529	Triplo salto in lungo	5	Petto
253	 3452804072	 0.9997945101757364	 5.893505730263371E-4	 0.01390745035814217	 0.014736787740116665	 -0.03511025460837033	 -0.09631995388172906	 -0.08186992469121651	 -0.0888671875	 0.46630859375	 -1.08935546875	 -0.15047735	 0.54013205	 0.7074921	 -0.43019685	 0.5332701	 0.043280352	 -1.959579	Triplo salto in lungo	5	Petto
254	 3452820739	 0.9997913446769471	 -5.496429928401048E-4	 0.01585884923215575	 0.012863199550432747	 -0.05808695404643904	 -0.07880825477118414	 -0.07664799603166067	 -0.07763671875	 0.448974609375	 -1.066650390625	 -0.15598868	 0.55503833	 0.6993538	 -0.42249778	 1.4212942	 -1.2897965	 -2.6037688	Triplo salto in lungo	5	Petto
255	 3452837406	 0.9997294297910844	 -0.002254712504995815	 0.020517082304567228	 0.010725335184551267	 -0.06507390605632213	 -0.06340182095890458	 -0.0860286997169882	 -0.06787109375	 0.428955078125	 -1.034912109375	 -0.16465683	 0.5704617	 0.6920478	 -0.41052634	 2.4161265	 -1.4942648	 -2.8635597	Triplo salto in lungo	5	Petto
256	 3452854073	 0.999754377308358	 -3.556351262214985E-4	 0.01946662613815259	 0.010588155799367033	 -0.04671200881284629	 -0.05052170869321436	 -0.07629987372940694	 -0.060791015625	 0.411376953125	 -1.0	 -0.17368165	 0.5848205	 0.6838163	 -0.40026906	 2.039231	 -0.88943434	 -4.0638237	Triplo salto in lungo	5	Petto
257	 3452870740	 0.9997320663170356	 4.1942941427280944E-4	 0.021047549984864522	 0.009623943893814964	 -0.030106381470883146	 -0.039226778941961915	 -0.06700302944518968	 -0.05712890625	 0.3916015625	 -0.970947265625	 -0.1845523	 0.59876066	 0.6751919	 -0.38928452	 1.7496226	 -0.30290562	 -5.142844	Triplo salto in lungo	5	Petto
260	 3452920741	 0.9972419054453291	 0.00460351157538369	 0.06806175318098397	 0.029240168584934	 -0.03845918758391435	 -0.08389406925894859	 -0.1945119102486369	 -0.06201171875	 0.351318359375	 -0.8671875	 -0.22178255	 0.6402034	 0.64437985	 -0.35458001	 1.7727287	 0.63921434	 -5.352474	Triplo salto in lungo	5	Petto
261	 3452937408	 0.9996428521977088	 0.005149244977817491	 0.024284116305086867	 0.009896212481001533	 -0.009992322147015308	 -0.08609064931678702	 -0.09650133684514715	 -0.066162109375	 0.3359375	 -0.830810546875	 -0.23723333	 0.6531407	 0.631511	 -0.3439794	 0.88752323	 0.77217895	 -2.120212	Triplo salto in lungo	5	Petto
262	 3452954075	 0.9996699104635398	 0.005181082560793804	 0.02422172349986679	 0.006821627959107429	 0.005027359905785511	 -0.12575203968201626	 -0.12586648235141637	 -0.0771484375	 0.331298828125	 -0.80224609375	 -0.25356972	 0.663679	 0.6202094	 -0.33252573	 0.65450895	 1.9041699	 0.6756315	Triplo salto in lungo	5	Petto
263	 3452970742	 0.9997649599438132	 0.007903586055815426	 0.01940491071454126	 0.005568450068412168	 0.014809987110562778	 -0.1180574224934157	 -0.13391282744483576	 -0.089599609375	 0.32861328125	 -0.77978515625	 -0.26900646	 0.67078775	 0.60969746	 -0.32549772	 1.4461094	 2.204017	 0.6066885	Triplo salto in lungo	5	Petto
264	 3452987409	 0.9999074486401536	 0.007604600203035605	 0.010209316786675917	 0.0047993812559558036	 -0.014348106657323237	 -0.11424177381963449	 -0.13062003411929834	 -0.09765625	 0.32568359375	 -0.7705078125	 -0.2787848	 0.6742997	 0.60208523	 -0.3241798	 1.554388	 0.1845399	 0.5166197	Triplo salto in lungo	5	Petto
265	 3453004076	 0.9999861246262696	 0.0015112091855426502	 0.001180846052995177	 0.004906363656687952	 -0.055037731891233524	 -0.13070611181027336	 -0.14259704104882892	 -0.09375	 0.323486328125	 -0.7685546875	 -0.2789405	 0.6766115	 0.59881455	 -0.3252854	 1.4625685	 -2.2285624	 1.9554167	Triplo salto in lungo	5	Petto
266	 3453020743	 0.9999341783182181	 0.004624313372990907	 -0.005294670447439921	 0.009067591838607725	 -0.08876424641589252	 -0.1922637223822265	 -0.19574627396092595	 -0.08056640625	 0.31298828125	 -0.78076171875	 -0.27591938	 0.6784279	 0.59346426	 -0.3337733	 1.4813164	 -3.6887524	 7.0271816	Triplo salto in lungo	5	Petto
267	 3453037410	 0.9999499225833406	 0.009044400638740235	 8.913528703491381E-4	 0.004190063569625675	 -0.10575912144515767	 -0.28905833632288896	 -0.2013544916914304	 -0.068603515625	 0.31201171875	 -0.794189453125	 -0.28113422	 0.67817426	 0.5881435	 -0.33930972	 -1.7817273	 -3.5609782	 11.892889	Triplo salto in lungo	5	Petto
268	 3453054077	 0.9998816703411288	 0.00977200978406223	 0.011880588671406846	 6.894516046129784E-5	 -0.05175056798103643	 -0.24609908211864498	 -0.12500115373278664	 -0.07861328125	 0.31982421875	 -0.7890625	 -0.29464573	 0.67894346	 0.582146	 -0.3366394	 -3.260198	 -0.74739784	 6.701832	Triplo salto in lungo	5	Petto
269	 3453070744	 0.9998533448103618	 0.009725893351228088	 0.013956900107830794	 0.001975046691198274	 7.180595446187182E-4	 -0.16357833974722766	 -0.04794277533782018	 -0.087158203125	 0.32666015625	 -0.78369140625	 -0.30861548	 0.6813664	 0.57408506	 -0.3330511	 -3.5037596	 1.456769	 -0.31530952	Triplo salto in lungo	5	Petto
270	 3453087411	 0.9998565699222046	 0.0057524421719098995	 0.015118245663826082	 0.00501872897359508	 0.01930160428233279	 -0.1510843773847014	 -0.03912929704008096	 -0.09619140625	 0.327392578125	 -0.766845703125	 -0.31946048	 0.6869777	 0.5647174	 -0.32726339	 -3.1944137	 2.3992677	 -1.2649384	Triplo salto in lungo	5	Petto
271	 3453104078	 0.9998669216225609	 0.0032168460346487793	 0.01477343060978792	 0.006126719728436773	 0.011002254098557304	 -0.15476847142798134	 -0.045899114190222905	 -0.10400390625	 0.31982421875	 -0.7490234375	 -0.32791853	 0.69370884	 0.5553929	 -0.32058802	 -2.9340534	 1.9092231	 -0.75703335	Triplo salto in lungo	5	Petto
272	 3453120745	 0.9998702433943838	 0.005058064793346917	 0.013456753789917677	 0.007268296391843121	 -5.113175902086986E-4	 -0.1683854089041692	 -0.06909835956094144	 -0.107177734375	 0.31494140625	 -0.735107421875	 -0.33648422	 0.6998859	 0.54495686	 -0.31616533	 -2.3080556	 1.2389587	 0.78828335	Triplo salto in lungo	5	Petto
273	 3453137412	 0.9998431794844884	 0.007787083103971859	 0.012309574506593701	 0.010072345831411438	 -0.004757020601242931	 -0.1672940651967923	 -0.07380212635660884	 -0.108642578125	 0.306640625	 -0.720458984375	 -0.34535173	 0.7061276	 0.5319232	 -0.31491947	 -1.9925514	 0.9472345	 0.93840027	Triplo salto in lungo	5	Petto
274	 3453154079	 0.9998687439821974	 0.004276313856244718	 0.011436650777066239	 0.010649458496528263	 -0.012695083166689047	 -0.17376441352276797	 -0.0789640148852504	 -0.110595703125	 0.297607421875	 -0.713623046875	 -0.35098583	 0.71342355	 0.5197472	 -0.3125687	 -1.8898805	 0.5600841	 1.4928255	Triplo salto in lungo	5	Petto
275	 3453170746	 0.9998900107545454	 -2.7064734132747903E-4	 0.009959098849814664	 0.010986787218808166	 -0.01713398338766635	 -0.15378768475767213	 -0.08117726276846376	 -0.110107421875	 0.2822265625	 -0.698486328125	 -0.35242328	 0.72189116	 0.50912815	 -0.3089657	 -1.1350291	 0.10989685	 0.6102209	Triplo salto in lungo	5	Petto
276	 3453187413	 0.9999028023372502	 0.0010233631404692467	 0.009612584061620024	 0.010046732486482746	 -0.020717549019557413	 -0.12035528221168754	 -0.07656471484125546	 -0.108154296875	 0.266845703125	 -0.685791015625	 -0.35483256	 0.72919285	 0.49880055	 -0.3058917	 -0.39255524	 -0.40324107	 -1.1831207	Triplo salto in lungo	5	Petto
277	 3453204080	 0.9999245041152378	 0.0027179345978848857	 0.0077502659625270365	 0.009139599494906366	 -0.020167272962375707	 -0.10413695690750946	 -0.0696042402125169	 -0.106201171875	 0.253662109375	 -0.67822265625	 -0.3577598	 0.7347785	 0.48917648	 -0.304656	 -0.22275056	 -0.47213212	 -2.2188754	Triplo salto in lungo	5	Petto
278	 3453220747	 0.9999551697650104	 8.970169626928981E-4	 0.005091083504182915	 0.007933138694820346	 -0.01760108671308796	 -0.10718173290227082	 -0.06436940434695176	 -0.1044921875	 0.24658203125	 -0.66650390625	 -0.3583586	 0.7395472	 0.48188797	 -0.30402848	 -0.48963004	 -0.17080681	 -2.2546768	Triplo salto in lungo	5	Petto
279	 3453237414	 0.9999660174888609	 3.8635731115371774E-4	 0.003186009230052689	 0.007593677678259491	 -0.014052271392649945	 -0.10921052368541252	 -0.06757985178374092	 -0.098388671875	 0.236328125	 -0.66259765625	 -0.35772946	 0.74372536	 0.4756383	 -0.3044189	 -0.31033367	 0.07257958	 -2.0676007	Triplo salto in lungo	5	Petto
280	 3453254081	 0.9999580684417274	 0.0024303221993163815	 0.003431868352736012	 0.00813493527365989	 -0.010465795419364071	 -0.1089995299894792	 -0.06882806512206621	 -0.095703125	 0.225830078125	 -0.660888671875	 -0.35853353	 0.74746954	 0.46823752	 -0.30577284	 -0.15055934	 0.3166309	 -2.060686	Triplo salto in lungo	5	Petto
281	 3453270748	 0.9999496552162149	 0.004064820837200556	 0.0038561883006889286	 0.008324306356932024	 -0.009707269175940163	 -0.11941356905578096	 -0.053173179820933475	 -0.08837890625	 0.21728515625	 -0.6591796875	 -0.36065507	 0.75080085	 0.45999646	 -0.3076192	 -1.1302643	 0.83932465	 -2.0756688	Triplo salto in lungo	5	Petto
282	 3453287415	 0.9999489218216373	 0.004492575708736735	 0.004221889765094766	 0.008009129669167558	 -0.007701937341701819	 -0.13350883993713744	 -0.0437470327381108	 -0.088623046875	 0.208740234375	 -0.6591796875	 -0.36331612	 0.75388736	 0.45168307	 -0.3092541	 -1.8512384	 1.4242104	 -1.6999893	Triplo salto in lungo	5	Petto
