2	 3207027263	 0.9999486001017439	 0.0018727001650129665	 0.009778913142972178	 0.0019138982200855859	 -0.024203943998863796	 -0.11196537951227527	 -0.12269434111345384	 -1.005615234375	 0.350830078125	 -0.52099609375	 0.07822462	 0.6431956	 -0.761346	 -0.0230837	 7.8843336	 0.6390776	 -3.5793118	Triplo salto in lungo	2	Petto
3	 3207043930	 0.9999303125467353	 0.008578111986127332	 0.005793232646665592	 0.005676662791063104	 -0.042834855443964766	 -0.1536838046911884	 -0.10287620710341298	 -1.010986328125	 0.36376953125	 -0.5302734375	 0.06259316	 0.6298652	 -0.7741748	 -0.0023670811	 10.183639	 1.0776981	 -4.825665	Triplo salto in lungo	2	Petto
4	 3207060597	 0.9999082883680033	 0.0050537995723494294	 0.006015396440713112	 0.011031272298051287	 -0.08258805768656108	 -0.20188432311406063	 -0.1569450954040474	 -1.00390625	 0.371337890625	 -0.540771484375	 0.045279704	 0.6087025	 -0.7919007	 0.018018559	 13.446575	 2.5796206	 -1.2993765	Triplo salto in lungo	2	Petto
5	 3207077264	 0.9998608446422799	 8.734486573055145E-4	 0.008089708987346178	 0.014563140017516686	 -0.07187793407779236	 -0.17931258832819721	 -0.24049648480190028	 -1.00244140625	 0.380615234375	 -0.550537109375	 0.025569737	 0.58017933	 -0.81322813	 0.037396275	 11.476324	 1.9925487	 4.5706587	Triplo salto in lungo	2	Petto
6	 3207093931	 0.9986638983590311	 -0.047678390217742866	 -0.015387844064917612	 0.012665049373020876	 -0.0037160145587354504	 -0.024112794401075888	 -0.3365284992305982	 -0.965087890625	 0.34228515625	 -0.50244140625	 0.015567836	 0.55353624	 -0.8326784	 0.0015102025	 0.3600845	 1.3752551	 10.381512	Triplo salto in lungo	2	Petto
7	 3207110598	 0.9963710522978075	 -0.07859906697007712	 0.012885138947109827	 0.030014763179252228	 -0.04821110896324013	 0.16347817032805606	 -0.282226771789717	 -0.939208984375	 0.2333984375	 -0.408447265625	 0.059134636	 0.52084017	 -0.8498785	 -0.05417914	 -7.7759495	 6.775434	 7.0669537	Triplo salto in lungo	2	Petto
8	 3207127265	 0.9941515562523432	 -0.08106111945984201	 0.06820525593540593	 0.020971913974338174	 -0.10245086491307098	 -0.06874533539486397	 -0.2279861705200866	 -0.997314453125	 0.11083984375	 -0.352294921875	 0.16120954	 0.50631326	 -0.8416218	 -0.09659872	 8.653769	 3.0776973	 2.7395678	Triplo salto in lungo	2	Petto
10	 3207160599	 0.977561850631343	 -0.1576280273743348	 0.13810519690691028	 0.021288207148634275	 -0.1729049343024073	 -0.3212157299883849	 -0.3614562725508736	 -1.251953125	 -0.170654296875	 -0.34033203125	 0.32647714	 0.46078834	 -0.8104882	 -0.15555044	 14.284883	 -0.21920943	 -6.540529	Triplo salto in lungo	2	Petto
12	 3207193933	 0.9906898768774683	 -0.10642832812110425	 0.08483434304276628	 0.0031165792714594742	 -0.08665920607888897	 -0.008294972386267523	 -0.456014717284429	 -1.411865234375	 -0.3603515625	 -0.41748046875	 0.39644757	 0.4181294	 -0.7934275	 -0.19613923	 10.104908	 2.8341146	 0.6868334	Triplo salto in lungo	2	Petto
14	 3207227267	 0.9977277827594986	 -0.05442552948941254	 0.03967757147351459	 0.0016803486472191098	 0.038270877436731965	 0.0847713430138793	 -0.4542169150868113	 -1.482177734375	 -0.451171875	 -0.480224609375	 0.40742004	 0.39296174	 -0.79401207	 -0.2216645	 8.748431	 -0.6967953	 1.4774141	Triplo salto in lungo	2	Petto
15	 3207243934	 0.9998904939434843	 -0.011965063062882475	 0.008706602065350401	 -1.8018832390173658E-4	 0.06478483552116172	 0.06161471471886339	 -0.2625645026118779	 -1.5009765625	 -0.47412109375	 -0.498291015625	 0.39941278	 0.38482183	 -0.80064446	 -0.22660643	 9.3181715	 -1.7269201	 3.867196	Triplo salto in lungo	2	Petto
17	 3207277268	 0.99999501937555	 -0.003017819729755733	 5.23729290946906E-4	 -7.613775684787994E-4	 0.1343408622376094	 0.18171597503451414	 -0.5806074839158507	 -1.504150390625	 -0.487060546875	 -0.501220703125	 0.36227387	 0.3706013	 -0.8255752	 -0.2232451	 8.856961	 -1.2789184	 7.0603886	Triplo salto in lungo	2	Petto
19	 3207310602	 0.9998554785536056	 0.013607031616891918	 -0.009159917969672473	 -0.0044684001282532535	 0.15618280057195102	 0.2503150249562942	 -0.5804327421048303	 -1.4951171875	 -0.480712890625	 -0.486083984375	 0.31170645	 0.36170948	 -0.85357374	 -0.20836934	 5.792182	 -0.26756033	 8.805151	Triplo salto in lungo	2	Petto
21	 3207343936	 0.9988406848504046	 0.03720198952175796	 -0.029454763093289982	 -0.008106490875584517	 0.19299356871098428	 0.2951645773759676	 -0.4961665979028538	 -1.4560546875	 -0.442138671875	 -0.437744140625	 0.24069048	 0.36005855	 -0.8830572	 -0.18065521	 0.5234137	 -0.656139	 7.637171	Triplo salto in lungo	2	Petto
22	 3207360603	 0.9992582957188372	 0.030984006054361912	 -0.022119359300558143	 -0.0057951488368276904	 0.07205839118863505	 0.11040864803652428	 -0.18691286487554676	 -1.42138671875	 -0.401123046875	 -0.403076171875	 0.19803065	 0.36313742	 -0.89652514	 -0.15861256	 -0.4236923	 -0.24323206	 3.9026852	Triplo salto in lungo	2	Petto
24	 3207393937	 0.9956498485672977	 0.07504151724614841	 -0.05503634813779413	 -0.004598926066898379	 0.06398982486580262	 0.10920136368667469	 -0.251534332173604	 -1.331787109375	 -0.28564453125	 -0.342041015625	 0.10603497	 0.3641017	 -0.91934365	 -0.10485321	 0.98935705	 0.06661219	 -1.949966	Triplo salto in lungo	2	Petto
26	 3207427271	 0.9945187817297618	 0.08736893166543189	 -0.057059824824760304	 -0.006575633608947862	 0.03589805527480694	 0.13561951125422117	 -0.4820662980021253	 -1.23046875	 -0.139404296875	 -0.308837890625	 0.011123876	 0.365722	 -0.92979056	 -0.04016576	 -0.7404176	 0.45894983	 7.2507153	Triplo salto in lungo	2	Petto
28	 3207460605	 0.9951964564858264	 0.07532833281127349	 -0.06252660436690878	 2.8110544783005453E-4	 -0.052890071630821545	 -0.06690341696213516	 -0.5919068480254276	 -1.114990234375	 0.00537109375	 -0.30078125	 -0.08045528	 0.35823676	 -0.93009305	 0.010977474	 6.5461087	 -2.232882	 8.498028	Triplo salto in lungo	2	Petto
30	 3207493939	 0.996922690663108	 0.056246155930487124	 -0.05450798489752704	 0.003224649823372283	 -0.23688527493205647	 -0.34469129268044313	 -0.7631702054715442	 -1.008056640625	 0.1181640625	 -0.32666015625	 -0.15964678	 0.34307677	 -0.9241823	 0.051946554	 8.7312155	 -4.227767	 17.294596	Triplo salto in lungo	2	Petto
32	 3207527273	 0.9950548269258059	 0.07839474172398331	 -0.05988023470139068	 -0.011597990075475295	 -0.5011993083651364	 -0.6169348578912774	 -0.8229005993402211	 -0.917724609375	 0.2451171875	 -0.383056640625	 -0.25275317	 0.33001122	 -0.9013248	 0.121747285	 14.58563	 -4.467976	 22.05437	Triplo salto in lungo	2	Petto
33	 3207543940	 0.9965211412237155	 0.06733935587657527	 -0.04648268570710962	 -0.015823595475292166	 -0.3578800696431237	 -0.3623966591150718	 -0.2923229017445392	 -0.864501953125	 0.346923828125	 -0.464111328125	 -0.32182863	 0.3226648	 -0.87127906	 0.18217242	 15.426828	 -1.3472842	 21.836397	Triplo salto in lungo	2	Petto
35	 3207577274	 0.9945903877513685	 0.08516550324355107	 -0.056952220642344904	 -0.017124316446524238	 -0.35477056092529896	 -0.2785570926683152	 -0.5421353680106138	 -0.80908203125	 0.4814453125	 -0.59912109375	 -0.4099103	 0.29740316	 -0.8201773	 0.2661477	 -6.980953	 3.1811123	 6.540373	Triplo salto in lungo	2	Petto
37	 3207610608	 0.9943369011669635	 0.08444719812135411	 -0.04906683782342112	 -0.04189562188514723	 0.08865876269188974	 0.12943559686843997	 -0.18773292313766712	 -0.814453125	 0.584716796875	 -0.749267578125	 -0.47006387	 0.2942603	 -0.754722	 0.35049355	 -9.963303	 2.7959583	 -17.847507	Triplo salto in lungo	2	Petto
38	 3207627275	 0.9992128881126411	 0.02550103972959039	 -0.019162452481916673	 -0.023581806910897007	 0.16187244750917415	 0.2669209228068213	 -0.18604093994568321	 -0.847900390625	 0.616455078125	 -0.809814453125	 -0.48541248	 0.30268872	 -0.7276812	 0.37846357	 -15.637327	 4.683733	 -24.267632	Triplo salto in lungo	2	Petto
39	 3207643942	 0.9999292330127444	 4.427985731087769E-4	 -0.011058613946217698	 -0.004363479524064185	 0.10149201461346544	 0.3982641344903475	 -0.28165434275416246	 -0.85791015625	 0.625732421875	 -0.822509765625	 -0.492328	 0.30913243	 -0.7206202	 0.37783208	 -19.63963	 12.10475	 -28.823248	Triplo salto in lungo	2	Petto
41	 3207677276	 0.9999837435320398	 -0.004835222278771062	 0.0019183563594629693	 -0.0023352100634809196	 0.07515352940413533	 0.18502482941829984	 -0.28419756646036026	 -0.863525390625	 0.616455078125	 -0.80859375	 -0.48797813	 0.31445807	 -0.72396994	 0.37264097	 -4.560529	 -1.3737025	 -8.861425	Triplo salto in lungo	2	Petto
42	 3207693943	 0.9999833162228476	 0.00355880239431966	 0.003930939862060141	 -0.002291268922541445	 0.058818619613083795	 -0.014460867435757174	 -0.12023206670471016	 -0.87744140625	 0.620361328125	 -0.819580078125	 -0.48509192	 0.31347013	 -0.7240447	 0.37707025	 -7.8536177	 -1.684187	 -8.958957	Triplo salto in lungo	2	Petto
43	 3207710610	 0.9999981876712617	 -0.0011147414168470038	 3.3777947880089815E-4	 -0.0015059584287904772	 0.06576992507613194	 0.04710050718268369	 -0.21193215472679666	 -0.880126953125	 0.62255859375	 -0.819091796875	 -0.4836144	 0.31543267	 -0.7242504	 0.37693653	 -13.504036	 1.2861277	 -10.92181	Triplo salto in lungo	2	Petto
44	 3207727277	 0.9999792108728798	 -0.0058042154822441905	 0.0019492925157285903	 -0.002022167989170043	 0.013259915919145783	 0.06836696284601476	 -0.10616437333141229	 -0.88720703125	 0.61962890625	 -0.810791015625	 -0.4792556	 0.3194665	 -0.72682667	 0.37413713	 -6.6284494	 2.989572	 -12.083208	Triplo salto in lungo	2	Petto
45	 3207743944	 0.9999320859949341	 -0.010363517278320272	 0.005319091174195267	 -3.5801748878938616E-4	 0.0012821658708676814	 0.08476262662210517	 -0.021075212896879084	 -0.895751953125	 0.611328125	 -0.794677734375	 -0.4716539	 0.3230507	 -0.73314846	 0.36834005	 -1.7557076	 2.859266	 -13.839175	Triplo salto in lungo	2	Petto
46	 3207760611	 0.9998835121550299	 -0.01440633082041999	 0.004730899197783981	 0.0017430850796992248	 0.018628254267451617	 0.09048093412241227	 -0.036895965153902574	 -0.900390625	 0.600830078125	 -0.76904296875	 -0.4639503	 0.32700607	 -0.7411757	 0.35843572	 -3.136456	 2.4228554	 -14.275313	Triplo salto in lungo	2	Petto
47	 3207777278	 0.9998514353972121	 -0.016051477910155543	 0.005245911547939728	 0.003455083655374614	 0.0075942376773270575	 0.06589081151016628	 -0.043981785567601725	 -0.898681640625	 0.586669921875	 -0.741943359375	 -0.45584616	 0.33013552	 -0.7503729	 0.3466345	 -3.2011395	 2.317454	 -12.492028	Triplo salto in lungo	2	Petto
48	 3207793945	 0.9997808568492463	 -0.01904955559417855	 0.006497654855355446	 0.0057561437466180365	 0.010156607662308234	 0.04950140704522069	 -0.0133679318213448	 -0.8984375	 0.568115234375	 -0.710693359375	 -0.44645253	 0.3323202	 -0.76165545	 0.33185026	 -1.4911511	 1.2890059	 -12.252842	Triplo salto in lungo	2	Petto
49	 3207810612	 0.999807447769425	 -0.017324511948353355	 0.006419006712096109	 0.00661248995236008	 0.058480035588835515	 0.06727710820131978	 0.001801049922467124	 -0.89599609375	 0.5537109375	 -0.677978515625	 -0.43780905	 0.33294094	 -0.772284	 0.31788534	 -2.085701	 -0.58430874	 -14.703781	Triplo salto in lungo	2	Petto
50	 3207827279	 0.9998279942444174	 -0.015870617202001724	 0.0077378678388290165	 0.00567722080966182	 0.08883534616597602	 0.06608976097487886	 0.07111834357843996	 -0.8955078125	 0.53857421875	 -0.65087890625	 -0.4281563	 0.3330871	 -0.7824299	 0.30584157	 0.74967384	 -2.789438	 -17.160969	Triplo salto in lungo	2	Petto
51	 3207843946	 0.9997689623481779	 -0.01721340658863224	 0.010049362050538692	 0.008045550400018699	 0.05131644558164299	 0.04106998092400405	 0.12529360938711118	 -0.896484375	 0.518798828125	 -0.6201171875	 -0.41681096	 0.33108976	 -0.79442173	 0.29247668	 4.6637554	 -2.4037807	 -16.486267	Triplo salto in lungo	2	Petto
52	 3207860613	 0.9998063970292486	 -0.014743027597906189	 0.01017717830821538	 0.008138589455364609	 -0.003243332159277009	 -0.04007568794792726	 0.11884783302254465	 -0.896484375	 0.50146484375	 -0.596923828125	 -0.40607765	 0.3277052	 -0.80542576	 0.2810695	 6.8678727	 -2.657219	 -11.372589	Triplo salto in lungo	2	Petto
53	 3207877280	 0.9998443580231999	 -0.013595096473313806	 0.010345036164147406	 0.0044060535424499956	 -0.041222924138020624	 -0.07784878291414826	 0.062379084802459774	 -0.90234375	 0.484130859375	 -0.5732421875	 -0.39446312	 0.32663137	 -0.81464654	 0.27214357	 5.663872	 -1.7539219	 -7.206889	Triplo salto in lungo	2	Petto
54	 3207893947	 0.9998888669814018	 -0.008488785540772356	 0.0120238910235128	 0.0023707069296113326	 -0.0393490941394023	 -0.07308098782351179	 0.047435336147443836	 -0.911865234375	 0.47509765625	 -0.560302734375	 -0.3825247	 0.32460588	 -0.82225955	 0.26869234	 4.848989	 -1.5625838	 -7.178461	Triplo salto in lungo	2	Petto
55	 3207910614	 0.9998243486699132	 -0.014130377799753	 0.011877396177708945	 0.003245256547295017	 -0.013574026974933604	 -0.0540498000037617	 0.07387383659980756	 -0.923828125	 0.45947265625	 -0.541748046875	 -0.3690211	 0.32394475	 -0.8313868	 0.26015294	 5.031637	 -2.344646	 -9.696609	Triplo salto in lungo	2	Petto
56	 3207927281	 0.9998380539976716	 -0.017240321767820754	 0.001791667136139902	 0.004840145903232562	 -0.05812934686043874	 -0.09428643517981325	 0.035303769482297555	 -0.924072265625	 0.43994140625	 -0.51513671875	 -0.36320543	 0.32561672	 -0.8378423	 0.24510436	 5.422284	 -1.5614051	 -5.712452	Triplo salto in lungo	2	Petto
57	 3207943948	 0.9998446102280706	 -0.015583555209177882	 -0.007509971140846172	 0.0033924236739883433	 -0.1495288357775411	 -0.14479660001882028	 -0.05743458609444192	 -0.90966796875	 0.41455078125	 -0.48681640625	 -0.36527422	 0.33004758	 -0.8397948	 0.22888492	 5.241561	 1.2953099	 1.9637747	Triplo salto in lungo	2	Petto
58	 3207960615	 0.9995092084535282	 -0.03121654207460965	 -0.002015353806802123	 0.001675728659168152	 -0.22688296409365225	 -0.1534174482119567	 -0.1003064096563846	 -0.904052734375	 0.37841796875	 -0.44970703125	 -0.35698518	 0.34015712	 -0.84624696	 0.20179453	 5.9657903	 4.4531612	 6.02528	Triplo salto in lungo	2	Petto
59	 3207977282	 0.9998386922419784	 -0.014645273524419494	 0.007353712345250688	 0.007350399580205614	 -0.16501694017926002	 -0.06094716543282033	 -0.03916381104784977	 -0.90576171875	 0.34130859375	 -0.419921875	 -0.34738705	 0.33742988	 -0.85409856	 0.18968225	 4.9158063	 4.846292	 -1.4904413	Triplo salto in lungo	2	Petto
60	 3207993949	 0.9999866692918941	 0.0020841771716135216	 -8.910976742133593E-4	 0.00463933065823291	 -0.05389968116264621	 -0.09629333985916955	 0.07666105763162256	 -0.8974609375	 0.33984375	 -0.41357421875	 -0.3499293	 0.33268628	 -0.85486746	 0.18992478	 7.6039624	 -2.1644847	 -8.2357025	Triplo salto in lungo	2	Petto
61	 3208010616	 0.9997521327555522	 0.017344224374798656	 -0.012650493942643087	 -0.005900502908093853	 -0.010264545078074675	 -0.17945503235625226	 0.09844584028172566	 -0.888671875	 0.36328125	 -0.43115234375	 -0.36550897	 0.33373207	 -0.84486914	 0.20303367	 9.302414	 -7.715029	 -7.5467186	Triplo salto in lungo	2	Petto
62	 3208027283	 0.9997385657129432	 0.015600092622919504	 -0.0137844776394222	 -0.009456506362915729	 0.033631094237197755	 -0.05730023360970338	 -0.08453556697315039	 -0.87353515625	 0.39111328125	 -0.454345703125	 -0.3805238	 0.33842754	 -0.8331577	 0.21567808	 -3.4231617	 -3.3226967	 -5.47094	Triplo salto in lungo	2	Petto
63	 3208043950	 0.999911411994256	 -0.013282525217036517	 3.3396258461443345E-4	 7.944535883676053E-4	 0.13001271811438317	 0.2781695700157207	 -0.29685965151920835	 -0.872314453125	 0.382568359375	 -0.44384765625	 -0.37594813	 0.34256503	 -0.83623797	 0.20498456	 -24.322145	 7.438098	 -12.934221	Triplo salto in lungo	2	Petto
64	 3208060617	 0.9993523121108461	 -0.03268894215149298	 0.009739083445836712	 0.01146907116367707	 0.1004239300617323	 0.30384341637824847	 -0.4349387025022313	 -0.866943359375	 0.340087890625	 -0.404296875	 -0.3585107	 0.34329522	 -0.849947	 0.17666152	 -30.627655	 10.226269	 -7.1587925	Triplo salto in lungo	2	Petto
65	 3208077284	 0.99391979000416	 -0.09993354306317864	 0.04330239419392587	 0.016175310383430234	 -0.05103104073267948	 -0.1585009312347411	 -0.5463561692867065	 -0.90478515625	 0.20751953125	 -0.310546875	 -0.28754953	 0.3562406	 -0.8834724	 0.09942202	 -18.00829	 -2.773753	 19.211418	Triplo salto in lungo	2	Petto
66	 3208093951	 0.992457247545985	 -0.10522850708756307	 0.06169476777280845	 0.01222001305356546	 -0.13001458418385467	 -0.06611702884772865	 -0.37161075771616625	 -1.00537109375	 -0.022216796875	 -0.219482421875	 -0.19387604	 0.367562	 -0.90925086	 0.0239444	 -6.072535	 1.8063926	 13.286011	Triplo salto in lungo	2	Petto
67	 3208110618	 0.9989861157053521	 -0.017871601295050443	 0.04122988910789186	 -0.002728138419193005	 -0.1586658984925322	 -0.05386744105537265	 -0.30742808701835816	 -1.11474609375	 -0.091064453125	 -0.215576171875	 -0.14892893	 0.37295786	 -0.91552544	 0.023156835	 1.5593646	 2.2690592	 11.013584	Triplo salto in lungo	2	Petto
68	 3208127285	 0.9998725831755713	 0.004536028610646309	 0.014857880825316973	 -0.0036722248888435005	 0.05156389015274872	 0.1383866187920663	 -0.1781925210540139	 -1.145263671875	 -0.092529296875	 -0.22412109375	 -0.1364787	 0.37585554	 -0.9159681	 0.033298556	 -10.8064165	 3.093837	 -1.6595907	Triplo salto in lungo	2	Petto
69	 3208143952	 0.999831092643915	 -0.0036244540250202073	 0.017604170189837953	 -0.0038396233438581233	 0.02301853560708092	 0.15217544843639433	 -0.31451458337325044	 -1.18212890625	 -0.09375	 -0.232421875	 -0.11838072	 0.37980705	 -0.91671383	 0.036995493	 -12.323643	 4.755231	 6.523142	Triplo salto in lungo	2	Petto
70	 3208160619	 0.9997617716500738	 -0.010745579755178591	 0.018939862089248753	 -0.0014879808033245179	 -0.0037141180172761135	 0.1625928754320463	 -0.3680700723547746	 -1.21826171875	 -0.121826171875	 -0.2509765625	 -0.09638492	 0.3822666	 -0.91836935	 0.034354016	 -11.958558	 6.554361	 10.111565	Triplo salto in lungo	2	Petto
71	 3208177286	 0.9997388015697208	 -0.01646390362195488	 0.01584616607187001	 4.0930952608075893E-4	 0.06478326414611377	 0.15283959022458798	 -0.4119717331285847	 -1.249267578125	 -0.140625	 -0.25048828125	 -0.07507414	 0.3834675	 -0.92015713	 0.02505792	 -14.062185	 3.4153876	 12.564817	Triplo salto in lungo	2	Petto
72	 3208193953	 0.9995543046336179	 -0.023887732146426754	 0.017697372149744293	 0.0027150249167096074	 0.1626635512429946	 0.23113875169552694	 -0.3956343711846564	 -1.28271484375	 -0.18408203125	 -0.261962890625	 -0.049176075	 0.38280976	 -0.92246896	 0.009479271	 -20.229492	 2.5281148	 11.053999	Triplo salto in lungo	2	Petto
73	 3208210620	 0.9996111490145488	 -0.022430879892062494	 0.016178495086959982	 0.003558467338951155	 0.15145584196654668	 0.2262240928666775	 -0.44977177709993654	 -1.312255859375	 -0.223388671875	 -0.274169921875	 -0.025084358	 0.38106772	 -0.92419136	 -0.0053756908	 -18.567644	 2.574472	 15.558065	Triplo salto in lungo	2	Petto
74	 3208227287	 0.9995699619009534	 -0.023414416265950755	 0.017357745786619864	 0.0032194778238720523	 0.05710462894577614	 0.14994474396804	 -0.4303530363417106	 -1.347900390625	 -0.263427734375	 -0.2841796875	 5.6116394E-4	 0.3793899	 -0.92500657	 -0.020647487	 -9.826124	 3.1908553	 15.733192	Triplo salto in lungo	2	Petto
75	 3208243954	 0.9995469257598046	 -0.024624030323113055	 0.01717364831257676	 0.002160124627440641	 0.046337034530481686	 0.13913272682206407	 -0.421934799304607	 -1.38134765625	 -0.306640625	 -0.2998046875	 0.02641906	 0.37827995	 -0.9245734	 -0.037022408	 -7.3882647	 3.0068643	 15.774208	Triplo salto in lungo	2	Petto
76	 3208260621	 0.9997409779744033	 -0.0160245612672833	 0.016059128243663904	 0.0018151570257753935	 0.09649519794439095	 0.15874608170433593	 -0.46444786409107586	 -1.413330078125	 -0.336181640625	 -0.31884765625	 0.047896907	 0.37734622	 -0.92369884	 -0.04578788	 -8.595888	 1.335168	 18.911802	Triplo salto in lungo	2	Petto
77	 3208277288	 0.9998970197649302	 -0.007937603258149684	 0.011953003139243301	 2.6464255167357736E-4	 0.0238351352710921	 0.11901626108276897	 -0.45912174371365466	 -1.444580078125	 -0.34814453125	 -0.33740234375	 0.062411785	 0.37784302	 -0.92248255	 -0.04863685	 -2.5484898	 2.7278326	 18.435167	Triplo salto in lungo	2	Petto
78	 3208293955	 0.9999307200866123	 -0.011723599953926356	 5.547705538233584E-4	 8.969173995772572E-4	 -0.041618631056205765	 0.06882823502453707	 -0.4243939700561854	 -1.448974609375	 -0.36376953125	 -0.331787109375	 0.06776516	 0.3768216	 -0.92190564	 -0.059194107	 2.7945778	 3.6014183	 15.69945	Triplo salto in lungo	2	Petto
79	 3208310622	 0.9997211679524934	 -0.022972070624657837	 -0.00536954632206102	 0.0010189657567430401	 -0.01566980968356438	 0.06142237759932829	 -0.3624055443226339	 -1.4453125	 -0.39501953125	 -0.33935546875	 0.071747296	 0.37434274	 -0.92084163	 -0.08228529	 1.829716	 2.007175	 12.093613	Triplo salto in lungo	2	Petto
80	 3208327289	 0.9998093697818655	 -0.014820415087752947	 -0.012699797429952699	 5.427137863422971E-4	 0.03368261830640329	 0.0784449106831038	 -0.3334498282521605	 -1.432861328125	 -0.423583984375	 -0.325927734375	 0.06577718	 0.3720292	 -0.9204093	 -0.1005712	 -0.73885584	 -0.057664163	 10.825836	Triplo salto in lungo	2	Petto
81	 3208343956	 0.9996435958953891	 0.01418962120209688	 -0.02258237429565807	 -0.0011714122450223743	 0.06497842087975422	 0.06377143579485267	 -0.3132256278435964	 -1.400634765625	 -0.415283203125	 -0.301513671875	 0.039688684	 0.37196854	 -0.9224297	 -0.09585486	 -1.6645422	 -2.59611	 9.5138035	Triplo salto in lungo	2	Petto
82	 3208360623	 0.9986484117753598	 0.04144837201800894	 -0.03135300648171397	 -6.091799124460229E-4	 0.06751697225162527	 0.05956515362419856	 -0.2937288480817334	 -1.34912109375	 -0.352783203125	 -0.270263671875	 -0.0046442025	 0.37096125	 -0.9260681	 -0.06902507	 -2.7876103	 -2.8919947	 8.17705	Triplo salto in lungo	2	Petto
83	 3208377290	 0.9969675818309678	 0.06434504152404755	 -0.04360526991053982	 -0.003733208460598381	 0.08244569109157315	 0.07978522040411568	 -0.30578648528667013	 -1.273681640625	 -0.23291015625	 -0.237060546875	 -0.068999685	 0.3702961	 -0.9260051	 -0.025194094	 -6.0875196	 -2.3871803	 8.659494	Triplo salto in lungo	2	Petto
84	 3208393957	 0.99702054932276	 0.06833335453856884	 -0.034725833620331555	 -0.008642532326891272	 -0.007901008024473632	 -0.0058788444014340885	 -0.3225247952565834	 -1.2001953125	 -0.1044921875	 -0.22314453125	 -0.1262822	 0.37197167	 -0.91924393	 0.026089601	 -1.5198119	 -1.8252983	 9.401392	Triplo salto in lungo	2	Petto
85	 3208410624	 0.9971840085926851	 0.0682676699749594	 -0.03066928967484328	 -0.004793006786378119	 -0.047938391255636974	 -0.02193400115917568	 -0.2273720861555683	 -1.143310546875	 0.02880859375	 -0.253662109375	 -0.17921855	 0.3678876	 -0.90908116	 0.07817586	 -0.54794997	 0.40911716	 4.17467	Triplo salto in lungo	2	Petto
86	 3208427291	 0.997378777509143	 0.06617596448187207	 -0.029117757275007098	 -0.002910689013809531	 -0.09126758791938751	 -0.09639081391837696	 -0.12009844318767403	 -1.0888671875	 0.154296875	 -0.287841796875	 -0.22918911	 0.36022866	 -0.89514256	 0.1281704	 4.5881777	 -0.2512994	 -0.10502529	Triplo salto in lungo	2	Petto
87	 3208443958	 0.9958491654274201	 0.08519396388491268	 -0.03183558544694907	 0.003594959573774981	 -0.1568577964772225	 -0.21902272089412395	 -0.05949687651890144	 -1.0322265625	 0.2919921875	 -0.37255859375	 -0.28780627	 0.34025156	 -0.8744034	 0.19187312	 11.892838	 -2.4343252	 1.4416771	Triplo salto in lungo	2	Petto
88	 3208460625	 0.9899910208239164	 0.13139761415613502	 -0.0514935732763358	 -9.260633509890482E-4	 -0.23612561273112107	 -0.40840298293447796	 -0.014814928426914592	 -0.955322265625	 0.47998046875	 -0.54248046875	 -0.37446827	 0.3096896	 -0.8251836	 0.28799027	 19.850096	 -6.892262	 9.170715	Triplo salto in lungo	2	Petto
89	 3208477292	 0.994298362691222	 0.08537160833538329	 -0.057228813676800966	 -0.02841333005705377	 -0.11993947545966553	 -0.24215341626565795	 2.804179480453417E-5	 -0.9208984375	 0.615478515625	 -0.723876953125	 -0.43780667	 0.3155289	 -0.76550484	 0.35038474	 8.082175	 -4.099088	 3.6318903	Triplo salto in lungo	2	Petto
90	 3208493959	 0.9991502099211387	 0.006079475112372751	 -0.024206106812903614	 -0.03280186564610188	 -0.07572297595570965	 0.14544825154511587	 -0.24379254392045763	 -0.94384765625	 0.619384765625	 -0.735595703125	 -0.4462988	 0.3456354	 -0.7416868	 0.36229062	 -12.674272	 12.246783	 -9.449907	Triplo salto in lungo	2	Petto
91	 3208510626	 0.9949177743960854	 0.054814626482660445	 -0.013538821912809184	 -0.08337073356712045	 0.0019468096729865808	 0.14828879283794028	 -0.033904519784600004	 -1.05517578125	 0.64208984375	 -0.830078125	 -0.44278505	 0.38598585	 -0.6830829	 0.433998	 -3.584514	 4.8024817	 -16.697693	Triplo salto in lungo	2	Petto
92	 3208527293	 0.9981534005439705	 0.021414854705300385	 -0.023260980133077713	 -0.05186636466639444	 0.018327486953985693	 0.2702568532605394	 -0.027469002685587638	 -1.186767578125	 0.619140625	 -0.87841796875	 -0.44357303	 0.4211589	 -0.6421284	 0.4621034	 -4.209161	 4.6858625	 -24.884476	Triplo salto in lungo	2	Petto
93	 3208543960	 0.9999327209602158	 -0.0028402051764481184	 -0.009715439363232319	 -0.005665423694152961	 -0.05161483667026344	 0.4461916333857034	 -0.23338736902920332	 -1.203125	 0.60888671875	 -0.86328125	 -0.4459669	 0.43043718	 -0.6366205	 0.45885935	 -16.1627	 11.855554	 -32.629166	Triplo salto in lungo	2	Petto
94	 3208560627	 0.9999693816598485	 -0.004308193833340274	 -0.003873988274085902	 -0.005259983228763365	 0.03747657082284729	 0.15760099452446663	 -0.25082914019068203	 -1.208984375	 0.603271484375	 -0.855712890625	 -0.44419464	 0.43758968	 -0.63454014	 0.45668975	 -16.330336	 2.8132467	 -16.622055	Triplo salto in lungo	2	Petto
95	 3208577294	 0.999967360050186	 -1.3907969680135301E-4	 8.148650963217056E-4	 -0.00803713170069176	 0.08899504395421959	 -0.0712841081331494	 -0.18652574718303394	 -1.226318359375	 0.592041015625	 -0.851806640625	 -0.4399339	 0.442656	 -0.6313847	 0.46029067	 -11.319207	 -3.8731737	 -4.4335685	Triplo salto in lungo	2	Petto
96	 3208593961	 0.9999857762174248	 -0.0011878778307913007	 7.174312995117464E-4	 -0.0051499127588818805	 0.05931889650299569	 -0.03705794400563695	 -0.11608410223627519	 -1.23779296875	 0.58642578125	 -0.8564453125	 -0.4365148	 0.44648486	 -0.6298847	 0.4619	 -7.144437	 -2.518539	 -6.857652	Triplo salto in lungo	2	Petto
97	 3208610628	 0.9999731542831046	 -0.006668462794541252	 -5.782667881453624E-4	 -0.0029812622457170428	 0.03221561582657933	 -0.031418185751698025	 -0.13327743276854226	 -1.24267578125	 0.58056640625	 -0.84423828125	 -0.43241322	 0.4519445	 -0.63126826	 0.4585473	 -7.8171563	 -0.67383415	 -6.7026434	Triplo salto in lungo	2	Petto
98	 3208627295	 0.9999098267721184	 -0.013289579134581841	 0.0018056477374182244	 -6.819437118653626E-4	 0.007419518545625017	 0.05450962692461947	 -0.15321018003830242	 -1.25048828125	 0.569580078125	 -0.82666015625	 -0.42479438	 0.45769584	 -0.6376684	 0.45104724	 -9.499553	 1.8418636	 -11.14481	Triplo salto in lungo	2	Petto
99	 3208643962	 0.9998140418903622	 -0.018685938972256302	 0.003961106451911196	 0.0026508412360396476	 0.002502874011300069	 0.10702591054216987	 -0.0993189859540016	 -1.251220703125	 0.555419921875	 -0.796142578125	 -0.41470554	 0.46254867	 -0.6487581	 0.43952385	 -7.017183	 2.072069	 -14.631773	Triplo salto in lungo	2	Petto
100	 3208660629	 0.9997347820076893	 -0.021625924664086513	 0.005670009309657221	 0.0055259407243906655	 0.023512070058898007	 0.06947454473668088	 -0.05987295757942796	 -1.253173828125	 0.5380859375	 -0.768310546875	 -0.40321475	 0.46577534	 -0.66287947	 0.42551428	 -4.7013774	 0.07590992	 -13.001058	Triplo salto in lungo	2	Petto
101	 3208677296	 0.9996744137151498	 -0.024707728512180643	 0.0020604876728983063	 0.0060290219430518275	 0.024320478100673122	 0.015081620942200719	 -0.06235671087975966	 -1.243408203125	 0.523681640625	 -0.728759765625	 -0.39263538	 0.4711194	 -0.676692	 0.4073969	 -4.081272	 -0.51884127	 -9.690894	Triplo salto in lungo	2	Petto
102	 3208693963	 0.9996586318232378	 -0.02585120566534395	 0.0030606401029760204	 0.002228781976896743	 0.003109609748636102	 0.04979214458419333	 -0.08458675618585404	 -1.240478515625	 0.502685546875	 -0.6875	 -0.37902176	 0.4787295	 -0.6891018	 0.39025584	 -5.6434555	 1.4029881	 -10.762795	Triplo salto in lungo	2	Petto
103	 3208710630	 0.9996093422153486	 -0.027564820931577402	 0.004541561541420326	 -8.472435149672332E-4	 -0.009115647689278163	 0.1342781947657908	 -0.023480509784611196	 -1.250732421875	 0.46923828125	 -0.650390625	 -0.3620816	 0.48815575	 -0.70075905	 0.37354773	 -4.064533	 2.6729956	 -16.410294	Triplo salto in lungo	2	Petto
104	 3208727297	 0.9996174356296166	 -0.027458177890452053	 0.002928699196052626	 0.0015663885930667365	 -0.029754248349779026	 0.14641097595182892	 0.05546737731225378	 -1.252685546875	 0.43701171875	 -0.6123046875	 -0.34694934	 0.4960343	 -0.712431	 0.35499087	 -0.27480716	 3.2856092	 -18.787773	Triplo salto in lungo	2	Petto
105	 3208743964	 0.9993443383836926	 -0.034926316557582875	 0.008535262927284267	 0.004265564316848491	 -0.009717391385037443	 0.12934998403947243	 0.05080338238219802	 -1.2568359375	 0.39892578125	 -0.565185546875	 -0.32474604	 0.502028	 -0.72929144	 0.33262914	 -0.84448975	 2.049444	 -17.87204	Triplo salto in lungo	2	Petto
106	 3208760631	 0.9993169162893856	 -0.03503583555883683	 0.010331777594354191	 0.005607621270034836	 0.022648631871820812	 0.10801435468823585	 0.06733391871495573	 -1.262939453125	 0.35595703125	 -0.524658203125	 -0.30118245	 0.5057387	 -0.74649274	 0.31026825	 -0.47281572	 -0.15089628	 -17.5538	Triplo salto in lungo	2	Petto
107	 3208777298	 0.9993026852816336	 -0.0359753705613568	 0.007391654779576652	 0.006728992607313023	 0.023873711849795663	 0.09529044809068689	 0.08243956892221124	 -1.271240234375	 0.313232421875	 -0.486328125	 -0.27927643	 0.5091059	 -0.7626221	 0.28499827	 0.08585524	 -0.44019234	 -17.493313	Triplo salto in lungo	2	Petto
108	 3208793965	 0.9991580490497153	 -0.037493854370934464	 0.004518307294945206	 0.016030870305951964	 -0.013890045396939657	 0.025108228894529704	 0.045889710744285536	 -1.266845703125	 0.267578125	 -0.449951171875	 -0.26101053	 0.50582266	 -0.7819467	 0.25411946	 1.3118342	 0.8480074	 -12.66	Triplo salto in lungo	2	Petto
109	 3208810632	 0.998670682382632	 -0.03571827619233432	 0.005472977388608163	 0.03675757627700572	 -0.058011699261950524	 -0.0825055142461146	 0.0037058946225615973	 -1.238525390625	 0.23779296875	 -0.407958984375	 -0.24760228	 0.48447457	 -0.8098943	 0.21920122	 4.6315255	 1.4123888	 -6.176577	Triplo salto in lungo	2	Petto
110	 3208827299	 0.9984823761936169	 -0.04598933222767855	 0.013701591795743625	 0.027022067542352368	 -0.08126703986271162	 -0.22784205693328674	 -0.02361509118951502	 -1.220947265625	 0.201171875	 -0.37451171875	 -0.21975484	 0.47032622	 -0.83513784	 0.18178664	 10.365119	 -1.4129778	 0.34652805	Triplo salto in lungo	2	Petto
111	 3208843966	 0.9964641051014556	 -0.0800644036411873	 0.02108776513367378	 0.014292819022270644	 -0.07405829003270567	 -0.2176945039563131	 -0.013703048147510263	 -1.239013671875	 0.093017578125	 -0.32568359375	 -0.1663535	 0.47043732	 -0.85806984	 0.12137507	 10.823352	 -2.4883492	 -1.5850172	Triplo salto in lungo	2	Petto
112	 3208860633	 0.9964725799524157	 -0.07646252305273762	 0.028575183160360233	 0.019476623905033685	 -0.016474186765884354	 -0.0804063507482289	 -0.0373414148146945	 -1.2783203125	 -0.0400390625	 -0.2822265625	 -0.10776906	 0.4612896	 -0.87821066	 0.06591079	 3.2998636	 -1.5916135	 -5.8318777	Triplo salto in lungo	2	Petto
113	 3208877300	 0.9982169916998653	 -0.05755703971608869	 0.013526363022088261	 0.008189149173526757	 -0.028886354279813634	 -0.13135179239101652	 -0.019764669801563356	 -1.31787109375	 -0.14501953125	 -0.273681640625	 -0.06982315	 0.45863962	 -0.885627	 0.02096948	 6.933589	 -3.0059025	 -6.7438593	Triplo salto in lungo	2	Petto
116	 3208927301	 0.9962975721072154	 -0.08330273742902367	 0.021199834825776313	 -0.0015390755209309104	 -0.2632752186419484	 -0.44871353927274954	 -0.5530044537707881	 -1.3662109375	 -0.310302734375	 -0.286376953125	 -0.013228123	 0.46349132	 -0.88501817	 -0.041762598	 7.430388	 -0.943034	 6.9986706	Triplo salto in lungo	2	Petto
117	 3208943968	 0.9998221023767021	 -0.0049161777044356425	 -0.010860903930713817	 -0.014616277283141023	 0.08870518833040472	 0.21361421136490824	 -0.1346242147250408	 -1.35693359375	 -0.32568359375	 -0.2841796875	 -0.021469396	 0.4758316	 -0.87782437	 -0.05047833	 -13.444829	 2.2081993	 -1.3155375	Triplo salto in lungo	2	Petto
118	 3208960635	 0.9995292843844423	 0.02299574433578916	 6.120149680907684E-4	 -0.0202985427567261	 0.11105970780707018	 0.4392577272775911	 -0.3498535642043788	 -1.339599609375	 -0.33935546875	 -0.27294921875	 -0.03302701	 0.492992	 -0.8689168	 -0.029189888	 -25.50637	 6.432456	 12.2694	Triplo salto in lungo	2	Petto
119	 3208977302	 0.9996334162340443	 -0.002093833481585039	 0.02544341029428063	 -0.009015646521588651	 -0.0014319481984334526	 0.5786354468683258	 -0.6240259663537675	 -1.3779296875	 -0.30615234375	 -0.29736328125	 -0.010060243	 0.50174516	 -0.86476976	 -0.018010486	 -30.844513	 14.698187	 28.13041	Triplo salto in lungo	2	Petto
120	 3208993969	 0.9995340845454874	 -0.028274158761609602	 0.011317999296319771	 0.0020220460099174553	 0.39098220512772663	 0.5201638588924139	 -0.43104273664898685	 -1.421630859375	 -0.355712890625	 -0.3212890625	 0.014226109	 0.5007711	 -0.8646757	 -0.03690868	 -38.68792	 -6.015093	 15.882578	Triplo salto in lungo	2	Petto
121	 3209010636	 0.9998922527058625	 -0.00919522697076297	 -0.001709890481525339	 0.011314020253351433	 0.09186996968912861	 0.09060043952363366	 -0.12664446074167007	 -1.42431640625	 -0.373779296875	 -0.3212890625	 0.01838393	 0.49155405	 -0.8694506	 -0.04574767	 -6.9616575	 -2.4792895	 -1.8710909	Triplo salto in lungo	2	Petto
122	 3209027303	 0.9999685330388437	 0.0017347752388778281	 7.557065231797445E-5	 0.007740657342254098	 -0.02586365003872207	 0.15162340495402427	 -0.23580421390243494	 -1.42578125	 -0.362548828125	 -0.32421875	 0.018549161	 0.48563743	 -0.8728454	 -0.044198107	 -5.8621206	 5.1067905	 5.1834116	Triplo salto in lungo	2	Petto
123	 3209043970	 0.9999830943384014	 -0.0033990039827848095	 -0.0015762197726504892	 0.004446722450184183	 -0.02089438107343443	 0.29461194163485094	 -0.23927969154517065	 -1.4296875	 -0.359130859375	 -0.32470703125	 0.019563636	 0.4823663	 -0.874435	 -0.047998827	 -13.214278	 9.452453	 6.192421	Triplo salto in lungo	2	Petto
124	 3209060637	 0.9999886997376507	 -0.004069924671104452	 -0.0013333093171079282	 0.002063588243618908	 0.040446092313081536	 0.21345830985891195	 -0.3269777652254727	 -1.42626953125	 -0.36181640625	 -0.323486328125	 0.021006549	 0.48121372	 -0.87478405	 -0.05239676	 -10.474683	 3.4279351	 11.003944	Triplo salto in lungo	2	Petto
125	 3209077304	 0.9999947739848297	 7.789705538133185E-4	 -6.586065988135603E-4	 0.00306780789060418	 0.1033052973824928	 0.1908858123740314	 -0.29819448611731003	 -1.425537109375	 -0.357421875	 -0.323486328125	 0.020766681	 0.47932336	 -0.87583786	 -0.05221458	 -11.351582	 -0.45953816	 9.177071	Triplo salto in lungo	2	Petto
126	 3209093971	 0.9999811882889392	 0.0015829090032533633	 0.004683868037232309	 0.0036302682460623292	 0.11702383287482979	 0.1827280706234118	 -0.2709171312743901	 -1.43212890625	 -0.3505859375	 -0.330078125	 0.024878828	 0.47723737	 -0.87706983	 -0.04873073	 -11.537554	 -1.2407932	 7.480629	Triplo salto in lungo	2	Petto
127	 3209110638	 0.9999801275726563	 4.187345205997062E-5	 0.006275199675040894	 6.038008170248245E-4	 0.09310348940763112	 0.14479345030740073	 -0.2570639363775031	 -1.443603515625	 -0.3486328125	 -0.334716796875	 0.031002717	 0.47784305	 -0.87669843	 -0.045883294	 -8.86933	 -0.9784056	 6.463999	Triplo salto in lungo	2	Petto
128	 3209127305	 0.9999664837430701	 -0.005272688048217067	 0.0062271825404102985	 6.725688626778026E-4	 0.06861287010824962	 0.11931479774455428	 -0.23922081903546966	 -1.454345703125	 -0.3544921875	 -0.343994140625	 0.039627627	 0.47818306	 -0.87606966	 -0.047676243	 -6.7743564	 -0.3507399	 5.293517	Triplo salto in lungo	2	Petto
129	 3209143972	 0.9999813318499542	 -0.004264242724081546	 0.004031934914350055	 0.0017016716570311676	 0.07067672849764742	 0.09550866853423726	 -0.24270634805717012	 -1.465087890625	 -0.360595703125	 -0.349609375	 0.045870814	 0.4774959	 -0.87603587	 -0.049549334	 -5.368609	 -1.1645465	 5.4418287	Triplo salto in lungo	2	Petto
130	 3209160639	 0.9999652281154849	 -0.006926848245221329	 0.00452499623588365	 0.001041989634763485	 0.0715261862041193	 0.09348300019981666	 -0.223740767103128	 -1.471923828125	 -0.3681640625	 -0.35888671875	 0.053744104	 0.47721073	 -0.8755117	 -0.053491026	 -5.2484474	 -1.1762773	 4.36979	Triplo salto in lungo	2	Petto
131	 3209177306	 0.9999595784883827	 -0.007920280643196054	 0.004154765785169907	 9.211216746063956E-4	 0.03323761456778168	 0.08205694458686498	 -0.21543203985553072	 -1.482177734375	 -0.379638671875	 -0.365966796875	 0.061719198	 0.47686133	 -0.87486017	 -0.058430053	 -3.269327	 0.41964513	 3.7675714	Triplo salto in lungo	2	Petto
132	 3209193973	 0.9999124254043027	 -0.012743195809369945	 0.003192610142914249	 0.0015999134740006804	 0.0033067119087724084	 0.08622653484613375	 -0.19325741318246317	 -1.49072265625	 -0.39453125	 -0.375732421875	 0.07112914	 0.4754399	 -0.87423104	 -0.067956686	 -2.4795392	 2.1091502	 2.4614725	Triplo salto in lungo	2	Petto
133	 3209210640	 0.9998162770497006	 -0.018622934955577153	 0.0038601334646198027	 0.00238700853626761	 -0.018572783113335677	 0.09738841098148368	 -0.17267114307002315	 -1.49609375	 -0.420654296875	 -0.3828125	 0.083897375	 0.4727729	 -0.8733212	 -0.08220406	 -2.2402275	 3.5494416	 1.3722906	Triplo salto in lungo	2	Petto
134	 3209227307	 0.9997848117584619	 -0.020596265944364867	 0.0021243351352638333	 0.0012693330842935557	 0.0010465797765462914	 0.1386432646099496	 -0.21707069403909668	 -1.5009765625	 -0.454833984375	 -0.390869140625	 0.095907785	 0.47053745	 -0.8715431	 -0.099041864	 -3.861784	 3.5892954	 4.7140245	Triplo salto in lungo	2	Petto
135	 3209243974	 0.9997501664965424	 -0.02184202756143011	 -0.0045282152130248785	 0.0014232670607328692	 0.03414662730765343	 0.15871583572435405	 -0.32754626078841076	 -1.50048828125	 -0.489501953125	 -0.396728515625	 0.10265503	 0.46714532	 -0.86996	 -0.12003049	 -3.6034908	 1.7710248	 11.750265	Triplo salto in lungo	2	Petto
136	 3209260641	 0.9998905228900601	 0.0036307839218158167	 -0.014341887971326352	 -2.6437127929712645E-4	 -0.005509827211504267	 0.12632303668732972	 -0.38477818675909004	 -1.48193359375	 -0.494873046875	 -0.38330078125	 0.08870969	 0.46646345	 -0.87136364	 -0.123565376	 0.9305616	 1.71962	 14.408987	Triplo salto in lungo	2	Petto
137	 3209277308	 0.9994879258094116	 0.027549649150749034	 -0.015467820904725232	 -0.005064534463325666	 -0.020649220476640598	 0.09881454705771099	 -0.40277708928253236	 -1.4541015625	 -0.468017578125	 -0.35791015625	 0.06191146	 0.47160077	 -0.873089	 -0.10712356	 2.5241368	 0.9973374	 14.952873	Triplo salto in lungo	2	Petto
138	 3209293975	 0.9986995810020369	 0.047542302199048536	 -0.016650866053346345	 -0.007850163542479138	 -0.038874931372886584	 0.059513756259235946	 -0.35898285858075446	 -1.427978515625	 -0.405517578125	 -0.332275390625	 0.024167398	 0.47937942	 -0.87416977	 -0.073749475	 2.896027	 1.0807717	 11.925165	Triplo salto in lungo	2	Petto
139	 3209310642	 0.997299134620401	 0.06902129552335762	 -0.024712549860405584	 -0.004448227632829927	 0.03494227240487347	 0.08541803121591003	 -0.27280710090831584	 -1.388671875	 -0.2998046875	 -0.302734375	 -0.030833876	 0.48218113	 -0.87516963	 -0.025079103	 -3.5525591	 -0.78929955	 7.0793705	Triplo salto in lungo	2	Petto
140	 3209327309	 0.9972983139309033	 0.06784274033860771	 -0.0281666427874171	 2.7540517722091096E-4	 0.07029598634151585	 0.07247155911987269	 -0.2775522180427855	 -1.332275390625	 -0.17138671875	 -0.28466796875	 -0.08800918	 0.47820202	 -0.8735801	 0.020869229	 -6.4132204	 -2.4691927	 6.521517	Triplo salto in lungo	2	Petto
141	 3209343976	 0.9977037229216443	 0.06500117303568395	 -0.018946810353982935	 -0.0017740207682186984	 0.034149329618667915	 0.02930482804469514	 -0.3508386326962311	 -1.2900390625	 -0.06103515625	 -0.289794921875	 -0.1352713	 0.47371474	 -0.8675038	 0.06880003	 -6.1893644	 -1.7803388	 10.408325	Triplo salto in lungo	2	Petto
142	 3209360643	 0.9966168114420844	 0.07856571907442081	 -0.023693919804238826	 -0.0045778927076130516	 0.032741895682825026	 0.02602759172637977	 -0.2560460197539582	 -1.253662109375	 0.066650390625	 -0.326416015625	 -0.1921146	 0.46746022	 -0.853606	 0.12621474	 -6.8650208	 -0.95086604	 4.124812	Triplo salto in lungo	2	Petto
143	 3209377310	 0.995796850022993	 0.08698830966560063	 -0.024386107884630775	 -0.015066028277074373	 0.02112809124086473	 -0.052365764199781284	 -0.1955514758792016	 -1.214599609375	 0.201171875	 -0.3837890625	 -0.25072053	 0.46512052	 -0.827121	 0.19150251	 -3.4882245	 -2.3259652	 1.6578913	Triplo salto in lungo	2	Petto
144	 3209393977	 0.9943077967357735	 0.10171442268623904	 -0.020228847395619812	 -0.02443307801120359	 -0.0381321944121164	 -0.13533449551393567	 -0.1054596756923896	 -1.206298828125	 0.338623046875	 -0.488037109375	 -0.30847174	 0.46132144	 -0.78637236	 0.27137914	 2.7328255	 -1.4987713	 0.2614107	Triplo salto in lungo	2	Petto
145	 3209410644	 0.9947394992558178	 0.10036062059032383	 -0.020518767657778866	 2.3372808116967073E-4	 -0.1289637888042124	 -0.09233541188571553	 -0.0027542266165232893	 -1.19189453125	 0.460205078125	 -0.614501953125	 -0.36919537	 0.4335239	 -0.7486608	 0.33949843	 5.9393716	 4.573616	 -3.9479609	Triplo salto in lungo	2	Petto
146	 3209427311	 0.9912773971254025	 0.12558962144288902	 -0.011553681229009613	 0.038247632399631366	 -0.166882911344487	 -0.17365959728904307	 0.06520211088276114	 -1.126220703125	 0.6005859375	 -0.812255859375	 -0.4419231	 0.35870773	 -0.7117402	 0.41165382	 10.98342	 4.181219	 -0.5390539	Triplo salto in lungo	2	Petto
147	 3209443978	 0.9970903210695332	 0.0726422377659606	 -0.018013938926835924	 0.014473939551801375	 -0.20151694071919296	 -0.18140108323967757	 0.1170983419325212	 -1.049072265625	 0.682861328125	 -0.99951171875	 -0.4853681	 0.3225789	 -0.67693424	 0.44957876	 12.345231	 4.2967277	 2.1514502	Triplo salto in lungo	2	Petto
148	 3209460645	 0.9972142242779664	 -0.06160593417593546	 -0.02191275194476287	 -0.03589332910460341	 -0.12514578245009736	 0.03180928339777402	 -0.03220073812723813	 -1.083740234375	 0.660888671875	 -0.9287109375	 -0.46278572	 0.38551039	 -0.6804837	 0.41731688	 0.5736679	 7.8669777	 -8.573791	Triplo salto in lungo	2	Petto
149	 3209477312	 0.9871343982620332	 -0.13734507785444824	 0.011410257118987356	 -0.0810667341730737	 -0.10675679024394061	 0.17270788916206578	 -0.16063208823065955	 -1.20947265625	 0.507568359375	 -0.693359375	 -0.3623303	 0.494374	 -0.70302004	 0.36065787	 -8.855276	 11.537355	 -15.268764	Triplo salto in lungo	2	Petto
150	 3209493979	 0.9968217372896886	 0.025419722538455182	 -0.032924400134441735	 -0.06794295878619322	 -0.23813683863171245	 0.18775132464738492	 0.22054226601923171	 -1.3212890625	 0.3974609375	 -0.629638671875	 -0.37244964	 0.5431421	 -0.64605266	 0.3858681	 10.114505	 14.53766	 -23.685623	Triplo salto in lungo	2	Petto
151	 3209510646	 0.9980338838052709	 0.06143173884521773	 -0.010007419398041536	 -0.007372909602842038	 -0.080083430030972	 0.1972114623360006	 -0.037090414937577976	 -1.327880859375	 0.45751953125	 -0.709228515625	 -0.40887895	 0.5276421	 -0.6132928	 0.4222371	 -6.2729106	 6.290891	 -19.253109	Triplo salto in lungo	2	Petto
154	 3209560647	 0.9999116976532163	 -0.005707101372393442	 0.006144418931088442	 0.01030883146566286	 0.6227555752189359	 0.13414030698074328	 -0.9888392195807876	 -1.327880859375	 0.471435546875	 -0.72998046875	 -0.40645254	 0.5215433	 -0.6232246	 0.41758862	 -10.619264	 1.7225654	 -7.3836374	Triplo salto in lungo	2	Petto
155	 3209577314	 0.9997046599806071	 -0.016321353670977742	 -0.017193615298301077	 0.005346570899149306	 -0.10279278716932627	 0.012138243011627792	 -0.09206405838139037	 -1.298583984375	 0.463134765625	 -0.6904296875	 -0.41064838	 0.5323269	 -0.62545687	 0.39597982	 -4.6664386	 6.7057548	 -8.285833	Triplo salto in lungo	2	Petto
156	 3209593981	 0.9997352017612711	 -0.0219051302518726	 -0.00635534182687704	 -0.0030497964296867797	 -0.1834679541049637	 0.07121259405341845	 -0.0723983654489952	 -1.292236328125	 0.44189453125	 -0.64697265625	 -0.40156406	 0.54604256	 -0.62953246	 0.3798331	 -4.4840536	 11.666099	 -11.261449	Triplo salto in lungo	2	Petto
157	 3209610648	 0.9996038194299457	 -0.027984359871520426	 -0.001138900418282865	 -0.002789747207740945	 -0.12111368728779896	 0.13933514179826142	 -0.07989831197698341	 -1.2919921875	 0.40673828125	 -0.60595703125	 -0.3857525	 0.5596605	 -0.6377423	 0.36229894	 -7.039516	 8.353943	 -14.944103	Triplo salto in lungo	2	Petto
158	 3209627315	 0.9997587751365179	 -0.021799375551837308	 -9.677947307248359E-4	 -0.0024984267927091186	 -0.02472921316766773	 0.12051992201367284	 -0.06191297226073096	 -1.29541015625	 0.3740234375	 -0.570556640625	 -0.3731675	 0.57029474	 -0.6435204	 0.3484132	 -6.3710785	 2.3785205	 -14.507898	Triplo salto in lungo	2	Petto
159	 3209643982	 0.9997880140838464	 -0.019712017913442716	 -9.459375555734563E-4	 -0.0058709834099274225	 0.08051838248214137	 0.06959267409335425	 -0.07497249493561448	 -1.301513671875	 0.345458984375	 -0.542724609375	 -0.36040303	 0.5820687	 -0.64633435	 0.33698347	 -6.263426	 -4.2650003	 -11.705819	Triplo salto in lungo	2	Petto
160	 3209660649	 0.9995440121549586	 -0.027658131173699543	 0.00703557752258241	 -0.009863883315933186	 0.14517638176673142	 0.04672548796266871	 -0.09450377959102291	 -1.318603515625	 0.303466796875	 -0.511474609375	 -0.33621743	 0.59621763	 -0.6519101	 0.3263371	 -6.824007	 -8.3243	 -9.937198	Triplo salto in lungo	2	Petto
161	 3209677316	 0.9985464421225969	 -0.03792724909830558	 0.03289326435926759	 -0.019610197855444326	 0.10264353217287876	 0.08518871659337436	 -0.03747187913044289	 -1.372314453125	 0.235595703125	 -0.499267578125	 -0.28516367	 0.61062145	 -0.6624134	 0.32715768	 -5.0927935	 -5.703771	 -13.0753145	Triplo salto in lungo	2	Petto
162	 3209693983	 0.9962926225736013	 -0.05906405698716649	 0.05918770843038624	 -0.020230238466023842	 0.055532609599617394	 0.1195159014634158	 0.008497439365151712	 -1.472900390625	 0.13427734375	 -0.50634765625	 -0.20208092	 0.6197427	 -0.6834397	 0.32862258	 -4.3711667	 -3.0802567	 -15.659384	Triplo salto in lungo	2	Petto
163	 3209710650	 0.9973558762927739	 -0.0522066523429591	 0.04935122894318387	 -0.010962557968466681	 0.003635999141854554	 0.1367343124882815	 0.1407163837349325	 -1.565673828125	 0.03564453125	 -0.53759765625	 -0.13172382	 0.62047577	 -0.701535	 0.32481936	 -0.12783332	 -1.7620445	 -21.453678	Triplo salto in lungo	2	Petto
164	 3209727317	 0.9990688011004196	 -0.04044999506358321	 0.015009761594962286	 -1.8874318150935432E-4	 0.024182345945851065	 0.09189148088522274	 0.2196813170876446	 -1.601806640625	 -0.025634765625	 -0.546875	 -0.095781855	 0.621015	 -0.7154365	 0.30547848	 3.1377099	 -5.1296506	 -22.854034	Triplo salto in lungo	2	Petto
165	 3209743984	 0.9986867661406683	 -0.049700542399976955	 -0.00929403736200271	 0.008259545396442138	 0.00962071764650866	 0.07506409558981528	 0.1586138048210261	 -1.602783203125	 -0.076416015625	 -0.507568359375	 -0.07378905	 0.6222606	 -0.73358566	 0.2630575	 1.0552728	 -3.3843725	 -19.742926	Triplo salto in lungo	2	Petto
166	 3209760651	 0.9970930449901967	 -0.06072130388385036	 -0.041219847707644204	 0.020476988103266203	 -0.04052683796924484	 0.0663695974837493	 0.0746316355263498	 -1.550537109375	 -0.14453125	 -0.440673828125	 -0.071230106	 0.6210671	 -0.7568493	 0.19073904	 -1.0123458	 1.3414159	 -16.057175	Triplo salto in lungo	2	Petto
167	 3209777318	 0.9930432629780844	 -0.029865896615283022	 -0.07038119169488226	 0.08955218550550555	 -0.1524636253850989	 0.037971619844712236	 0.04180961708233209	 -1.43017578125	 -0.135986328125	 -0.34619140625	 -0.12236158	 0.5647922	 -0.8076983	 0.1168823	 0.77133316	 8.701956	 -14.155167	Triplo salto in lungo	2	Petto
168	 3209793985	 0.987652380984112	 0.061394988879245604	 -0.04038179343912832	 0.13835729267216623	 -0.29454952953046126	 -0.11551851184919129	 -0.007269035922186175	 -1.240966796875	 0.056884765625	 -0.31298828125	 -0.20417568	 0.44338483	 -0.8637013	 0.12547006	 11.839876	 14.340271	 -5.9779253	Triplo salto in lungo	2	Petto
169	 3209810652	 0.9975839287049824	 0.06017335058797979	 -0.0012478281780902156	 0.03469749260950795	 -0.32609458963817123	 -0.5663236381777282	 -0.32983520972495506	 -1.15625	 0.2470703125	 -0.38427734375	 -0.23575276	 0.40027222	 -0.8691501	 0.16965021	 25.348991	 -2.8438358	 25.940647	Triplo salto in lungo	2	Petto
170	 3209827319	 0.993992128014326	 -0.10041989795898704	 0.043355642272083	 -0.003972634218436966	 -0.3721299291721187	 -0.5405533659570025	 -0.2972994830761992	 -1.203857421875	 0.167236328125	 -0.3408203125	 -0.15588593	 0.41760105	 -0.8895645	 0.09992126	 22.920097	 -0.94922733	 26.825916	Triplo salto in lungo	2	Petto
171	 3209843986	 0.9884741956562834	 -0.13302094402893003	 0.07204957809037624	 -0.0057490232487432125	 0.03294589027089255	 0.06578749711836039	 -0.08102445783086422	 -1.3330078125	 -0.094482421875	 -0.296875	 -0.03413246	 0.4312661	 -0.90150225	 0.011773218	 -5.757052	 1.1912718	 -6.88766	Triplo salto in lungo	2	Petto
172	 3209860653	 0.9882611979784176	 -0.14917581467073127	 0.03090189918694178	 0.01146531788598154	 0.11870168805653614	 0.10210022755254972	 0.23825587878267074	 -1.430908203125	 -0.3359375	 -0.3271484375	 0.05814181	 0.42086828	 -0.8985935	 -0.109634385	 -8.181608	 -1.5872415	 -24.7504	Triplo salto in lungo	2	Petto
173	 3209877320	 0.9993098633677431	 -0.024987201200770914	 0.026602374484459956	 -0.006910168151605279	 -0.061720900588287365	 -0.29857433590256766	 -0.26577866188604005	 -1.4814453125	 -0.44921875	 -0.3671875	 0.091665275	 0.4286314	 -0.8906403	 -0.12096569	 18.836151	 -10.628393	 1.1947803	Triplo salto in lungo	2	Petto
174	 3209893987	 0.9997113383193514	 0.01967123069800014	 0.0027183952320976594	 -0.01352379554412686	 0.05107613667716588	 0.009046381250726106	 -0.2278298151449446	 -1.503662109375	 -0.45947265625	 -0.38037109375	 0.08374712	 0.44265231	 -0.8867965	 -0.103139184	 1.3534358	 -3.9503663	 3.5705843	Triplo salto in lungo	2	Petto
175	 3209910654	 0.9975562877653215	 0.06799370230330959	 -0.006484141696511154	 -0.014705954352557284	 0.035157552823120275	 0.27031852326041494	 -0.39049405065132936	 -1.485595703125	 -0.373291015625	 -0.356201171875	 0.045975998	 0.4595611	 -0.88574535	 -0.046317283	 -8.101316	 5.278914	 17.074373	Triplo salto in lungo	2	Petto
176	 3209927321	 0.9992870342744674	 0.012841953526698757	 0.02812044845612977	 -0.021673664645915414	 0.30969932761699315	 0.9846310967485545	 -0.521209830190571	 -1.503662109375	 -0.342041015625	 -0.365966796875	 0.06382355	 0.48036432	 -0.87444997	 -0.022677489	 -54.64032	 17.390778	 29.242271	Triplo salto in lungo	2	Petto
177	 3209943988	 0.9996326864663915	 -0.02272749103763244	 0.011290726619705455	 0.00951171864167333	 0.6512185953033367	 0.7567996004959591	 -0.3548923812976702	 -1.560302734375	 -0.372314453125	 -0.4072265625	 0.08502247	 0.4711534	 -0.8771852	 -0.036499035	 -55.86756	 -8.163915	 19.4105	Triplo salto in lungo	2	Petto
178	 3209960655	 0.9998736178376009	 0.008927952259864869	 -0.006835820674440996	 0.011238842311361297	 -0.05451796765216149	 0.3904640553851757	 -0.37391400780716344	 -1.549072265625	 -0.359130859375	 -0.38916015625	 0.07583278	 0.46262994	 -0.882758	 -0.03101335	 -13.335321	 16.012663	 15.258537	Triplo salto in lungo	2	Petto
179	 3209977322	 0.9997722701009074	 0.02014697223542744	 -0.006774885075430171	 0.0018995734357854512	 0.12917091468363165	 0.4048618457397697	 -0.41157569197525495	 -1.53759765625	 -0.319091796875	 -0.38623046875	 0.061152972	 0.46308702	 -0.8840482	 -0.016418504	 -20.033928	 7.800958	 18.430626	Triplo salto in lungo	2	Petto
180	 3209993989	 0.9997400626909574	 0.019657041392260655	 -0.011354927372381142	 -0.002115041075621882	 0.1511988424047437	 0.4164694347567605	 -0.3229266890590738	 -1.516357421875	 -0.289794921875	 -0.371826171875	 0.042584147	 0.46687204	 -0.8832865	 -0.0047162063	 -23.117453	 7.273521	 12.430511	Triplo salto in lungo	2	Petto
181	 3210010656	 0.9997778101530501	 0.017881370810291286	 -0.01098087176975307	 -0.0020018388279248183	 0.17734233469142266	 0.33915907773299714	 -0.27561246932925254	 -1.498779296875	 -0.262939453125	 -0.347412109375	 0.0251994	 0.47036764	 -0.88209397	 0.005486467	 -21.399033	 3.1443293	 8.434641	Triplo salto in lungo	2	Petto
182	 3210027323	 0.9996471876716364	 0.024358630186246233	 -0.010582035730295232	 -4.2170539555275166E-4	 0.18073840748998823	 0.2504799932998375	 -0.2872008703921752	 -1.478271484375	 -0.228759765625	 -0.3466796875	 0.0051289783	 0.47245282	 -0.88107777	 0.021546286	 -17.795334	 -0.107755594	 8.17926	Triplo salto in lungo	2	Petto
183	 3210043990	 0.9997844952632735	 0.01910992217445079	 -0.0076988241696941415	 0.0025499043221527966	 0.13031012306397505	 0.30426431555700045	 -0.2946069696171768	 -1.45947265625	 -0.1875	 -0.341064453125	 -0.009977315	 0.47160715	 -0.881085	 0.034305315	 -19.708645	 4.267388	 7.513216	Triplo salto in lungo	2	Petto
184	 3210060657	 0.9998827603917195	 0.012575050680972866	 -0.00742168740708768	 0.004610003019274944	 0.12960117319279066	 0.26798209651367705	 -0.27858574041522	 -1.44140625	 -0.157958984375	 -0.33740234375	 -0.021806978	 0.46892965	 -0.8819983	 0.041337784	 -18.47951	 3.2042143	 5.890974	Triplo salto in lungo	2	Petto
185	 3210077324	 0.9999715885158016	 0.004365401472091579	 -0.002513328718144192	 0.005607906019761245	 0.1073702991332299	 0.17139532977850952	 -0.26936651140202816	 -1.4287109375	 -0.1435546875	 -0.3369140625	 -0.02546951	 0.46532825	 -0.8837084	 0.04336598	 -13.309875	 1.1805521	 5.350153	Triplo salto in lungo	2	Petto
186	 3210093991	 0.999979617266623	 1.0064078364224738E-4	 -3.3506919309331257E-4	 0.00637515892874424	 0.07813245615734735	 0.12091882437103262	 -0.2694178525097021	 -1.424560546875	 -0.131103515625	 -0.3369140625	 -0.025245294	 0.46103978	 -0.88599545	 0.04263174	 -9.952261	 1.0343981	 5.5421934	Triplo salto in lungo	2	Petto
187	 3210110658	 0.9999764833760061	 -0.0012583835768835705	 -8.183241281695398E-4	 0.006691749498529632	 0.05906393561838084	 0.10962477881808885	 -0.2541731152479018	 -1.42138671875	 -0.129150390625	 -0.325927734375	 -0.024839777	 0.4564812	 -0.8884642	 0.040493265	 -8.648355	 1.616441	 4.712616	Triplo salto in lungo	2	Petto
188	 3210127325	 0.999889142162815	 -0.01266976609471715	 0.0011609987824928172	 0.007735146659384129	 0.03163696427466487	 0.07389501915802044	 -0.23655394743068237	 -1.413818359375	 -0.130859375	 -0.33056640625	 -0.017504018	 0.45110554	 -0.89182365	 0.029127639	 -5.8207774	 1.7028902	 3.8964596	Triplo salto in lungo	2	Petto
189	 3210143992	 0.9999209930308675	 -0.005932906685383765	 -0.006468149559829217	 0.008998408509177493	 0.01900714429386712	 0.03199164858388006	 -0.21176021919407378	 -1.40625	 -0.146728515625	 -0.323486328125	 -0.020055989	 0.4445483	 -0.8952992	 0.02034973	 -2.9258158	 0.66147673	 2.7339373	Triplo salto in lungo	2	Petto
190	 3210160659	 0.9998418894059182	 0.007168802494303461	 -0.013966420626459143	 0.00835126067645614	 0.021844556607489664	 0.013591331440455864	 -0.21252480831354492	 -1.376708984375	 -0.129150390625	 -0.310791015625	 -0.035173222	 0.43826333	 -0.89793515	 0.020020591	 -2.1049654	 -0.32598498	 2.853382	Triplo salto in lungo	2	Petto
191	 3210177326	 0.9994841671954795	 0.02618473364334792	 -0.01774054587867999	 0.00557066257389044	 0.017462343962304228	 0.03447451052495208	 -0.23069489425905834	 -1.34375	 -0.08642578125	 -0.302734375	 -0.06200806	 0.43350294	 -0.8983261	 0.03522451	 -3.3648238	 0.50414735	 3.8029108	Triplo salto in lungo	2	Petto
192	 3210193993	 0.9990601956054086	 0.03747819707820321	 -0.021263177081430554	 0.004689093841431291	 9.375931438344517E-4	 0.04783960816738267	 -0.19691878487361736	 -1.29833984375	 -0.019287109375	 -0.2998046875	 -0.096869566	 0.42828715	 -0.89649326	 0.05904588	 -3.923162	 1.8389599	 1.547636	Triplo salto in lungo	2	Petto
193	 3210210660	 0.9989609991718584	 0.040334744541955264	 -0.020735464206867532	 0.0044800714752160084	 -0.014554948119656734	 0.043009708355990287	 -0.1300199788816767	 -1.2548828125	 0.05517578125	 -0.306640625	 -0.1323689	 0.42206296	 -0.89276254	 0.085538134	 -3.1610382	 2.4653919	 -2.587131	Triplo salto in lungo	2	Petto
194	 3210227327	 0.9988790094118252	 0.043045509990746494	 -0.019359686220403186	 0.0036071007104237496	 -0.013113372071606122	 0.039290007242348296	 -0.10044072035344423	 -1.212646484375	 0.1328125	 -0.3291015625	 -0.16751908	 0.41519558	 -0.88675725	 0.11494275	 -3.102261	 2.3317018	 -4.575214	Triplo salto in lungo	2	Petto
195	 3210243994	 0.9988550046856792	 0.043816827771539696	 -0.018992694786129836	 0.0028359765816931564	 -0.008342233136336946	 0.036880005531540465	 -0.06654289584786358	 -1.175537109375	 0.208984375	 -0.358642578125	 -0.20228122	 0.40782908	 -0.8784759	 0.14504595	 -2.8132896	 2.030603	 -6.8036375	Triplo salto in lungo	2	Petto
196	 3210260661	 0.9990667028231353	 0.03941347531838693	 -0.017604851611463527	 0.001539634104045895	 -0.020391899726204914	 0.019976922629207333	 -0.046822347060699404	 -1.14013671875	 0.278564453125	 -0.3935546875	 -0.23349842	 0.40140864	 -0.8688121	 0.1718	 -1.4044951	 1.9469277	 -7.563032	Triplo salto in lungo	2	Petto
197	 3210277328	 0.9992838707519677	 0.03421212849640437	 -0.01616394769313051	 5.2093032648026234E-5	 -0.02790886831310288	 0.010147779688882329	 -0.04177450460272804	 -1.109619140625	 0.3359375	 -0.432861328125	 -0.26080263	 0.39650595	 -0.858406	 0.19469067	 -0.7876572	 1.9549574	 -7.573326	Triplo salto in lungo	2	Petto
198	 3210293995	 0.999433506983122	 0.02960742783489373	 -0.015974841499718746	 -9.326175411908388E-4	 -0.030827142024575132	 0.013702123093093809	 -0.05189963652235069	 -1.083251953125	 0.37841796875	 -0.463623046875	 -0.28565657	 0.39306504	 -0.84748226	 0.21371576	 -1.3372539	 2.342013	 -7.2594223	Triplo salto in lungo	2	Petto
199	 3210310662	 0.999458363300854	 0.02879980026918448	 -0.015869710711493474	 -0.0013053024043023778	 -0.029823769122095067	 0.006821741808888405	 -0.05739417012715945	 -1.061279296875	 0.421630859375	 -0.49853515625	 -0.309744	 0.38960704	 -0.83572954	 0.23199446	 -1.5254188	 2.1261053	 -6.918026	Triplo salto in lungo	2	Petto
200	 3210327329	 0.9995361943927434	 0.02606781759574421	 -0.015546106774940354	 -0.0024866742466424507	 -0.019607673851159507	 0.003640878799281268	 -0.05624342257500431	 -1.03662109375	 0.461181640625	 -0.534423828125	 -0.33196265	 0.38752013	 -0.8234125	 0.24823664	 -1.8753651	 1.5545857	 -7.188276	Triplo salto in lungo	2	Petto
201	 3210343996	 0.9995327250056358	 0.02599722788237592	 -0.01575499145314789	 -0.003202503637946719	 -0.01704126754050133	 0.00836814956607913	 -0.04546820052636205	 -1.020751953125	 0.495849609375	 -0.56787109375	 -0.35386696	 0.38568348	 -0.810025	 0.26436013	 -1.7656969	 1.5198565	 -7.9929147	Triplo salto in lungo	2	Petto
202	 3210360663	 0.9995175662112366	 0.026056800519944537	 -0.016370948952299128	 -0.00420357136628946	 -0.020080461943151114	 0.006151915186391068	 -0.03783774947059751	 -1.004638671875	 0.525390625	 -0.60791015625	 -0.37572008	 0.3843945	 -0.79526615	 0.2804058	 -1.3828541	 1.5364758	 -8.241066	Triplo salto in lungo	2	Petto
203	 3210377330	 0.9995394900874094	 0.02599411408539061	 -0.015086338236593224	 -0.004185234441259512	 -0.019864677752718246	 0.009351566929565288	 -0.035645971459934214	 -0.99267578125	 0.55322265625	 -0.64794921875	 -0.39619815	 0.38233578	 -0.78028804	 0.29664332	 -1.4626057	 1.6198742	 -8.569626	Triplo salto in lungo	2	Petto
204	 3210393997	 0.999610607923772	 0.02447067785186266	 -0.012798490341508319	 -0.004002136518863164	 -0.013155985562369604	 0.014102130680379295	 -0.04420260164573285	 -0.983154296875	 0.576416015625	 -0.686279296875	 -0.41405994	 0.37973666	 -0.76607156	 0.31223252	 -2.2379293	 1.5275015	 -8.797962	Triplo salto in lungo	2	Petto
205	 3210410664	 0.9996304120744295	 0.02444168082278779	 -0.011563053591544789	 -0.0028176738814587603	 -0.00977239913453265	 0.023266061626268982	 -0.05132368818902758	 -0.973388671875	 0.607421875	 -0.726318359375	 -0.43102965	 0.37552807	 -0.75226337	 0.32755512	 -2.9212809	 1.7139375	 -9.261631	Triplo salto in lungo	2	Petto
206	 3210427331	 0.9998318344366928	 0.017075123870980452	 -0.0055247269807100355	 -0.00377099238094758	 6.746597898603861E-4	 0.0255008629501072	 -0.06485247899159514	 -0.972412109375	 0.625	 -0.758056640625	 -0.44016165	 0.3730282	 -0.74271256	 0.33983275	 -3.9287167	 1.3880558	 -9.465049	Triplo salto in lungo	2	Petto
207	 3210443998	 0.9998935523173031	 0.013974163477757193	 -0.0029390431256625248	 -0.0029947979709720744	 0.012396180911656004	 0.024933186294902102	 -0.06916093224613512	 -0.97412109375	 0.6357421875	 -0.7841796875	 -0.4463663	 0.37033984	 -0.7354419	 0.35032988	 -4.396285	 0.8248171	 -9.771274	Triplo salto in lungo	2	Petto
208	 3210460665	 0.999778794515517	 0.02007081863542906	 -0.00593471353334861	 -0.0020744762424338425	 0.016598798267209138	 -0.006113964180017072	 -0.0708513192809131	 -0.974365234375	 0.64990234375	 -0.819091796875	 -0.4572135	 0.36519104	 -0.72480124	 0.36366844	 -4.1337385	 -0.25133082	 -8.382355	Triplo salto in lungo	2	Petto
209	 3210477332	 0.9997980458892456	 0.018486938957602783	 -0.0075643573013717685	 -0.0022093036552215954	 0.004867227857642136	 -0.040592022652091546	 -0.10161452516309064	 -0.972900390625	 0.665283203125	 -0.855712890625	 -0.46842206	 0.36130136	 -0.7136425	 0.37517583	 -5.270526	 -0.22372474	 -5.8933706	Triplo salto in lungo	2	Petto
210	 3210493999	 0.9998309178770017	 0.01566330688495099	 -0.009213771270241785	 -0.0028112085727630687	 -0.015773356868908392	 -0.06112207632041554	 -0.09130187156246361	 -0.9697265625	 0.6748046875	 -0.88525390625	 -0.47938865	 0.35965985	 -0.7022936	 0.3842072	 -4.25851	 0.21483473	 -4.6975565	Triplo salto in lungo	2	Petto
211	 3210510666	 0.9998617788838964	 0.012665705408523242	 -0.0105242532061077	 -0.0022897877824054618	 -0.05319483030303751	 -0.07768527735027832	 -0.09129853949820262	 -0.96875	 0.68212890625	 -0.9072265625	 -0.490257	 0.35948616	 -0.6914436	 0.39028692	 -3.6647193	 1.7697177	 -3.0778375	Triplo salto in lungo	2	Petto
212	 3210527333	 0.999898896311384	 0.01027393388559826	 -0.009826696363553324	 -2.819155354982783E-4	 -0.07744655563891076	 -0.11522247273382112	 -0.11499014761809914	 -0.966552734375	 0.68994140625	 -0.9287109375	 -0.5004605	 0.3587348	 -0.6824319	 0.39387262	 -4.609291	 2.351148	 -0.31446457	Triplo salto in lungo	2	Petto
213	 3210544000	 0.9999337873408136	 0.008259961014028955	 -0.008011234038816095	 1.1877490748241072E-4	 -0.08400685470890251	 -0.15175144279523217	 -0.13800649318485064	 -0.96044921875	 0.69580078125	 -0.943115234375	 -0.508787	 0.3579479	 -0.67515916	 0.39644605	 -5.9047375	 1.985093	 1.9369669	Triplo salto in lungo	2	Petto
214	 3210560667	 0.9999584432165955	 0.007532962915595187	 -0.00480512042132314	 -0.0018102837599346389	 -0.06823920400939452	 -0.16320338351775365	 -0.1504203644750814	 -0.957763671875	 0.699951171875	 -0.958251953125	 -0.51387024	 0.35753232	 -0.66905344	 0.40059432	 -7.0480404	 0.9562237	 2.1665668	Triplo salto in lungo	2	Petto
215	 3210577334	 0.9999633538792361	 0.008043742119689445	 -0.002735565510005284	 -0.0010515667558665955	 -0.04249189650819284	 -0.14167823772542046	 -0.14334793949792715	 -0.9609375	 0.701416015625	 -0.97265625	 -0.5180167	 0.35551903	 -0.66403	 0.4053755	 -7.253216	 0.10658363	 0.19361115	Triplo salto in lungo	2	Petto
216	 3210594001	 0.999971499110034	 0.0074983103033050835	 -6.155667761270079E-4	 6.303870007106638E-4	 -0.018878623597782303	 -0.11776509049318817	 -0.10118893290410277	 -0.958251953125	 0.706298828125	 -0.986572265625	 -0.5212075	 0.35181984	 -0.6608852	 0.40962973	 -5.3125367	 -0.9256695	 -2.132687	Triplo salto in lungo	2	Petto
217	 3210610668	 0.9999758348559085	 0.006662744959030353	 2.301402513127382E-4	 0.001970931075548244	 -0.01662033409739966	 -0.11356640718875136	 -0.08473840151740136	 -0.955078125	 0.711181640625	 -1.002197265625	 -0.5240625	 0.34732002	 -0.65896285	 0.41291124	 -4.4928956	 -1.0711355	 -2.6062803	Triplo salto in lungo	2	Petto
218	 3210627335	 0.9999788118667562	 0.006005331950580922	 0.0011813604168840477	 0.002217249034144997	 -0.023546866570966028	 -0.11040675276949123	 -0.08354845634350828	 -0.947998046875	 0.716796875	 -1.013916015625	 -0.52613604	 0.34260237	 -0.6578681	 0.41595027	 -4.433324	 -0.6142944	 -2.6724157	Triplo salto in lungo	2	Petto
219	 3210644002	 0.9999846401354869	 0.004679696870423994	 0.0018774396518431993	 0.0023011194352701163	 -0.034361878473523184	 -0.09139552881243167	 -0.08907405030791382	 -0.94482421875	 0.7177734375	 -1.02783203125	 -0.5273107	 0.33823052	 -0.6576974	 0.41830355	 -4.710611	 0.52100146	 -3.4552712	Triplo salto in lungo	2	Petto
220	 3210660669	 0.9999813115247314	 0.004474918501781555	 0.003441001509002756	 0.0023475975583148734	 -0.051308775336309384	 -0.09850358759176246	 -0.08499352227562545	 -0.94287109375	 0.72314453125	 -1.038818359375	 -0.5273892	 0.33327332	 -0.65843475	 0.42101493	 -4.292613	 1.2176585	 -2.7065506	Triplo salto in lungo	2	Petto
221	 3210677336	 0.9999829641832451	 0.0016304261710294865	 0.004744451145708317	 0.0029838292708641583	 -0.0642653981282436	 -0.11122057498274572	 -0.06654449548551424	 -0.938232421875	 0.72314453125	 -1.0458984375	 -0.52591085	 0.32883143	 -0.6612505	 0.42194307	 -3.0702178	 1.3832011	 -1.8119926	Triplo salto in lungo	2	Petto
222	 3210694003	 0.999985301118566	 -4.6982390562944065E-4	 0.00491114279144192	 0.0022488861222328405	 -0.0725468243917983	 -0.11472223476858531	 -0.06723042431027959	 -0.93408203125	 0.721435546875	 -1.044677734375	 -0.5233071	 0.3258861	 -0.6647776	 0.42192286	 -2.9801385	 1.7304295	 -1.4037352	Triplo salto in lungo	2	Petto
223	 3210710670	 0.999983377854853	 -0.002979809728227145	 0.004672484221989987	 0.0015914267740145263	 -0.07859046880217702	 -0.11456789888652194	 -0.06371399973485067	 -0.93359375	 0.7236328125	 -1.042236328125	 -0.5197509	 0.32476544	 -0.6690039	 0.42050025	 -2.6345549	 1.9936819	 -1.2581568	Triplo salto in lungo	2	Petto
224	 3210727337	 0.9999823158890547	 -0.003930708038634101	 0.004271432217173022	 0.0012931783681022213	 -0.07616751754527737	 -0.12048915936138041	 -0.06567814198006702	 -0.93115234375	 0.719970703125	 -1.032470703125	 -0.51601374	 0.32448012	 -0.67329943	 0.4184625	 -2.695246	 1.7168305	 -0.95443916	Triplo salto in lungo	2	Petto
225	 3210744004	 0.9999787129697868	 -0.0054040331229992244	 0.0032963721760568554	 0.0015823917881097607	 -0.06805948536502303	 -0.125995071235635	 -0.07870414671647133	 -0.929931640625	 0.72265625	 -1.026123046875	 -0.5125525	 0.3251355	 -0.67777556	 0.41496667	 -3.4725184	 1.3004773	 -0.7368822	Triplo salto in lungo	2	Petto
226	 3210760671	 0.99997131461981	 -0.006896760741477423	 0.002296727375433239	 0.002128302649228475	 -0.07076927040735523	 -0.1417463686531936	 -0.08385909802432331	 -0.927978515625	 0.718505859375	 -1.011474609375	 -0.5094826	 0.3265797	 -0.68249905	 0.40983966	 -3.60186	 1.0459923	 0.26702404	Triplo salto in lungo	2	Petto
227	 3210777338	 0.9999760339587624	 -0.006218184150102696	 0.0016044770276072153	 0.0025867638947558174	 -0.0794603891982649	 -0.13424435947560395	 -0.08054728991369675	 -0.928466796875	 0.713134765625	 -0.99951171875	 -0.5072631	 0.32762673	 -0.6867034	 0.4047018	 -3.1483083	 1.5745482	 0.11598778	Triplo salto in lungo	2	Petto
228	 3210794005	 0.9999799143943503	 -0.005855386076270272	 9.991025340226336E-4	 0.0022106686526969233	 -0.0846995734114381	 -0.11358395665556517	 -0.07741747125214717	 -0.91943359375	 0.711669921875	 -0.98828125	 -0.5054019	 0.32897016	 -0.69029933	 0.39979333	 -2.823103	 2.285936	 -0.8321266	Triplo salto in lungo	2	Petto
229	 3210810672	 0.9999783801035644	 -0.006154060066986877	 0.0015243629218175125	 0.001744473509551814	 -0.08500678029715909	 -0.10246237101780538	 -0.08181417271306762	 -0.91796875	 0.71142578125	 -0.974365234375	 -0.50287294	 0.33054993	 -0.6940978	 0.39507478	 -3.0162952	 2.596529	 -1.3239307	Triplo salto in lungo	2	Petto
230	 3210827339	 0.9999777307130231	 -0.006330676091485271	 0.0017798011437239471	 0.001137069103435362	 -0.07914223227573348	 -0.114170945717096	 -0.0805500536885436	 -0.913818359375	 0.704833984375	 -0.961181640625	 -0.49984667	 0.33251497	 -0.69786376	 0.39060673	 -2.9034195	 1.888971	 -0.8220053	Triplo salto in lungo	2	Petto
231	 3210844006	 0.9999772949739995	 -0.006513173503909286	 0.0014231811274296043	 9.81153845845795E-4	 -0.07052352078668364	 -0.12556837374952554	 -0.08606830756616542	 -0.912841796875	 0.702392578125	 -0.9501953125	 -0.49692407	 0.334797	 -0.70143753	 0.38595754	 -3.2049885	 1.13885	 -0.33890724	Triplo salto in lungo	2	Petto
232	 3210860673	 0.9999726539977718	 -0.007300628816120286	 9.988665405258892E-4	 6.279659034564289E-4	 -0.07104153605755607	 -0.13857830823366094	 -0.09230252346699339	 -0.913330078125	 0.69873046875	 -0.935546875	 -0.49387044	 0.3378625	 -0.70494765	 0.38077548	 -3.370792	 0.8124751	 0.48109055	Triplo salto in lungo	2	Petto
233	 3210877340	 0.9999815604151246	 -0.005980290540657615	 5.136304610583592E-4	 9.225716944302188E-4	 -0.07453009331007553	 -0.1454329716481238	 -0.09929319457452442	 -0.91015625	 0.693359375	 -0.92236328125	 -0.49169004	 0.34023732	 -0.7077794	 0.37620223	 -3.5322778	 0.8118805	 1.0729771	Triplo salto in lungo	2	Petto
234	 3210894007	 0.9999906287936341	 -0.004250206398550699	 5.15948359080809E-5	 8.218323764920266E-4	 -0.08622771259183522	 -0.15433537864667723	 -0.10301152436601159	 -0.91259765625	 0.6904296875	 -0.9130859375	 -0.49037042	 0.34200004	 -0.7096762	 0.3727371	 -3.3712957	 1.1263002	 1.9373388	Triplo salto in lungo	2	Petto
235	 3210910674	 0.9999966995562755	 -0.002411074475701186	 -6.234186636105977E-4	 6.3162140455586E-4	 -0.0904193130186857	 -0.1496327864316354	 -0.10088211739706018	 -0.912841796875	 0.689697265625	 -0.9072265625	 -0.49007878	 0.34324074	 -0.7104823	 0.3704372	 -3.1289237	 1.399493	 1.8028402	Triplo salto in lungo	2	Petto
236	 3210927341	 0.999999151399809	 -8.391198484080514E-4	 -9.820480290049507E-4	 1.6929031440554576E-4	 -0.08523519964148923	 -0.13552599120523887	 -0.10280273990550093	 -0.909423828125	 0.69287109375	 -0.90380859375	 -0.49040917	 0.34416938	 -0.7103682	 0.36935568	 -3.3945856	 1.5318874	 0.9784975	Triplo salto in lungo	2	Petto
237	 3210944008	 0.9999996155898666	 -1.636714180049681E-4	 -8.612902420688379E-4	 -1.4522557770069168E-5	 -0.0728996289568247	 -0.11526434306043573	 -0.10503326495354573	 -0.912841796875	 0.6884765625	 -0.899658203125	 -0.49081808	 0.34485158	 -0.7100007	 0.36888263	 -3.8806758	 1.5050508	 -0.36011887	Triplo salto in lungo	2	Petto
238	 3210960675	 0.9999999466497252	 9.384977383718185E-5	 1.5721135096916086E-4	 2.7051313766335294E-4	 -0.06049801234821172	 -0.10066478874571957	 -0.10283423878649596	 -0.91015625	 0.6884765625	 -0.90185546875	 -0.49069762	 0.34483448	 -0.7101366	 0.3687972	 -4.0791507	 1.2681428	 -1.4773664	Triplo salto in lungo	2	Petto
239	 3210977342	 0.9999995910934231	 1.9369990614881427E-4	 -4.5278543168282564E-4	 7.5847128218981E-4	 -0.05025034638776914	 -0.09602281644007847	 -0.10002612556809559	 -0.908447265625	 0.687255859375	 -0.90380859375	 -0.4912224	 0.34465256	 -0.7101058	 0.36832765	 -4.124185	 0.84846157	 -2.0302958	Triplo salto in lungo	2	Petto
240	 3210994009	 0.9999978101035352	 5.85095943619704E-4	 -0.0018320436948495724	 8.252676964719541E-4	 -0.05490662237708303	 -0.10125166494354453	 -0.09445355423708829	 -0.90478515625	 0.6884765625	 -0.905517578125	 -0.49288166	 0.344744	 -0.7092762	 0.36762324	 -3.6917572	 0.85984933	 -1.7192822	Triplo salto in lungo	2	Petto
241	 3211010676	 0.9999973380523649	 4.840744714519063E-4	 -0.002124072058885887	 7.601828588695848E-4	 -0.07054007087987633	 -0.10452965602660011	 -0.09220765191050283	 -0.9013671875	 0.690185546875	 -0.904296875	 -0.49468642	 0.34504142	 -0.70831424	 0.36677355	 -3.3036618	 1.5163783	 -1.1728268	Triplo salto in lungo	2	Petto
242	 3211027343	 0.9999985966273038	 3.0208682229462824E-4	 -0.0015634345902942606	 5.207295427182013E-4	 -0.07813716806177809	 -0.11046942276288478	 -0.0943680677602381	 -0.898681640625	 0.691162109375	 -0.904296875	 -0.49594212	 0.34538898	 -0.7076136	 0.3661029	 -3.2867017	 1.7278421	 -0.63817406	Triplo salto in lungo	2	Petto
243	 3211044010	 0.9999989476774872	 0.001027095320463134	 -0.0010087643606439686	 1.7920263863224764E-4	 -0.08266133068880743	 -0.116400939718997	 -0.10161282388948745	 -0.89501953125	 0.690185546875	 -0.9072265625	 -0.49693054	 0.3454134	 -0.7068051	 0.36630094	 -3.604541	 1.8430882	 -0.10960865	Triplo salto in lungo	2	Petto
244	 3211060677	 0.9999977838675181	 0.001981860121703455	 -6.994982850355298E-4	 -1.232585081947235E-4	 -0.07901077244288476	 -0.11758049690575237	 -0.10858415189226242	 -0.897216796875	 0.69140625	 -0.91015625	 -0.49791938	 0.34506452	 -0.7056966	 0.36742255	 -4.0777903	 1.6915057	 -0.055358887	Triplo salto in lungo	2	Petto
245	 3211077344	 0.999997866759907	 0.0020013850621939666	 -4.872758444602332E-4	 1.5328313494822335E-4	 -0.06998027795273035	 -0.11101597459189373	 -0.10898303116128287	 -0.89892578125	 0.693115234375	 -0.912353515625	 -0.49886492	 0.34443766	 -0.7047817	 0.3684826	 -4.3258915	 1.4397342	 -0.64978313	Triplo salto in lungo	2	Petto
246	 3211094011	 0.9999971574322023	 0.0020844958881717918	 -9.783505756739282E-4	 6.18736259148045E-4	 -0.06938093990941036	 -0.11702831679784453	 -0.1100240585207242	 -0.893798828125	 0.6943359375	 -0.9169921875	 -0.5003531	 0.3436289	 -0.7037512	 0.3691887	 -4.383956	 1.2541808	 -0.35643196	Triplo salto in lungo	2	Petto
247	 3211110678	 0.9999959376086704	 0.0023087206767271884	 -0.0012141369356506312	 0.001149106824612667	 -0.06879909387468483	 -0.12753338034591583	 -0.10565682581355519	 -0.895263671875	 0.695068359375	 -0.92236328125	 -0.50227547	 0.34242868	 -0.7027006	 0.36969453	 -4.108535	 0.8689522	 0.09396839	Triplo salto in lungo	2	Petto
248	 3211127345	 0.9999942731908789	 0.0025146255435658793	 -0.00117381172262733	 0.0019371137966756047	 -0.06751495245158211	 -0.12430844009800704	 -0.09994468777264326	 -0.887939453125	 0.697265625	 -0.92578125	 -0.50452465	 0.34056085	 -0.7018601	 0.36995417	 -3.870105	 0.8278585	 -0.203825	Triplo salto in lungo	2	Petto
249	 3211144012	 0.9999932913935877	 0.003044566189569803	 -6.762002841405185E-4	 0.0019210772270057965	 -0.07063856937461208	 -0.12123849376068618	 -0.09969760155732821	 -0.883056640625	 0.698974609375	 -0.931396484375	 -0.50659096	 0.33825424	 -0.7010639	 0.37075523	 -3.879213	 1.0549675	 -0.29995632	Triplo salto in lungo	2	Petto
250	 3211160679	 0.9999946801478684	 0.0026312912872278466	 -6.346407278553235E-4	 0.001820223412259292	 -0.07055469736799698	 -0.11883659997703973	 -0.10410105177777784	 -0.879638671875	 0.701416015625	 -0.93798828125	 -0.5084443	 0.33621457	 -0.70040315	 0.37132183	 -4.2047763	 1.1567804	 -0.39181042	Triplo salto in lungo	2	Petto
251	 3211177346	 0.9999940193784388	 0.002982135143153916	 -3.99320412395432E-4	 0.0017054678392207092	 -0.07325652248836498	 -0.11256560544249768	 -0.10149979377233845	 -0.87646484375	 0.704345703125	 -0.94482421875	 -0.5102009	 0.33399343	 -0.69969016	 0.37226003	 -4.0945063	 1.4422498	 -0.69228935	Triplo salto in lungo	2	Petto
252	 3211194013	 0.9999945876046957	 0.0028582418604691517	 -2.55522451817869E-4	 0.0016093237890891787	 -0.07480814512588235	 -0.10584151916761286	 -0.09472119800184878	 -0.873046875	 0.707275390625	 -0.95068359375	 -0.5117736	 0.33185214	 -0.6990615	 0.37319607	 -3.761732	 1.6453542	 -1.1002941	Triplo salto in lungo	2	Petto
253	 3211210680	 0.9999961386759417	 0.0023362764792826396	 -2.3836119410067247E-4	 0.0014858093283501297	 -0.07473338566836957	 -0.09982212910996863	 -0.08812043388101842	 -0.8671875	 0.70849609375	 -0.95361328125	 -0.51311105	 0.3300583	 -0.6985939	 0.37382546	 -3.451666	 1.7470168	 -1.5077343	Triplo salto in lungo	2	Petto
254	 3211227347	 0.9999958769596667	 0.0022161528623046156	 6.650165513089613E-4	 0.0017007301797665186	 -0.07410043496082186	 -0.09997857825044516	 -0.08613964977848904	 -0.8671875	 0.70751953125	 -0.961181640625	 -0.5138546	 0.32783628	 -0.69870514	 0.3745508	 -3.3762753	 1.6814386	 -1.5521698	Triplo salto in lungo	2	Petto
255	 3211244014	 0.9999888049220649	 0.0034396683379048915	 0.00227399861289207	 0.0023211295901024447	 -0.06856862873257638	 -0.10712539878453545	 -0.0852463187824053	 -0.865234375	 0.709716796875	 -0.966796875	 -0.51410025	 0.32394677	 -0.6993822	 0.37633	 -3.397987	 1.1718998	 -1.358429	Triplo salto in lungo	2	Petto
256	 3211260681	 0.999991838243457	 0.0021688658037409825	 0.002034713516206627	 0.002734850727883764	 -0.059887111350092045	 -0.10787736235921677	 -0.0830772344601827	 -0.860595703125	 0.712646484375	 -0.97216796875	 -0.51424557	 0.320509	 -0.70053947	 0.37692207	 -3.4269814	 0.6944447	 -1.6017399	Triplo salto in lungo	2	Petto
257	 3211277348	 0.999993614181498	 0.001657239718977216	 0.001752058714916016	 0.002637317386770644	 -0.062114775409622944	 -0.11148136129386835	 -0.07954601765067348	 -0.853515625	 0.7177734375	 -0.978515625	 -0.51437736	 0.3175102	 -0.7017058	 0.3771107	 -3.1861908	 0.64397246	 -1.3963032	Triplo salto in lungo	2	Petto
258	 3211294015	 0.999993427536683	 0.0012775764866305717	 0.002246852129701438	 0.0025425060992770865	 -0.07542281610926369	 -0.12065307927721122	 -0.07301307290230122	 -0.85009765625	 0.714599609375	 -0.97900390625	 -0.5139964	 0.31458768	 -0.7032327	 0.37723532	 -2.571294	 0.93210244	 -0.6155834	Triplo salto in lungo	2	Petto
259	 3211310682	 0.9999855523798955	 0.002305428362600226	 0.0030357954107236855	 0.003789983873883463	 -0.08083555901052103	 -0.1276809921955897	 -0.07193148127366544	 -0.844970703125	 0.719482421875	 -0.98193359375	 -0.5138414	 0.30995294	 -0.7051587	 0.3776875	 -2.3934753	 0.9504881	 -0.10595989	Triplo salto in lungo	2	Petto
260	 3211327349	 0.9999810741684906	 0.002147197106786458	 0.003982741311429284	 0.004168767331305445	 -0.0760990323656724	 -0.1264625413464512	 -0.07693193501194473	 -0.83740234375	 0.72021484375	 -0.98486328125	 -0.5130949	 0.3047658	 -0.7077275	 0.3781185	 -2.770995	 0.78453195	 -0.25140667	Triplo salto in lungo	2	Petto
261	 3211344016	 0.999982536223557	 0.0018445137810772783	 0.0044290058772984975	 0.003450930853059087	 -0.07407154549708762	 -0.12804363362425855	 -0.08115956376157325	 -0.836181640625	 0.7236328125	 -0.989501953125	 -0.5116452	 0.300062	 -0.7104001	 0.37883222	 -3.0410101	 0.6595237	 -0.17917156	Triplo salto in lungo	2	Petto
262	 3211360683	 0.9999813483705895	 0.0015868748042113107	 0.00466268134679182	 0.0036116674752489364	 -0.077870128036729	 -0.11321437056283146	 -0.07934096015961602	 -0.828125	 0.7236328125	 -0.994140625	 -0.5099914	 0.2952849	 -0.71331495	 0.37933856	 -2.8923097	 1.276428	 -0.83270836	Triplo salto in lungo	2	Petto
265	 3211410684	 0.9998172299081596	 0.00420761380978002	 0.015341962177370563	 0.010603158083810462	 -0.24009712734523805	 -0.3589286153588185	 -0.23756377576687557	 -0.814453125	 0.724853515625	 -0.994140625	 -0.5036731	 0.28083894	 -0.722747	 0.380894	 -2.8829656	 0.9190375	 0.017568588	Triplo salto in lungo	2	Petto
266	 3211427351	 0.9999793570173876	 0.0033228818206518518	 0.004529864394974937	 0.0031183848481479703	 -0.0818479881742745	 -0.1230742779503239	 -0.08584664803335892	 -0.806884765625	 0.725341796875	 -0.999267578125	 -0.502324	 0.27557045	 -0.7246965	 0.38281438	 -3.0381331	 1.1727769	 -0.087768555	Triplo salto in lungo	2	Petto
267	 3211444018	 0.9999840569374684	 0.0029731186948098315	 0.0035701995493680892	 0.0032093786448676447	 -0.08494486967574853	 -0.1219242466941307	 -0.09088945806910873	 -0.801513671875	 0.731201171875	 -1.005126953125	 -0.50158733	 0.27077407	 -0.7263027	 0.38415653	 -3.2577467	 1.443339	 0.012166977	Triplo salto in lungo	2	Petto
268	 3211460685	 0.9999841894514468	 0.0036637538864820185	 0.0035731617678298193	 0.0023302938812603258	 -0.09147105605555293	 -0.12500043590240664	 -0.09890906053215459	 -0.798583984375	 0.730224609375	 -1.0126953125	 -0.5006797	 0.2662672	 -0.7273907	 0.38642532	 -3.5729342	 1.7778087	 0.46642685	Triplo salto in lungo	2	Petto
269	 3211477352	 0.9999869885805124	 0.0035334552251513607	 0.0034765871902639606	 0.0012044523064005388	 -0.09709223014038763	 -0.13111546179594977	 -0.10255563102875151	 -0.796630859375	 0.729248046875	 -1.02197265625	 -0.49935824	 0.26268733	 -0.7281666	 0.38911495	 -3.661536	 1.9188493	 0.9855766	Triplo salto in lungo	2	Petto
270	 3211494019	 0.999985712110922	 0.004257777636897581	 0.0031548185100160335	 7.028682492029592E-4	 -0.10167539158420645	 -0.12420725650784506	 -0.0972681375420608	 -0.79931640625	 0.731201171875	 -1.032470703125	 -0.49825025	 0.25923592	 -0.7283569	 0.39247915	 -3.2621083	 2.3040457	 0.7162981	Triplo salto in lungo	2	Petto
271	 3211510686	 0.9999874315990974	 0.0043461271315398675	 0.0024623455865266934	 4.297406303333529E-4	 -0.09884954476833858	 -0.1160113731487679	 -0.08938723778804067	 -0.798095703125	 0.735107421875	 -1.039306640625	 -0.4975534	 0.25621533	 -0.72808343	 0.39583984	 -2.8852112	 2.3511746	 0.113586426	Triplo salto in lungo	2	Petto
272	 3211527353	 0.9999896552135392	 0.004379702717006759	 0.0011774232131599868	 3.483455105051103E-4	 -0.0912914423637955	 -0.1104907421583207	 -0.08095078502100637	 -0.797607421875	 0.736083984375	 -1.052734375	 -0.4977588	 0.25373793	 -0.72712827	 0.39892104	 -2.5921474	 2.0736392	 -0.51054573	Triplo salto in lungo	2	Petto
273	 3211544020	 0.9999901666855384	 0.004421252733615336	 2.553901086554955E-5	 3.4409919145145246E-4	 -0.08331652998117389	 -0.10980787679767426	 -0.07521401726099411	 -0.7958984375	 0.73681640625	 -1.0595703125	 -0.49880442	 0.2516967	 -0.7255743	 0.40172777	 -2.4832735	 1.6578021	 -0.87768173	Triplo salto in lungo	2	Petto
274	 3211560687	 0.9999869045616895	 0.0051034686446561894	 -1.2140104907151784E-4	 3.6135122632313665E-4	 -0.07649499763830146	 -0.11410320700133027	 -0.06934841858057962	 -0.79443359375	 0.73486328125	 -1.076416015625	 -0.50012773	 0.2493558	 -0.72366625	 0.40497085	 -2.3678975	 1.1202742	 -0.959033	Triplo salto in lungo	2	Petto
275	 3211577354	 0.9999918869003016	 0.003972865593430838	 -5.063284977090133E-4	 4.313977323194274E-4	 -0.06807834980579461	 -0.11419841733488098	 -0.07174412414157098	 -0.79541015625	 0.736083984375	 -1.08447265625	 -0.5014674	 0.24767916	 -0.72203034	 0.4072566	 -2.748742	 0.81751084	 -1.2139349	Triplo salto in lungo	2	Petto
276	 3211594021	 0.9999942036412078	 0.0032797525511017445	 -8.608044846485642E-4	 3.080954871010899E-4	 -0.06588582167017633	 -0.11924163116714621	 -0.07612700956432289	 -0.794677734375	 0.736328125	 -1.092041015625	 -0.50283545	 0.24658576	 -0.7204619	 0.4090074	 -3.1069534	 0.6687919	 -1.0048132	Triplo salto in lungo	2	Petto
277	 3211610688	 0.9999897164981523	 0.004438219400926979	 -9.14143336787604E-4	 1.8288918492892495E-4	 -0.07081873065917665	 -0.11798729626240304	 -0.08010146131409007	 -0.795166015625	 0.73828125	 -1.097900390625	 -0.5044689	 0.24502786	 -0.71835405	 0.41163096	 -3.259393	 1.0388281	 -0.89273643	Triplo salto in lungo	2	Petto
278	 3211627355	 0.9999938566095736	 0.003420531770202795	 -7.516494488977733E-4	 1.474063316374563E-4	 -0.0772567432713729	 -0.11955560641240649	 -0.08170066727235852	 -0.790283203125	 0.739501953125	 -1.106689453125	 -0.5057149	 0.24394837	 -0.7167323	 0.41356587	 -3.2711737	 1.3543825	 -0.6243496	Triplo salto in lungo	2	Petto
279	 3211644022	 0.9999956448835606	 0.0028768116790857112	 -6.545828262675691E-4	 7.543075193117145E-5	 -0.08355045393791141	 -0.11800130954944796	 -0.07960730600508871	 -0.79248046875	 0.74072265625	 -1.11181640625	 -0.50672454	 0.24316135	 -0.7153656	 0.4151569	 -3.054992	 1.6781409	 -0.5430956	Triplo salto in lungo	2	Petto
280	 3211660689	 0.99999512493449	 0.0031195486266710343	 -1.1466983749325312E-4	 -7.331062554499779E-5	 -0.08687286271762701	 -0.11679507958613025	 -0.08127507275040405	 -0.787353515625	 0.738037109375	 -1.12158203125	 -0.5073424	 0.2421375	 -0.7141352	 0.4171143	 -3.1060963	 1.9293607	 -0.50305176	Triplo salto in lungo	2	Petto
281	 3211677356	 0.9999972948828878	 0.0022720585403198934	 4.089452868341892E-4	 -2.841489900102801E-4	 -0.08642889536229602	 -0.11502801867585061	 -0.08174344671920471	 -0.791748046875	 0.739990234375	 -1.126953125	 -0.5072916	 0.24148037	 -0.71347433	 0.41868517	 -3.1667988	 2.004858	 -0.6179066	Triplo salto in lungo	2	Petto
282	 3211694023	 0.9999978657620691	 0.0020040565308801217	 2.942717907619686E-4	 -4.0698014820100825E-4	 -0.08573446939337742	 -0.11319386907948845	 -0.07873448858744429	 -0.79052734375	 0.73779296875	 -1.128173828125	 -0.50720495	 0.24110036	 -0.7128413	 0.42008498	 -3.018718	 1.994671	 -0.76820755	Triplo salto in lungo	2	Petto
283	 3211710690	 0.9999985973733458	 0.0015489416310278947	 4.117210129207794E-4	 -4.8633010620730005E-4	 -0.08489640547481174	 -0.11320883443811033	 -0.0803060075510707	 -0.7939453125	 0.739013671875	 -1.131591796875	 -0.50689036	 0.24096178	 -0.7124438	 0.42121696	 -3.1353343	 2.0131521	 -0.7895746	Triplo salto in lungo	2	Petto
284	 3211727357	 0.9999992620405138	 8.183613194627237E-4	 6.781341520096241E-4	 -5.88504248621724E-4	 -0.08251121932220579	 -0.11071747959415257	 -0.07974679509428714	 -0.792724609375	 0.74169921875	 -1.1337890625	 -0.5061671	 0.24116227	 -0.7124682	 0.42193013	 -3.1472428	 1.9930818	 -1.0009146	Triplo salto in lungo	2	Petto
285	 3211744024	 0.9999997198825554	 2.0282270808122393E-4	 2.981520996993281E-4	 -6.558986851660787E-4	 -0.08283568765293567	 -0.11023620400343012	 -0.07898354387402484	 -0.79150390625	 0.739501953125	 -1.137939453125	 -0.50553715	 0.24188954	 -0.7125479	 0.42213434	 -3.084937	 2.023622	 -1.0209179	Triplo salto in lungo	2	Petto
286	 3211760691	 0.9999992317447897	 -9.422150427613185E-4	 2.867601286608568E-4	 -7.526681023170556E-4	 -0.0884339479446803	 -0.1070288802656635	 -0.08442442593123721	 -0.79443359375	 0.7373046875	 -1.135009765625	 -0.5045966	 0.24327669	 -0.71308523	 0.42155474	 -3.2346265	 2.5105183	 -0.9646778	Triplo salto in lungo	2	Petto
287	 3211777358	 0.9999963455753481	 -0.002535938513670788	 3.535871718819417E-4	 -8.676565656168257E-4	 -0.08446782264911613	 -0.09986385508102212	 -0.08671861309283967	 -0.7939453125	 0.7373046875	 -1.132080078125	 -0.50316966	 0.24552827	 -0.714301	 0.41989356	 -3.3915339	 2.6005147	 -1.4227686	Triplo salto in lungo	2	Petto
288	 3211794025	 0.999993031038168	 -0.003637677371064657	 -6.882806736324688E-5	 -8.369236158412008E-4	 -0.08049066699199448	 -0.10023647258404911	 -0.08912444207715566	 -0.798583984375	 0.736572265625	 -1.125732421875	 -0.50177914	 0.24849506	 -0.71577036	 0.4173021	 -3.5727358	 2.4416304	 -1.4846468	Triplo salto in lungo	2	Petto
289	 3211810692	 0.9999918773176089	 -0.0037079981945780244	 -0.0010183035413628139	 -0.0012079346385483471	 -0.08516687804028344	 -0.10770891675698265	 -0.09355021817080986	 -0.8017578125	 0.735107421875	 -1.113525390625	 -0.50088567	 0.2521662	 -0.7166919	 0.41458264	 -3.6936321	 2.4854171	 -0.89330006	Triplo salto in lungo	2	Petto
290	 3211827359	 0.9999912390034446	 -0.0034478023873063812	 -0.0019365736138515224	 -0.0013726826625133914	 -0.08469162765146361	 -0.10935323906742063	 -0.0868010068327264	 -0.805419921875	 0.734375	 -1.10546875	 -0.50063634	 0.2562115	 -0.7169949	 0.41187078	 -3.2916586	 2.2430353	 -0.86186314	Triplo salto in lungo	2	Petto
291	 3211844026	 0.9999940318729909	 -0.001496134717163991	 -0.002586382311737107	 -0.0017344814341589412	 -0.08600617212272187	 -0.1197504590224149	 -0.08510750635964948	 -0.80712890625	 0.735595703125	 -1.103759765625	 -0.50119644	 0.2598091	 -0.7160671	 0.4105479	 -3.1647334	 1.9142997	 -0.29127598	Triplo salto in lungo	2	Petto
292	 3211860693	 0.9999892118686423	 -0.0020506362074778905	 -0.003393190621701459	 -0.0024201848856943986	 -0.08719603505513623	 -0.13492724882539164	 -0.09530741675516714	 -0.808349609375	 0.733154296875	 -1.100341796875	 -0.5019021	 0.2645094	 -0.7147727	 0.40893686	 -3.7390506	 1.6849495	 0.61688614	Triplo salto in lungo	2	Petto
293	 3211877360	 0.9999883528190446	 -0.0018075543237327657	 -0.003496276816141175	 -0.002793388989320023	 -0.08241740850110947	 -0.1330196251627546	 -0.10127740685757922	 -0.811767578125	 0.73486328125	 -1.0966796875	 -0.5025805	 0.2694007	 -0.7132135	 0.40763065	 -4.163065	 1.6284298	 0.43931007	Triplo salto in lungo	2	Petto
294	 3211894027	 0.999985104991534	 -0.0025620591130737225	 -0.0035704452865141516	 -0.0032369072628038453	 -0.08011954436739567	 -0.12294159569008076	 -0.0958239191582232	 -0.819091796875	 0.7353515625	 -1.092041015625	 -0.50291556	 0.27503026	 -0.7117849	 0.40595192	 -3.884377	 1.7345889	 -0.19607162	Triplo salto in lungo	2	Petto
295	 3211910694	 0.999982701412575	 -0.0024310485088742673	 -0.00372488287127179	 -0.003848652537161213	 -0.08549446345034258	 -0.1187954373242179	 -0.09482983027007338	 -0.82568359375	 0.73291015625	 -1.081787109375	 -0.5031338	 0.281099	 -0.7100316	 0.40459272	 -3.6975942	 2.103248	 -0.25360203	Triplo salto in lungo	2	Petto
296	 3211927361	 0.999981128644585	 -0.002569310377102507	 -0.003655163515416588	 -0.004216726047969133	 -0.08611409774650158	 -0.11330053907184721	 -0.08566273669018362	 -0.831298828125	 0.734130859375	 -1.081787109375	 -0.50309855	 0.2874683	 -0.7082387	 0.4033014	 -3.1548264	 2.154052	 -0.60711384	Triplo salto in lungo	2	Petto
297	 3211944028	 0.9999803860444649	 -0.0026422662508383266	 -0.003809859735611071	 -0.004210810399151	 -0.08628315336334968	 -0.11308717852090697	 -0.07648048549654612	 -0.841796875	 0.731201171875	 -1.07470703125	 -0.50313985	 0.29392582	 -0.70636815	 0.40187338	 -2.6176245	 2.034325	 -0.70827675	Triplo salto in lungo	2	Petto
298	 3211960695	 0.9999803971202295	 -0.0026661806579526826	 -0.003816990142819166	 -0.004186578820119358	 -0.08813331945025694	 -0.11597769599293287	 -0.08430631501692637	 -0.8505859375	 0.728759765625	 -1.06884765625	 -0.5031733	 0.30036506	 -0.7044791	 0.4003835	 -3.0115366	 2.1884923	 -0.4248352	Triplo salto in lungo	2	Petto
299	 3211977362	 0.9999790516961645	 -0.002687169085882818	 -0.004208067778102898	 -0.004119157282533204	 -0.07943904491393988	 -0.10806877979627742	 -0.08560532947190287	 -0.857421875	 0.728759765625	 -1.0625	 -0.50348765	 0.30691373	 -0.7023896	 0.39868966	 -3.245415	 2.0340838	 -1.0686417	Triplo salto in lungo	2	Petto
300	 3211994029	 0.9999773988135837	 -0.002228512502516017	 -0.004713890966779017	 -0.004244387588140663	 -0.07692923647929112	 -0.10942614221430583	 -0.08298410550854211	 -0.8662109375	 0.72802734375	 -1.0556640625	 -0.50423044	 0.31351167	 -0.69979	 0.3971856	 -3.1324918	 1.8381916	 -1.0942936	Triplo salto in lungo	2	Petto
301	 3212010696	 0.9999769763398721	 -0.0014437358520794502	 -0.004929233919097775	 -0.004434531534110165	 -0.07617189080159592	 -0.11342664842299698	 -0.08312482969578419	 -0.875244140625	 0.729736328125	 -1.05615234375	 -0.50527763	 0.3199219	 -0.6966746	 0.396219	 -3.1466405	 1.6977991	 -0.90775585	Triplo salto in lungo	2	Petto
302	 3212027363	 0.999978581430315	 -5.192312786545805E-4	 -0.00464797588623181	 -0.004578580528401988	 -0.0704230095839274	 -0.11765522735075103	 -0.08431932090984448	 -0.8798828125	 0.7275390625	 -1.051513671875	 -0.5063516	 0.3258436	 -0.69325465	 0.39602077	 -3.3123374	 1.3202589	 -0.8366728	Triplo salto in lungo	2	Petto
303	 3212044030	 0.9999823120124247	 -2.670143121674823E-4	 -0.003932051410257515	 -0.0044545861030926845	 -0.06495596002892678	 -0.11833519099070153	 -0.08352936740900091	 -0.888916015625	 0.729736328125	 -1.05224609375	 -0.5070459	 0.33126268	 -0.69010735	 0.39613342	 -3.3710694	 1.0417843	 -0.9665165	Triplo salto in lungo	2	Petto
304	 3212060697	 0.9999778384818124	 -9.967032566354506E-4	 -0.004989201887690421	 -0.004293831899874312	 -0.06226133312489371	 -0.12703791130062325	 -0.08610709440986622	 -0.896484375	 0.725830078125	 -1.045166015625	 -0.5082774	 0.3373589	 -0.6867327	 0.39527386	 -3.5426307	 0.7261637	 -0.55719566	Triplo salto in lungo	2	Petto
305	 3212077364	 0.9999809949513958	 -0.001490535420373279	 -0.004473220272042777	 -0.003972195938654778	 -0.06861976260376582	 -0.1338742536709422	 -0.08972153217819598	 -0.900390625	 0.726318359375	 -1.045654296875	 -0.509097	 0.34327966	 -0.6838892	 0.39404953	 -3.6349797	 0.9280822	 0.0041151047	Triplo salto in lungo	2	Petto
306	 3212094031	 0.9999829557306109	 -0.0019960563057610237	 -0.004316696975304985	 -0.0033867587334490135	 -0.06548930500014896	 -0.13221107357930936	 -0.08499274084269977	 -0.906982421875	 0.72509765625	 -1.04052734375	 -0.50985014	 0.34899724	 -0.6814946	 0.392198	 -3.410581	 0.7726951	 -0.21360111	Triplo salto in lungo	2	Petto
307	 3212110698	 0.9999836750810333	 -0.0015962608855993876	 -0.004595305118254179	 -0.0029974478287086996	 -0.0631733269307991	 -0.1337919971094638	 -0.0792030042312035	 -0.910888671875	 0.722900390625	 -1.035400390625	 -0.51106954	 0.35435423	 -0.6789074	 0.3902897	 -3.0856562	 0.5508631	 -0.24329185	Triplo salto in lungo	2	Petto
308	 3212127365	 0.9999812052602113	 -0.001570240666077194	 -0.0050589116176342494	 -0.0030872129552234617	 -0.06787776345835955	 -0.14050688890105328	 -0.0789295224595994	 -0.9189453125	 0.724365234375	 -1.03076171875	 -0.5125614	 0.35993558	 -0.6760102	 0.38824973	 -2.9675772	 0.6191843	 0.23109913	Triplo salto in lungo	2	Petto
309	 3212144032	 0.9999794264020476	 -8.717711241935377E-4	 -0.005622538920742992	 -0.0029620674914128124	 -0.06445656228382196	 -0.13509889119522786	 -0.0748628857908379	 -0.921875	 0.72216796875	 -1.02783203125	 -0.5147161	 0.36528277	 -0.6725656	 0.386383	 -2.802915	 0.5459474	 -0.18580437	Triplo salto in lungo	2	Petto
310	 3212160699	 0.9999778068598668	 -2.0163413139023811E-4	 -0.005942863270935934	 -0.003004581094068981	 -0.06439323184411994	 -0.13681160645140517	 -0.07310244453699782	 -0.925537109375	 0.71923828125	 -1.02490234375	 -0.5172971	 0.37042603	 -0.6686467	 0.38483793	 -2.7077248	 0.48454368	 -0.11828232	Triplo salto in lungo	2	Petto
311	 3212177366	 0.9999792319915437	 5.091994248176412E-4	 -0.005653679748256758	 -0.0030515908723661726	 -0.06800069990036609	 -0.13904674004670045	 -0.07563078981196933	 -0.93017578125	 0.71923828125	 -1.023681640625	 -0.51991093	 0.375104	 -0.6645549	 0.3838706	 -2.8316894	 0.6453325	 0.10783005	Triplo salto in lungo	2	Petto
