2	 3246525950	 0.9992466916726063	 -0.02027281869011044	 -0.03267537674286831	 0.0052327582039394804	 0.10807409600589737	 0.26987816226543104	 -0.46676738636077564	 -1.0634765625	 0.136962890625	 -0.296142578125	 0.18491802	 -0.33267292	 0.90467805	 -0.19155084	 -25.426136	 15.091008	 4.8281918	Triplo salto in lungo	3	Petto
3	 3246542617	 0.9993561595355297	 -0.03344159560639812	 0.010805478145943114	 -0.007222722736797472	 0.003553316738076573	 0.19651692938791623	 -0.9502944480209983	 -1.062744140625	 0.069580078125	 -0.268310546875	 0.007706187	 -0.40882477	 0.91023016	 0.065454304	 -10.272139	 2.2826765	 47.451355	Triplo salto in lungo	3	Petto
4	 3246559284	 0.9996966217637188	 -0.011411161934960085	 0.01789023510077119	 -0.0125055709802247	 0.1320068380721114	 0.12074268900165885	 -0.28321820335516085	 -1.10693359375	 0.021240234375	 -0.256591796875	 -0.12339818	 -0.34768817	 0.9075082	 0.20078617	 -4.618727	 -4.968744	 9.10718	Triplo salto in lungo	3	Petto
5	 3246575951	 0.9999255311879148	 0.010322442654998043	 -0.003399019919016741	 -0.005552109490178037	 0.06731527193839681	 0.08048519580148443	 -0.1356666529883865	 -1.11865234375	 0.030029296875	 -0.2666015625	 -0.18764804	 -0.27312565	 0.9110244	 0.2454087	 -1.0469325	 -1.728801	 0.2769165	Triplo salto in lungo	3	Petto
6	 3246592618	 0.9999918229500112	 0.003467252983687899	 -0.0019301800073349836	 -7.788420891858827E-4	 0.14207418988089296	 0.2072670139592495	 -0.2814308648571997	 -1.10888671875	 0.042236328125	 -0.268310546875	 -0.22400643	 -0.2243864	 0.91003674	 0.2670302	 -1.3481067	 -1.6719875	 12.722651	Triplo salto in lungo	3	Petto
7	 3246609285	 0.9999802335549948	 -0.0023631770772942207	 0.005446546546558962	 0.0020695468382054276	 0.08999903264657583	 0.1002318352755544	 -0.2908614001046004	 -1.114501953125	 0.037841796875	 -0.26708984375	 -0.25395662	 -0.1904127	 0.90620756	 0.2793513	 4.111211	 -5.150883	 8.253983	Triplo salto in lungo	3	Petto
8	 3246625952	 0.9999730853947285	 -0.004913034548666387	 0.004999890395261276	 0.002166027171101148	 -0.014161576167754555	 0.02708776752049415	 -0.3334227757372369	 -1.12451171875	 0.028076171875	 -0.259521484375	 -0.2695632	 -0.16526641	 0.9057588	 0.28217745	 11.8681135	 -6.7009516	 4.945799	Triplo salto in lungo	3	Petto
9	 3246642619	 0.9999978006125326	 -0.0019227618349975106	 8.157825423234927E-4	 1.904097343179423E-4	 -0.0016751782722286696	 0.09739611324061768	 -0.38130588255439013	 -1.124755859375	 0.023681640625	 -0.256103515625	 -0.26536655	 -0.15152425	 0.9116173	 0.27491003	 12.228634	 -4.812805	 9.805368	Triplo salto in lungo	3	Petto
10	 3246659286	 0.9999989536178243	 3.372554775020187E-4	 0.0013198737247969996	 4.867805971728867E-4	 0.02913565319010849	 0.13376120431260874	 -0.38501052383178347	 -1.126953125	 0.024169921875	 -0.252685546875	 -0.25330555	 -0.14505152	 0.9195863	 0.26297885	 9.935116	 -3.621402	 12.306551	Triplo salto in lungo	3	Petto
12	 3246692620	 0.9994582190625195	 -0.02642842823638592	 0.019596224562915186	 -8.91354144296308E-4	 0.08576436250324787	 0.3289521396424763	 -0.9254046544583276	 -1.158203125	 -0.0126953125	 -0.258544921875	 -0.24220844	 -0.13806014	 0.9234074	 0.26380584	 11.494364	 -4.1425962	 19.269903	Triplo salto in lungo	3	Petto
14	 3246725954	 0.9990116382771305	 -0.03910366320703206	 0.019574448824349278	 0.007968128002084187	 -0.05489321173578787	 0.04094974328665617	 -0.8578213743999183	 -1.20849609375	 -0.0849609375	 -0.248046875	 -0.23007895	 -0.120359786	 0.9255134	 0.2756854	 13.724622	 -10.229176	 8.01219	Triplo salto in lungo	3	Petto
15	 3246742621	 0.9999542958049737	 -0.008606079999090618	 0.004155657725478956	 -2.6869517484728883E-4	 -0.050264482564081656	 -0.007625332100729219	 -0.37520505937757215	 -1.21875	 -0.102294921875	 -0.24169921875	 -0.21369238	 -0.1112326	 0.93153095	 0.27242136	 12.841923	 -9.495649	 6.3424587	Triplo salto in lungo	3	Petto
16	 3246759288	 0.9999950472930929	 -8.509948316694771E-4	 -0.0015002317134525935	 -0.0026325846401306086	 -0.021149182133873415	 0.018922416515610677	 -0.36897777326172976	 -1.22216796875	 -0.1064453125	 -0.240478515625	 -0.19000138	 -0.10198217	 0.9404412	 0.26281148	 10.199977	 -8.696127	 7.889435	Triplo salto in lungo	3	Petto
17	 3246775955	 0.9999696822215575	 0.007286098472320264	 -0.0010958303285121818	 -0.0025192385080218265	 -0.01130429737627378	 0.02618296919191819	 -0.37240297913203757	 -1.22265625	 -0.100830078125	 -0.23876953125	 -0.16667898	 -0.092431314	 0.9504932	 0.24543318	 8.658716	 -8.469045	 9.040895	Triplo salto in lungo	3	Petto
18	 3246792622	 0.9998230875811632	 0.017908057531444227	 -0.005189867464920298	 -0.002481993315173847	 0.004260699837548121	 0.008432494183865592	 -0.34665031475914	 -1.222412109375	 -0.068603515625	 -0.252685546875	 -0.13995081	 -0.082033105	 0.9623347	 0.21816675	 6.328966	 -8.46672	 8.10825	Triplo salto in lungo	3	Petto
19	 3246809289	 0.9995756339291724	 0.026677694153752637	 -0.011632950955269077	 -0.0012357757904395419	 9.728278354828833E-4	 -0.015190601637192557	 -0.2462789914826214	 -1.205810546875	 -0.02099609375	 -0.2509765625	 -0.10863722	 -0.06858532	 0.97479266	 0.18241006	 3.910757	 -6.522117	 2.889884	Triplo salto in lungo	3	Petto
20	 3246825956	 0.9994884448810878	 0.029886888167156386	 -0.011376107998373715	 4.545675725027287E-4	 -0.007153451810682078	 -0.03584745113601065	 -0.10353490223387601	 -1.18408203125	 0.039306640625	 -0.268798828125	 -0.08028712	 -0.05344462	 0.9849844	 0.14319146	 1.8195359	 -3.980252	 -4.8893514	Triplo salto in lungo	3	Petto
21	 3246842623	 0.9994319935936509	 0.03226256030795642	 -0.009688064683318204	 9.791764335094768E-4	 -0.01787981217176955	 -0.08897960837488314	 0.0034237064285768688	 -1.164794921875	 0.100341796875	 -0.293701171875	 -0.05638392	 -0.03884394	 0.99243504	 0.10190791	 1.3503914	 -4.9767814	 -11.5729885	Triplo salto in lungo	3	Petto
22	 3246859290	 0.99957880765422	 0.028714335065814153	 -0.0038745998209467063	 0.0016375977904860561	 -0.01370004983731276	 -0.10762831158998053	 0.007904656130356482	 -1.150390625	 0.157958984375	 -0.314697265625	 -0.040927663	 -0.024115184	 0.9968034	 0.06424025	 1.0428547	 -6.204525	 -11.549802	Triplo salto in lungo	3	Petto
26	 3246925958	 0.9875706986309831	 0.15043031962198472	 -0.04553076250308131	 0.001335593436410154	 -0.5205392494819986	 -0.8641874088178089	 -0.8494401917962607	 -1.089599609375	 0.396728515625	 -0.475341796875	 0.03244667	 0.03913847	 0.99094886	 -0.12424153	 13.33667	 -18.419905	 9.803814	Triplo salto in lungo	3	Petto
27	 3246942625	 0.9943264058318947	 0.09663251512248988	 -0.04442916555796445	 -0.0017902330438241412	 -0.2685350815872405	 -0.4017409365340968	 -0.23938983048365353	 -1.036865234375	 0.52197265625	 -0.5986328125	 0.076079026	 0.05349412	 0.968071	 -0.23278639	 12.099903	 -20.804117	 11.812679	Triplo salto in lungo	3	Petto
28	 3246959292	 0.9954204221660405	 0.07528087686134866	 -0.056585443672911025	 0.016403056974479302	 -0.2673904383956144	 -0.3915334069772997	 -0.1845168107506742	 -0.955810546875	 0.62060546875	 -0.7373046875	 0.13233401	 0.08132553	 0.9347748	 -0.3194843	 10.119418	 -16.677113	 13.666271	Triplo salto in lungo	3	Petto
29	 3246975959	 0.9977441471864943	 0.058429974087905956	 -0.03181384512664942	 -0.008968508317398318	 -0.3688160623926468	 -0.46750320152106717	 -0.07294316980171689	 -0.91455078125	 0.67724609375	 -0.852783203125	 0.15492064	 0.08895013	 0.90317637	 -0.39033347	 12.370199	 -20.573616	 17.007353	Triplo salto in lungo	3	Petto
30	 3246992626	 0.9983151819111591	 0.02913516581274811	 0.01985307681275778	 -0.04608465058801825	 -0.07820289838232543	 -0.06662193332391658	 0.11794734737089967	 -0.978759765625	 0.6962890625	 -0.937255859375	 0.11598653	 0.07867365	 0.8898806	 -0.43413198	 4.4519424	 -8.261902	 -9.763964	Triplo salto in lungo	3	Petto
31	 3247009293	 0.9890220699170991	 -0.06570928098721293	 0.02110969587227521	 -0.1306599263325234	 0.13538177782680075	 -0.01838740745684264	 -0.11856665110765721	 -1.20166015625	 0.612060546875	 -0.873779296875	 0.044253133	 -0.025373152	 0.9186564	 -0.39175057	 -8.967028	 5.499558	 -7.139219	Triplo salto in lungo	3	Petto
32	 3247025960	 0.9923232098960564	 0.05198109088087077	 -0.013017930396293178	 -0.11145917091302576	 0.17972593010177015	 0.3028880045607191	 -0.20501660687102197	 -1.439208984375	 0.48291015625	 -0.891845703125	 0.0128274625	 -0.12699623	 0.8873491	 -0.4430793	 -12.068718	 20.560225	 -15.24045	Triplo salto in lungo	3	Petto
33	 3247042627	 0.9999725259781369	 -0.0015557819097051784	 -0.0015033220869861696	 -0.007089912147309863	 -0.14523056278129087	 0.7247514432690951	 -0.5105932332804263	 -1.503662109375	 0.4443359375	 -0.910400390625	 0.010527113	 -0.13330926	 0.88712543	 -0.4417316	 -5.0119004	 51.05029	 -26.365543	Triplo salto in lungo	3	Petto
34	 3247059294	 0.9989784527152831	 0.004921213583227169	 0.0022549984121331694	 0.044863656222031034	 -0.01758727699699384	 0.12453394555915212	 -0.1432791915922128	 -1.44775390625	 0.48779296875	 -0.910888671875	 0.029309077	 -0.09307508	 0.8902111	 -0.44497442	 -1.8865111	 11.258336	 -10.5469475	Triplo salto in lungo	3	Petto
35	 3247075961	 0.998844383267983	 0.01395829797590642	 7.759901531761982E-4	 0.04598327707874512	 0.06119892925395028	 -0.04590351538659666	 -0.05201421834774627	 -1.3681640625	 0.5537109375	 -0.9423828125	 0.05036409	 -0.051523406	 0.88743967	 -0.45525804	 -3.639285	 0.1273626	 -5.623501	Triplo salto in lungo	3	Petto
36	 3247092628	 0.9995702986063697	 0.006107533662004838	 -0.02027149610865359	 0.020272706332830404	 0.013733490640956244	 -0.062037453433938544	 -0.06447116717262599	 -1.307373046875	 0.59033203125	 -0.93994140625	 0.07772816	 -0.04238904	 0.88444513	 -0.4581689	 -1.1735553	 0.8303415	 -4.574861	Triplo salto in lungo	3	Petto
37	 3247109295	 0.9999285954938104	 -0.00900740249121379	 -0.007214641862145765	 -0.0031015410585497065	 -0.09621023132002704	 0.0036374788298610544	 -0.15570272472243446	 -1.29736328125	 0.583740234375	 -0.920166015625	 0.082114086	 -0.04901683	 0.88794875	 -0.44989118	 4.025359	 8.483	 -4.114291	Triplo salto in lungo	3	Petto
38	 3247125962	 0.9999001194292576	 -0.012508469644531006	 0.002419271879721963	 -0.006118535452240503	 -0.07633629666829686	 0.09987400167671077	 -0.12232361024696235	 -1.311767578125	 0.56640625	 -0.898193359375	 0.07647422	 -0.054370664	 0.89351124	 -0.43912816	 3.0117805	 10.083887	 -9.912267	Triplo salto in lungo	3	Petto
39	 3247142629	 0.9999151248834545	 -0.01008466060469837	 -0.007254860710530831	 -0.003925512178621583	 0.010924350286677223	 0.11053680893850723	 -0.10136035557260226	 -1.314208984375	 0.559814453125	 -0.874267578125	 0.08058622	 -0.06186677	 0.89721847	 -0.42974174	 -1.9753426	 8.646486	 -11.464628	Triplo salto in lungo	3	Petto
40	 3247159296	 0.9998912070567354	 -0.014134926147098548	 -0.0035941023539751153	 -0.0022046182685038773	 0.02225263579943148	 0.06385715916339052	 -0.1354856690405214	 -1.32177734375	 0.545166015625	 -0.84765625	 0.08185351	 -0.06652635	 0.90289223	 -0.4167258	 -3.085983	 8.329819	 -7.905527	Triplo salto in lungo	3	Petto
41	 3247175963	 0.9998694680298719	 -0.015335864515480135	 -0.00430808296456342	 -0.0027015888647983215	 0.03691204497540987	 0.044033662398148765	 -0.11284489446146423	 -1.322021484375	 0.526611328125	 -0.8193359375	 0.083427146	 -0.07197979	 0.9087559	 -0.40251952	 -3.685659	 6.301029	 -7.70545	Triplo salto in lungo	3	Petto
42	 3247192630	 0.999840008464542	 -0.017534336101826753	 -0.0011775558594130377	 -0.00333435050505676	 0.03893044059878298	 0.06973780545533012	 -0.13740287600210016	 -1.324951171875	 0.511474609375	 -0.789794921875	 0.08168739	 -0.076868325	 0.91545075	 -0.3864824	 -4.28182	 8.249549	 -7.683689	Triplo salto in lungo	3	Petto
43	 3247209297	 0.999664833626869	 -0.02199898118533955	 0.008611555320300309	 -0.010588028689834219	 0.034777681835397055	 0.05361058574387177	 -0.09689440702509611	 -1.341796875	 0.485595703125	 -0.761962890625	 0.067784004	 -0.08492808	 0.9236513	 -0.3675068	 -3.5035834	 5.8298388	 -8.317144	Triplo salto in lungo	3	Petto
44	 3247225964	 0.9988433155939467	 -0.03244286483819728	 0.01933513722730768	 -0.02975976953511339	 0.034609481389318617	 0.05079793475932394	 -0.024949834319800235	 -1.3984375	 0.429931640625	 -0.734130859375	 0.035934646	 -0.10733273	 0.93338966	 -0.34054732	 -2.6376965	 2.7472324	 -10.96865	Triplo salto in lungo	3	Petto
45	 3247242631	 0.9977733905175166	 -0.03674440529140882	 0.03733572451867584	 -0.0412813944728811	 0.007458783902605499	 0.09451719752689271	 0.0014886575648192964	 -1.4873046875	 0.346435546875	 -0.721435546875	 -0.017242093	 -0.13410854	 0.940818	 -0.31077266	 -1.4252418	 4.0673184	 -13.526361	Triplo salto in lungo	3	Petto
46	 3247259298	 0.9980797330102642	 -0.032959307333042975	 0.0383081251643403	 -0.03581924288254923	 -0.007067827981144557	 0.14167804567346964	 0.038607486690150065	 -1.578369140625	 0.253662109375	 -0.73828125	 -0.06903001	 -0.1550238	 0.9438397	 -0.28349498	 -1.7152264	 5.2892594	 -16.660475	Triplo salto in lungo	3	Petto
47	 3247275965	 0.999453528377919	 -0.023435034644343128	 -0.006495187255122493	 -0.022388754022218574	 -0.018535721084531283	 0.13092692327119554	 0.2195518257538731	 -1.615478515625	 0.19921875	 -0.72265625	 -0.073052	 -0.17632975	 0.9469701	 -0.25849387	 -2.1157427	 -0.8355217	 -25.021526	Triplo salto in lungo	3	Petto
48	 3247292632	 0.9993908403788321	 -0.0342297808322545	 -0.005697839015822105	 0.0037154948011489664	 -0.007502945791007496	 0.15391425310318974	 0.0764723539266065	 -1.616455078125	 0.14990234375	 -0.67626953125	 -0.07295758	 -0.17154075	 0.9563564	 -0.2250196	 -3.2373464	 5.1925516	 -18.1245	Triplo salto in lungo	3	Petto
49	 3247309299	 0.9992380181061602	 -0.019551387831048983	 -0.002218649913022397	 0.03370762521621135	 -0.018209055559925087	 0.06283474347858692	 0.06830527286926646	 -1.58935546875	 0.163330078125	 -0.6513671875	 -0.066827536	 -0.13811657	 0.96600926	 -0.20804915	 -0.6003713	 1.6222067	 -15.216822	Triplo salto in lungo	3	Petto
50	 3247325966	 0.9968795320708964	 0.013407182839653642	 -0.014610861525702736	 0.07640660123242993	 -0.020587847160287265	 -0.05121032100935284	 0.14846095788157634	 -1.51416015625	 0.255615234375	 -0.64013671875	 -0.035045113	 -0.067623086	 0.97178006	 -0.22325487	 1.4482936	 -6.137578	 -16.922302	Triplo salto in lungo	3	Petto
51	 3247342633	 0.9908595249347323	 0.024325941482846697	 -0.020037100392952038	 0.131164648533561	 -0.04325759394690051	 -0.06596817966951499	 0.06951260041623657	 -1.341552734375	 0.42333984375	 -0.654541015625	 0.0153969	 0.055356957	 0.96707565	 -0.24791856	 2.9923394	 -5.0542912	 -12.1142235	Triplo salto in lungo	3	Petto
52	 3247359300	 0.9968965463464972	 -0.04165999222696362	 -0.012651367869229326	 0.06558707053309448	 -0.13791778874431404	 -0.2806279358970196	 0.02809333469472318	 -1.13525390625	 0.4912109375	 -0.603515625	 0.045894373	 0.115150705	 0.97059304	 -0.20635761	 6.300661	 -16.295513	 -2.7712512	Triplo salto in lungo	3	Petto
53	 3247375967	 0.9922705108716089	 -0.09044034439075119	 0.08190024586361747	 -0.022630225110627403	 -0.3515913517228556	 -0.6165957791055412	 -0.07470587182913402	 -1.23681640625	 0.38037109375	 -0.5361328125	 -0.028419295	 0.10536918	 0.98809916	 -0.10839851	 11.303667	 -35.329124	 11.584177	Triplo salto in lungo	3	Petto
54	 3247392634	 0.9973612948807183	 -0.07125385874547699	 0.011467516435887727	 -0.007863278866283352	 -0.04318300163453682	 -0.038612048648785244	 0.04894128501879128	 -1.32568359375	 0.24462890625	 -0.4638671875	 -0.033198927	 0.10096818	 0.9936776	 -0.03617139	 1.8302003	 -3.3777077	 -12.251089	Triplo salto in lungo	3	Petto
55	 3247409301	 0.9977121403422929	 -0.05721034073672447	 -0.033752677296115925	 0.012578501569462443	 -0.08563729198986594	 -0.16583973265654856	 -0.0035590767676360324	 -1.271728515625	 0.16162109375	 -0.375	 0.0064644106	 0.11422442	 0.9932876	 0.017057097	 3.0695353	 -10.748861	 -9.116334	Triplo salto in lungo	3	Petto
56	 3247425968	 0.9992160274926579	 -0.03378400381940534	 -0.019841026871315063	 0.005683761115141905	 -0.11570173830148173	 -0.19663843828909647	 -0.2282600926629452	 -1.229736328125	 0.10693359375	 -0.324462890625	 0.02975949	 0.120408	 0.9910932	 0.048486568	 3.8547308	 -13.501806	 3.5211496	Triplo salto in lungo	3	Petto
57	 3247442635	 0.9999127062021285	 -0.006297751573108065	 -0.005243573302585569	 -0.01036451830428481	 0.010825598102491969	 -0.07503573720248087	 -0.16740977028790438	 -1.21533203125	 0.071044921875	 -0.302001953125	 0.036048427	 0.11070139	 0.99173677	 0.053889588	 -2.4016652	 -5.084091	 -0.32796764	Triplo salto in lungo	3	Petto
58	 3247459302	 0.9994100470884776	 0.013677091670709587	 -0.027464325374907148	 -0.015433916344833765	 0.08602345767042846	 0.21484734691577467	 -0.058330323984091076	 -1.194091796875	 0.08642578125	 -0.2919921875	 0.062383566	 0.09771123	 0.9925754	 0.036810733	 -2.5345485	 13.307325	 -5.1713424	Triplo salto in lungo	3	Petto
59	 3247475969	 0.9992985539263294	 -0.03146906839738034	 0.019593575127263566	 -0.005309394379807043	 0.006701240309327408	 0.3934287858698564	 -0.6629525959001163	 -1.196533203125	 0.054443359375	 -0.291015625	 0.045939755	 0.089870885	 0.99244225	 0.06979746	 -1.1456025	 20.751144	 31.510414	Triplo salto in lungo	3	Petto
60	 3247492636	 0.9973316996922111	 -0.04671483748441564	 0.05249560538694265	 -0.019784240266135733	 -0.022212623038747492	 0.4412839850226676	 -1.0758939299478827	 -1.3076171875	 -0.041015625	 -0.3037109375	 -9.659182E-4	 0.064061254	 0.9906988	 0.120048195	 -0.85743916	 17.128035	 57.83124	Triplo salto in lungo	3	Petto
61	 3247509303	 0.9996490080879017	 -0.010863135511956758	 0.021214947298868678	 -0.011566284054493727	 0.320329847478426	 0.09780521571541873	 -0.26301721653230054	 -1.377197265625	 -0.100830078125	 -0.323486328125	 -0.020205481	 0.049685307	 0.98974085	 0.13242623	 -18.535866	 4.2977757	 7.2409763	Triplo salto in lungo	3	Petto
62	 3247525970	 0.999872055792283	 0.014291131361158518	 -0.0071857848220634535	 1.032582800580828E-5	 0.10128226924623261	 -0.04560724156587894	 -0.11043959177117749	 -1.378662109375	 -0.08642578125	 -0.319580078125	 -0.014116897	 0.05032904	 0.9916154	 0.11818065	 -6.142874	 -3.8190439	 -3.8129215	Triplo salto in lungo	3	Petto
63	 3247542637	 0.9998657771119173	 0.015876435969865224	 -0.0036466018958066647	 0.0017518093190111441	 0.06943012542413997	 0.15570506116127533	 -0.3064104101747495	 -1.368408203125	 -0.050537109375	 -0.322998046875	 -0.01180059	 0.052402165	 0.99328613	 0.10245811	 -2.8850517	 5.0973635	 10.394066	Triplo salto in lungo	3	Petto
64	 3247559304	 0.9999394101695499	 0.009575197848271474	 -0.005268300699745731	 0.001317795005358724	 0.1075467872363796	 0.19576028503554188	 -0.3658563349185174	 -1.362548828125	 -0.029541015625	 -0.335693359375	 -0.007495787	 0.054208204	 0.99417084	 0.092897646	 -4.889237	 7.590162	 14.268383	Triplo salto in lungo	3	Petto
65	 3247575971	 0.9999678450674049	 0.004240263769666214	 -0.006779310877727138	 6.082256467131454E-4	 0.039808617980305064	 0.17866526090361792	 -0.38797932662222734	 -1.348388671875	 -0.020263671875	 -0.328125	 -0.0013354786	 0.055456728	 0.99452496	 0.08856395	 -1.0956051	 6.404055	 15.092724	Triplo salto in lungo	3	Petto
66	 3247592638	 0.9999617930760264	 0.006401122194955047	 -0.005948248523346662	 2.374075147920096E-4	 0.06372642484393073	 0.18292151269017604	 -0.4325359524825968	 -1.337890625	 -0.010009765625	 -0.329833984375	 0.003916	 0.05619833	 0.99502873	 0.08212568	 -2.777461	 6.576094	 17.712542	Triplo salto in lungo	3	Petto
67	 3247609305	 0.9999852432975809	 0.003999449909807468	 -0.002385452822076945	 0.00279771376854332	 0.0803848247212884	 0.1486970916538234	 -0.36075139806572276	 -1.3291015625	 0.002197265625	 -0.333251953125	 0.0055477745	 0.059157595	 0.99515885	 0.07828676	 -4.1732326	 5.7531652	 13.008749	Triplo salto in lungo	3	Petto
68	 3247625972	 0.9999692102160477	 0.0038803250982563375	 -0.002141743762256926	 0.006475695382160418	 0.08079361711589067	 0.08164189893426389	 -0.3700931033334738	 -1.326171875	 0.01220703125	 -0.32568359375	 0.0066549317	 0.06576462	 0.99502075	 0.074597634	 -4.6926045	 1.9268227	 12.876947	Triplo salto in lungo	3	Petto
69	 3247642639	 0.9999297537720602	 0.004732109729892298	 -0.0067113852578284255	 0.008547044329612454	 0.07090137701445626	 0.04611580051286365	 -0.3351956219396861	 -1.312744140625	 0.02685546875	 -0.330322265625	 0.012099219	 0.07482897	 0.99468017	 0.06975752	 -4.3202085	 0.29949805	 10.471678	Triplo salto in lungo	3	Petto
70	 3247659306	 0.9998673120736249	 0.009885550789498099	 -0.01110269462794314	 0.006660653440263675	 0.03902742647773824	 0.03549602845656392	 -0.3226206207520951	 -1.289306640625	 0.048583984375	 -0.326904296875	 0.021657016	 0.082420826	 0.99458927	 0.059415102	 -2.6677897	 -0.21631248	 9.618166	Triplo salto in lungo	3	Petto
71	 3247675973	 0.9998453091379759	 0.012806350669536073	 -0.011473603424584826	 0.003702918007418177	 0.013131791757897165	 0.05538909885424491	 -0.27682505932591095	 -1.268310546875	 0.06982421875	 -0.329833984375	 0.031515565	 0.087155476	 0.99463093	 0.046047192	 -1.1188592	 1.4809035	 7.0426407	Triplo salto in lungo	3	Petto
72	 3247692640	 0.9996003694083297	 0.02237196563829842	 -0.017279948125598747	 -4.998616370432973E-6	 -0.018419563869738375	 0.08216857676029261	 -0.19383690172281015	 -1.23583984375	 0.106689453125	 -0.3349609375	 0.04647257	 0.08870961	 0.9947182	 0.02251536	 1.1020942	 3.6377804	 2.2833214	Triplo salto in lungo	3	Petto
73	 3247709307	 0.9997414818832372	 0.019137820532654323	 -0.012276201195643405	 9.006316109266833E-5	 -0.037362753062978385	 0.11119819463813893	 -0.12126807072846119	 -1.2099609375	 0.140869140625	 -0.34423828125	 0.056713965	 0.08994933	 0.9943269	 0.0026439917	 2.653777	 5.8959703	 -2.023088	Triplo salto in lungo	3	Petto
74	 3247725974	 0.9999856753422743	 0.004471223349470019	 -0.0028049208206815117	 8.886457136061954E-4	 -0.041458174157930135	 0.12299562681691022	 -0.11826935961994423	 -1.1982421875	 0.1572265625	 -0.345947265625	 0.058850586	 0.09103021	 0.99410623	 -0.0017327691	 2.9372504	 6.8526454	 -2.3683739	Triplo salto in lungo	3	Petto
75	 3247742641	 0.9999954252380359	 -0.0024523808612477715	 3.242086600100114E-4	 0.0017407526693876687	 -0.0192776053685558	 0.09893410944946	 -0.0538840530438872	 -1.199462890625	 0.155029296875	 -0.34716796875	 0.058514867	 0.09247646	 0.9939936	 0.0011233044	 1.8205199	 5.676264	 -6.422952	Triplo salto in lungo	3	Petto
76	 3247759308	 0.9999703311200562	 -0.006703347853168326	 0.0033098502730228856	 0.0018565824449606194	 0.008212971189118332	 0.07145165848920622	 -0.00872443635543003	 -1.201904296875	 0.14697265625	 -0.340087890625	 0.05560309	 0.09373639	 0.99400705	 0.008494369	 0.24052514	 4.308827	 -9.293904	Triplo salto in lungo	3	Petto
77	 3247775975	 0.9999567323123858	 -0.007155885991613209	 0.005285956217379886	 0.0027176213272789855	 0.05702968022112696	 0.05232428695094972	 0.014586210223280154	 -1.206298828125	 0.134033203125	 -0.339599609375	 0.050752856	 0.095818944	 0.9939666	 0.016544791	 -2.665229	 3.7273555	 -10.968685	Triplo salto in lungo	3	Petto
78	 3247792642	 0.999918414889762	 -0.010073313460843239	 0.005275177794040243	 0.005819314350224591	 0.07792080596621574	 0.09567468007917884	 -0.03104280104954409	 -1.212158203125	 0.122802734375	 -0.335693359375	 0.04612382	 0.100872554	 0.9934454	 0.027642826	 -3.6837149	 6.48195	 -8.172009	Triplo salto in lungo	3	Petto
79	 3247809309	 0.9998694984982037	 -0.014196986776148127	 0.00411716103106763	 0.006517708529280687	 0.042041905897517724	 0.11801879223607327	 -0.07615794498475854	 -1.215576171875	 0.1025390625	 -0.3251953125	 0.04301716	 0.10641986	 0.99247015	 0.04275177	 -1.5117662	 7.227101	 -5.0321026	Triplo salto in lungo	3	Petto
80	 3247825976	 0.9998073616053036	 -0.019133315102042858	 0.002344482272867377	 0.0036958538823949616	 -0.033279619098197266	 0.09974716058219792	 -0.06756582606610026	 -1.219482421875	 0.07568359375	 -0.311767578125	 0.042292017	 0.10900196	 0.9911768	 0.062441166	 2.7972288	 5.0945706	 -5.0725784	Triplo salto in lungo	3	Petto
81	 3247842643	 0.9998076206485842	 -0.019377866732756543	 0.002902212582960015	 8.928247463848017E-4	 -0.0776809982061146	 0.03312674578006246	 -0.08199968912462291	 -1.221435546875	 0.04296875	 -0.30029296875	 0.041194405	 0.10864055	 0.98981214	 0.08229541	 4.4719663	 0.33523005	 -4.3570833	Triplo salto in lungo	3	Petto
82	 3247859310	 0.9998144041362707	 -0.018473382943426042	 0.0042378417170829555	 0.0034542874577418448	 -0.060680428226272426	 -0.07675202113255752	 -0.11202634173495159	 -1.22900390625	 0.009033203125	 -0.28564453125	 0.03845321	 0.11072298	 0.9879108	 0.10146117	 1.9233531	 -6.2750087	 -3.7653613	Triplo salto in lungo	3	Petto
83	 3247875977	 0.9999177161900127	 -0.011818209253179578	 0.0019871280165960907	 0.004576254106041567	 -0.04890935935610196	 -0.1759160882959221	 -0.10939112123093589	 -1.229736328125	 -0.016845703125	 -0.274169921875	 0.03708362	 0.114478976	 0.98619074	 0.1137878	 -0.006120232	 -12.003267	 -5.453213	Triplo salto in lungo	3	Petto
84	 3247892644	 0.9999682146174429	 -0.006928367442456951	 0.0025279059655247548	 0.0030293845604965064	 -0.03886673721575717	 -0.1877346014548561	 -0.05303310187654188	 -1.23388671875	 -0.025390625	 -0.275390625	 0.034808997	 0.116966516	 0.98509276	 0.1212427	 -0.4892639	 -11.910508	 -9.235535	Triplo salto in lungo	3	Petto
85	 3247909311	 0.9999325660736202	 -0.008256611751746641	 0.006942757699979631	 0.004299974805212659	 -0.0018696527738080986	 -0.10209582135556074	 -0.0692950403579276	 -1.245361328125	 -0.036865234375	 -0.28515625	 0.028204376	 0.120275006	 0.98371893	 0.13052103	 -1.650894	 -6.7650027	 -7.2949314	Triplo salto in lungo	3	Petto
86	 3247925978	 0.9999160626302673	 -0.00811858918472362	 0.008678382770745287	 0.005161576902209308	 0.012555775181954373	 -0.009308620465779162	 -0.20406021635131993	 -1.2568359375	 -0.049072265625	 -0.28466796875	 0.019765776	 0.124244556	 0.98214555	 0.139868	 -1.9208808	 -3.4002113	 1.8290625	Triplo salto in lungo	3	Petto
87	 3247942645	 0.9999366735562969	 -0.00641578314233264	 0.007446747899266957	 0.005480196124517279	 -0.02264691774766094	 0.028590270711406754	 -0.2803875748686999	 -1.26953125	 -0.056396484375	 -0.28515625	 0.012282086	 0.12875025	 0.9805879	 0.14737752	 0.4881105	 -3.2806888	 6.8241825	Triplo salto in lungo	3	Petto
88	 3247959312	 0.9999484775100582	 -0.004971185730757138	 0.006429337326905226	 0.006082208421597013	 -0.04833110699639903	 0.030583125717478638	 -0.3244185263534555	 -1.279541015625	 -0.06005859375	 -0.292724609375	 0.0055243685	 0.13398825	 0.97903305	 0.15333404	 2.053589	 -4.609787	 9.296877	Triplo salto in lungo	3	Petto
89	 3247975979	 0.9999779211302086	 -2.3965707846174827E-5	 0.003715172236777288	 0.005509462133674537	 -0.0853963579039643	 0.01003128281140947	 -0.373184127025577	 -1.286865234375	 -0.059326171875	 -0.29736328125	 8.542039E-4	 0.13908286	 0.978222	 0.1540692	 3.9360824	 -7.4868994	 11.551172	Triplo salto in lungo	3	Petto
90	 3247992646	 0.9999674219482166	 0.007291579657668121	 1.1763703485326295E-4	 0.003460356897958483	 -0.10540689076820084	 -0.0037768639497280376	 -0.38762790977034356	 -1.288330078125	 -0.048095703125	 -0.30029296875	 -9.890273E-4	 0.14272109	 0.9787659	 0.1471301	 4.9854517	 -8.929897	 12.012993	Triplo salto in lungo	3	Petto
91	 3248009313	 0.999827986717239	 0.01755392712028281	 -0.005682111217782713	 -0.0018895056805972035	 -0.07974936585588427	 0.007910866508631795	 -0.390713283622673	 -1.283935546875	 -0.022216796875	 -0.30615234375	 0.0021739425	 0.14194435	 0.98139346	 0.12928313	 3.7851758	 -7.6546874	 12.541714	Triplo salto in lungo	3	Petto
92	 3248025980	 0.9994768777908987	 0.02975949355520449	 -0.011016224486793265	 -0.00624388522886099	 -0.03081473280617547	 0.05352511783500402	 -0.3971233264953652	 -1.267822265625	 0.0205078125	 -0.3134765625	 0.009397355	 0.13754264	 0.98553216	 0.09859212	 1.6909658	 -3.568858	 13.975849	Triplo salto in lungo	3	Petto
93	 3248042647	 0.9990905548042648	 0.03925282538212835	 -0.014898353052786265	 -0.007437612301065378	 -0.005121879349973782	 0.09444731168300106	 -0.32431258695009985	 -1.248291015625	 0.07861328125	 -0.33154296875	 0.019220058	 0.13215959	 0.9893517	 0.057861812	 0.93088204	 1.5311931	 10.377087	Triplo salto in lungo	3	Petto
94	 3248059314	 0.9987807306690789	 0.045200579398751176	 -0.018644394541977142	 -0.006807805690616564	 -0.0035204258732758377	 0.08608275664450518	 -0.23686433928648534	 -1.223388671875	 0.146240234375	 -0.3564453125	 0.031863764	 0.12740795	 0.99128145	 0.010655446	 0.78310716	 3.3414385	 4.914628	Triplo salto in lungo	3	Petto
95	 3248075981	 0.9987734141042366	 0.043948142284395225	 -0.02215182650829015	 -0.005433659049336127	 0.0076510437785464736	 0.05309934930153172	 -0.17355620839540195	 -1.192138671875	 0.216796875	 -0.385498046875	 0.04803644	 0.1236431	 0.99051964	 -0.03572065	 -0.33017847	 3.0637963	 0.6422157	Triplo salto in lungo	3	Petto
96	 3248092648	 0.9987260985349978	 0.04563846926997828	 -0.02121001495691702	 -0.0036668096872224387	 8.036191209525451E-4	 0.017572608224996615	 -0.16012791941910753	 -1.162353515625	 0.285400390625	 -0.421875	 0.06300604	 0.12134886	 0.98708606	 -0.083462976	 -0.61548483	 1.8245115	 -0.341074	Triplo salto in lungo	3	Petto
97	 3248109315	 0.9988840919692743	 0.04327957416316186	 -0.018905971411357497	 1.1625818935223632E-4	 -0.013863135012252323	 -0.07964259451063681	 -0.08206853993814962	 -1.129150390625	 0.351318359375	 -0.469482421875	 0.07614431	 0.12258622	 0.9811988	 -0.12815672	 -0.904135	 -3.8752391	 -4.161801	Triplo salto in lungo	3	Petto
98	 3248125982	 0.9989579104508474	 0.04230578880877761	 -0.016734487613007474	 0.003642843020770059	 -0.09833448480894275	 -0.21564262916174143	 -0.02631316620315087	 -1.096435546875	 0.41455078125	 -0.515380859375	 0.08756003	 0.12720129	 0.97307795	 -0.17109285	 2.113329	 -13.000542	 -4.2234473	Triplo salto in lungo	3	Petto
99	 3248142649	 0.9983757811156615	 0.05293095075126428	 -0.01490121517211396	 0.014901943519368856	 -0.18256265730055993	 -0.312739148569788	 -0.0848733679627792	 -1.05712890625	 0.48583984375	 -0.584228515625	 0.09747599	 0.1439632	 0.9592449	 -0.22276105	 4.5820446	 -17.630026	 3.0784283	Triplo salto in lungo	3	Petto
100	 3248159316	 0.9982758116373374	 0.05722272364893288	 -0.011808726426855211	 0.005614069663715249	 -0.2687478332485107	 -0.4380000109614112	 -0.19173266655866772	 -1.028076171875	 0.552734375	 -0.67529296875	 0.10136654	 0.1525511	 0.9428632	 -0.27832052	 5.3357	 -21.090775	 14.877956	Triplo salto in lungo	3	Petto
101	 3248175983	 0.9965861943351259	 0.07655456739681865	 -0.028727878213247626	 0.011404581740757593	 -0.3989153994380026	 -0.5124725328225228	 -0.21236321274516823	 -0.98779296875	 0.625732421875	 -0.790771484375	 0.119251296	 0.16322507	 0.91362065	 -0.3527525	 10.383786	 -23.00036	 22.495655	Triplo salto in lungo	3	Petto
102	 3248192650	 0.9929130327965334	 0.11102419471904407	 -0.041251124841098004	 0.00978172730769905	 -0.3705063256124208	 -0.4962434580393512	 -0.02032308388464868	 -0.92724609375	 0.706298828125	 -0.998291015625	 0.14095198	 0.17054448	 0.8613435	 -0.4573127	 8.879206	 -24.701313	 16.514856	Triplo salto in lungo	3	Petto
103	 3248209317	 0.9998724431286452	 0.0034117105757695	 -0.015012110879497777	 -0.004253731284760366	 -0.2952469518640682	 -0.5521005429432628	 0.2482548302466653	 -0.915283203125	 0.71923828125	 -1.047607421875	 0.15071563	 0.16166998	 0.8580781	 -0.46351913	 3.2158468	 -32.706993	 13.699917	Triplo salto in lungo	3	Petto
104	 3248225984	 0.9972249773352786	 -0.05441250816654053	 0.026949188141200956	 -0.04307394563085176	 -0.08625951003048338	 -0.3839727860023321	 0.21372324865597903	 -0.9697265625	 0.703125	 -0.9931640625	 0.11548645	 0.12968847	 0.89176553	 -0.4178495	 -3.5805376	 -23.45984	 2.789322	Triplo salto in lungo	3	Petto
105	 3248242651	 0.9819787116878911	 -0.09996937385804094	 0.013446714904817275	 -0.15982215096941157	 0.1888656934491384	 -0.14851168965923847	 -0.2681144819693387	 -1.232177734375	 0.52734375	 -0.747314453125	 0.04700116	 -0.019661946	 0.9397463	 -0.33805555	 -15.124417	 8.536177	 3.0305147	Triplo salto in lungo	3	Petto
106	 3248259318	 0.9850286150153176	 0.06424155979243928	 0.005094401929478743	 -0.15989276614475273	 0.19843111167636496	 0.392359795793991	 -0.12461282474714534	 -1.50390625	 0.390869140625	 -0.85009765625	 -0.012121921	 -0.16344903	 0.90127945	 -0.40103987	 -12.681148	 22.08057	 -19.983728	Triplo salto in lungo	3	Petto
107	 3248275985	 0.9993503041148486	 -0.0034951218622233104	 0.030755394349264723	 -0.018462380863496722	 -0.3227672661204082	 0.6936544389850543	 -0.30191296686362445	 -1.624267578125	 0.292724609375	 -0.89599609375	 -0.048784792	 -0.16595368	 0.89898735	 -0.40237004	 3.7887006	 44.674736	 -30.429935	Triplo salto in lungo	3	Petto
108	 3248292652	 0.9951633870272744	 0.03550390128953276	 -0.04173861674519836	 0.08153032555941303	 0.07198172948525644	 0.08629096990776512	 -0.05659421454961368	 -1.53662109375	 0.401611328125	 -0.897705078125	 0.027450034	 -0.110270575	 0.89600205	 -0.4292641	 -5.968961	 4.60293	 -10.238928	Triplo salto in lungo	3	Petto
109	 3248309319	 0.9948930082376142	 0.06248870591102024	 -0.03689843428581502	 0.07015389754484054	 -0.18536934935398186	 0.0018404201386269248	 -0.17316555383996773	 -1.35498046875	 0.548828125	 -0.922607421875	 0.09708074	 -0.060735963	 0.8714543	 -0.4769216	 9.314843	 10.461475	 -3.8592181	Triplo salto in lungo	3	Petto
110	 3248325986	 0.9988643614502749	 0.021298043755208163	 0.04135722414277002	 -0.010293724687422401	 -0.09925865322487461	 -0.22541910555897895	 -0.3067514277483135	 -1.347412109375	 0.580322265625	 -1.028564453125	 0.05731099	 -0.048010554	 0.86382097	 -0.49822083	 1.7837952	 8.991674	 11.937735	Triplo salto in lungo	3	Petto
111	 3248342653	 0.9976963482421225	 -0.04734180319519987	 0.019394297593164526	 -0.04454897973498507	 0.07983113191947541	 -0.03759873136528948	 -0.11769497768647555	 -1.425537109375	 0.517578125	 -0.986328125	 0.015945174	 -0.0795793	 0.88450074	 -0.45942545	 -5.7225485	 4.233246	 -4.593352	Triplo salto in lungo	3	Petto
112	 3248359320	 0.9997775637301916	 -3.324485268575428E-4	 -0.0016448107594821961	 -0.021023965783486642	 -0.005711323718480026	 0.14930595792871412	 -0.07247874193613685	 -1.479736328125	 0.47265625	 -0.977783203125	 0.0076400335	 -0.09901788	 0.8828653	 -0.45900565	 -1.244355	 8.639074	 -14.619501	Triplo salto in lungo	3	Petto
113	 3248375987	 0.999682024802832	 -0.014527308470351052	 -0.01026790022077817	 0.01787111691454935	 -0.09992784247240241	 0.15984730612057582	 -0.06814517534701506	 -1.469482421875	 0.478759765625	 -0.947021484375	 0.02342384	 -0.08820587	 0.8910531	 -0.44462982	 3.824548	 9.766568	 -15.697479	Triplo salto in lungo	3	Petto
114	 3248392654	 0.9988805095696605	 0.015151641346806188	 -0.030480976284675002	 0.0328491316641123	 -0.09894560809086356	 0.038037376148838134	 4.4770742555961043E-4	 -1.398681640625	 0.522705078125	 -0.919677734375	 0.066549264	 -0.072350875	 0.88562673	 -0.45387447	 5.5251074	 2.390903	 -11.864085	Triplo salto in lungo	3	Petto
115	 3248409321	 0.9999444984570227	 -0.00953287183248841	 -0.0038868578499619004	 0.002239798252697989	 -0.03066003436323317	 -0.06480658838083966	 -0.1677229295769038	 -1.365966796875	 0.539794921875	 -0.916748046875	 0.070458144	 -0.073227175	 0.88991946	 -0.444654	 0.20580822	 6.092758	 -0.7232342	Triplo salto in lungo	3	Petto
116	 3248425988	 0.9992662501233334	 -0.03080639726338541	 0.014424315827879343	 -0.017603021473592884	 0.030428303518791965	 -0.017478454621078367	 -0.23820242820404677	 -1.398193359375	 0.503662109375	 -0.87451171875	 0.047588702	 -0.085031815	 0.902793	 -0.41889158	 -4.4623485	 10.1759615	 -0.58173466	Triplo salto in lungo	3	Petto
117	 3248442655	 0.9996538812971294	 -0.015046396454211686	 -0.003142641853344952	 -0.021350582275648403	 0.06516792381592923	 0.03515105692162004	 -0.01854932014607931	 -1.432861328125	 0.4638671875	 -0.8466796875	 0.040269714	 -0.106776275	 0.9069087	 -0.40557915	 -4.25381	 1.4062734	 -10.763903	Triplo salto in lungo	3	Petto
118	 3248459322	 0.9994292137255556	 -0.02499606357419576	 0.008864590598473667	 -0.02092516645654019	 0.03948464592076921	 0.10940567609991556	 -0.0934208104211714	 -1.46875	 0.4248046875	 -0.820556640625	 0.021060199	 -0.12348945	 0.91472864	 -0.3841596	 -4.27492	 7.785059	 -10.920382	Triplo salto in lungo	3	Petto
119	 3248475989	 0.9979897105294608	 -0.046862561780549206	 0.03034725221348539	 -0.02999136982163775	 0.038545092922675384	 0.13567763125456309	 -0.08241794183108143	 -1.526611328125	 0.35498046875	 -0.795654296875	 -0.024085281	 -0.14039779	 0.92787886	 -0.34460065	 -4.623895	 8.370456	 -11.962443	Triplo salto in lungo	3	Petto
120	 3248492656	 0.9966369082796287	 -0.05781033523117465	 0.04650765969719906	 -0.03478326874765569	 0.025958577367573964	 0.13775268061238627	 -0.024885724730644734	 -1.6064453125	 0.25390625	 -0.789306640625	 -0.08728834	 -0.15535471	 0.9386628	 -0.2952257	 -3.8781886	 6.5538554	 -13.68206	Triplo salto in lungo	3	Petto
121	 3248509323	 0.9968294690635814	 -0.05737478753756074	 0.04758955244598956	 -0.027827645596218423	 -0.020991247819927308	 0.15238240253459115	 0.05819360452061356	 -1.6845703125	 0.152587890625	 -0.807373046875	 -0.14893669	 -0.16235566	 0.94411886	 -0.24515	 -2.222262	 5.3786736	 -17.78158	Triplo salto in lungo	3	Petto
122	 3248525990	 0.999371573512732	 -0.02918185627314919	 -0.007653014403677106	 -0.018609371017760445	 -0.07653464425165579	 0.11681501893390733	 0.30044912780190386	 -1.713623046875	 0.0947265625	 -0.791748046875	 -0.15102689	 -0.17797333	 0.94871324	 -0.2132136	 -2.145359	 -2.3440738	 -29.43552	Triplo salto in lungo	3	Petto
123	 3248542657	 0.9985154703052466	 -0.04934592781803318	 -0.022762573169493042	 -0.003701382386771424	 -0.06635105500616473	 0.14917215631294262	 0.08368961233018928	 -1.711181640625	 0.0283203125	 -0.71240234375	 -0.13899311	 -0.17897624	 0.9605482	 -0.16123255	 -1.1220593	 6.356866	 -18.729307	Triplo salto in lungo	3	Petto
124	 3248559324	 0.9987871055324676	 -0.027071737677599336	 -0.04026812212003312	 0.008361649485393197	 -0.09095058819107016	 0.13149214081569838	 0.07099554767740018	 -1.668701171875	 0.005615234375	 -0.625244140625	 -0.10387906	 -0.17383477	 0.9707845	 -0.12871838	 0.92465967	 7.078706	 -17.506977	Triplo salto in lungo	3	Petto
125	 3248575991	 0.9983265157303709	 -0.03748507459278856	 -0.023067146844420128	 0.037509250977440074	 -0.07675527120111167	 0.10658504405778726	 -0.02906457611331936	 -1.615478515625	 2.44140625E-4	 -0.55322265625	 -0.08324666	 -0.13670145	 0.9828393	 -0.09170681	 2.1558673	 7.731195	 -10.663715	Triplo salto in lungo	3	Petto
126	 3248592658	 0.9935768340366439	 0.01877523422481947	 -9.647097219567803E-4	 0.1115868934090164	 -0.007146304561412091	 -0.039437214527062565	 0.03132858695560445	 -1.54541015625	 0.121337890625	 -0.548095703125	 -0.06919513	 -0.028371332	 0.99014527	 -0.118405394	 0.8233964	 -2.5091267	 -11.343649	Triplo salto in lungo	3	Petto
127	 3248609325	 0.9811474023700801	 0.08509258942203918	 -0.03302786812990494	 0.17034725115096508	 -0.05045606213563524	 -0.18861529675352612	 0.0762581132798594	 -1.318359375	 0.4140625	 -0.62158203125	 -0.012810306	 0.13065639	 0.9686465	 -0.21092398	 3.240183	 -11.944261	 -12.0462	Triplo salto in lungo	3	Petto
128	 3248625992	 0.9998805864611302	 -0.014747492998738121	 0.004352395596566417	 -0.0015430233211421451	 -0.32703990800462857	 -0.8345751096267615	 -0.1325529483192242	 -1.1923828125	 0.50146484375	 -0.646484375	 -0.015572312	 0.12992013	 0.97189844	 -0.19568346	 7.260246	 -45.752335	 18.641325	Triplo salto in lungo	3	Petto
129	 3248642659	 0.9904230705694165	 -0.10745660025982989	 0.07307083677295564	 -0.04664625555977681	 -0.3258548111126154	 -0.28980196669402014	 2.9715419217654637E-4	 -1.35205078125	 0.349365234375	 -0.576904296875	 -0.081805944	 0.099604905	 0.98850834	 -0.07898185	 14.604478	 -20.523537	 -2.738637	Triplo salto in lungo	3	Petto
130	 3248659326	 0.9945083680269983	 -0.10412982304144344	 0.010117278259630826	 0.0027796687305107204	 -0.011934241362008404	 0.09740953545923267	 0.08637319761591174	 -1.4150390625	 0.17724609375	 -0.46728515625	 -0.08089623	 0.11131181	 0.99016595	 0.025242617	 0.84529245	 4.779424	 -15.974709	Triplo salto in lungo	3	Petto
131	 3248675993	 0.9954313167242415	 -0.09520234985794512	 -2.1587373735464102E-4	 0.007277339122088501	 -0.015677796144715095	 -0.07995244957662587	 0.07588446762150833	 -1.404296875	 0.0322265625	 -0.37158203125	 -0.06999016	 0.12627317	 0.9823529	 0.118910015	 -0.8753868	 -4.5673656	 -14.607894	Triplo salto in lungo	3	Petto
132	 3248692660	 0.9970697487036853	 -0.07605713787723489	 0.006590333521024645	 0.004878063342644234	 -0.06567101891592707	 -0.3903228656502962	 -0.10725467882874128	 -1.41796875	 -0.083984375	 -0.3427734375	 -0.06727312	 0.13588478	 0.9692342	 0.19389448	 -1.7417669	 -24.538788	 -9.332536	Triplo salto in lungo	3	Petto
133	 3248709327	 0.9995717306048983	 -0.028444506976871002	 -0.004822110429998992	 -0.004900270336651525	 0.05727723870858019	 -0.07477755463367786	 -0.23741580210023616	 -1.41357421875	 -0.16748046875	 -0.323486328125	 -0.05771243	 0.13482377	 0.9641621	 0.22109641	 -3.4801433	 -8.772797	 2.260785	Triplo salto in lungo	3	Petto
134	 3248725994	 0.9999065312636565	 -0.002050194107212338	 -0.008894954748815609	 -0.010178664962637918	 0.15564405028958592	 0.27976176827306243	 -0.2525968348695591	 -1.402099609375	 -0.181884765625	 -0.3095703125	 -0.046521697	 0.12822391	 0.96535414	 0.2224548	 -3.3478777	 10.044024	 12.245663	Triplo salto in lungo	3	Petto
135	 3248742661	 0.9998877770480941	 0.007041691162589646	 0.006391356025442556	 -0.0115757705379706	 0.15732535954927782	 0.6818638481560453	 -0.646688373855896	 -1.419677734375	 -0.191162109375	 -0.313232421875	 -0.05101826	 0.11619758	 0.9678753	 0.21705544	 3.1765013	 20.55035	 43.43994	Triplo salto in lungo	3	Petto
136	 3248759328	 0.9990680826153286	 -0.0059640292682425315	 0.0397622384228472	 -0.01569589276922917	 0.4750104382733388	 0.9360330129214385	 -0.5833961553468097	 -1.46923828125	 -0.202392578125	 -0.35498046875	 -0.085478894	 0.092943355	 0.96539116	 0.22819991	 -12.022719	 40.020103	 48.884388	Triplo salto in lungo	3	Petto
137	 3248775995	 0.9999601025780684	 0.0018381914727860008	 -0.0021592853718046534	 0.008470642883003367	 0.4036974733563253	 0.3578037405727065	 -0.4467894102933899	 -1.490966796875	 -0.213623046875	 -0.365966796875	 -0.08583859	 0.101224385	 0.9650968	 0.22577399	 -15.483672	 9.997479	 27.95615	Triplo salto in lungo	3	Petto
138	 3248792662	 0.9995303327901333	 0.027203802365601826	 -0.004627461950635036	 0.013328674547544384	 0.004589949698928383	 0.15401147375212393	 -0.3245760065951971	 -1.475830078125	 -0.15771484375	 -0.365966796875	 -0.087504186	 0.1125328	 0.969756	 0.19812357	 4.2393165	 -0.6733104	 11.312719	Triplo salto in lungo	3	Petto
139	 3248809329	 0.999545859485828	 0.0271077455959952	 -0.012180724309423548	 0.004987471176676251	 0.08450860686035447	 0.28724102799871376	 -0.31356803779391973	 -1.451416015625	 -0.106201171875	 -0.368896484375	 -0.08007306	 0.11709329	 0.9751362	 0.17025623	 1.8401202	 8.7724495	 14.607254	Triplo salto in lungo	3	Petto
140	 3248825996	 0.9995496425068494	 0.02450286233745398	 -0.017323319262778126	 1.565612375121206E-4	 0.13436888388145066	 0.29804446387384986	 -0.32543355705144683	 -1.420654296875	 -0.059814453125	 -0.365966796875	 -0.0664361	 0.11770373	 0.98021644	 0.14459571	 -0.9142346	 11.116254	 15.517353	Triplo salto in lungo	3	Petto
141	 3248842663	 0.999532365622399	 0.025294140499423287	 -0.017181011615030488	 2.633810364713885E-4	 0.1413592537563632	 0.20926990342771662	 -0.3419107256554318	 -1.390625	 -0.02490234375	 -0.357177734375	 -0.052992772	 0.11802382	 0.9845386	 0.11809317	 -3.0733435	 7.323408	 14.421955	Triplo salto in lungo	3	Petto
142	 3248859330	 0.9995377369360016	 0.026412757126920886	 -0.014766954884833235	 0.002935258973269017	 0.13270349572851325	 0.1913214682816894	 -0.3379080222215998	 -1.35791015625	 0.023681640625	 -0.3583984375	 -0.042307645	 0.120451316	 0.98767376	 0.0905689	 -3.3496244	 7.6023326	 13.365366	Triplo salto in lungo	3	Petto
143	 3248875997	 0.9997013920298796	 0.021796037500508278	 -0.010714686337920014	 0.00269351433584536	 0.11241792628437912	 0.18001524671394442	 -0.3300452959976288	 -1.336669921875	 0.064453125	 -0.3583984375	 -0.03499934	 0.12228191	 0.9895394	 0.06807631	 -2.6676526	 8.099215	 12.131918	Triplo salto in lungo	3	Petto
144	 3248892664	 0.9998090149387187	 0.017376796846406625	 -0.008325282265867527	 0.003266535446208585	 0.07539550099015802	 0.1519392664496568	 -0.30444416708834876	 -1.3154296875	 0.0966796875	 -0.37109375	 -0.02951863	 0.12456731	 0.990499	 0.050237056	 -1.1820346	 7.1996737	 9.7831955	Triplo salto in lungo	3	Petto
145	 3248909331	 0.999369036300904	 0.030469758321974724	 -0.01815391351316019	 0.001886407951525282	 0.04678108012511973	 0.07100582555396265	 -0.32646577053799086	 -1.290771484375	 0.13818359375	 -0.379150390625	 -0.015801318	 0.12534845	 0.99181926	 0.0182495	 -0.75526136	 2.6820843	 10.235584	Triplo salto in lungo	3	Petto
146	 3248925998	 0.9987987101479957	 0.042613478960822515	 -0.024186195118261037	 -5.059478797747596E-4	 0.031439380707767056	 0.03393526149712599	 -0.3302823423394748	 -1.24951171875	 0.20458984375	 -0.39892578125	 0.0025321592	 0.12346999	 0.9919914	 -0.026496688	 -0.7889148	 1.6269366	 10.115286	Triplo salto in lungo	3	Petto
147	 3248942665	 0.9983975404004292	 0.05091417665069781	 -0.024631181311774723	 -0.0018446803358210253	 0.0150751389096134	 -0.0064653805225616395	 -0.33004365407481473	 -1.210205078125	 0.28076171875	 -0.42431640625	 0.020348486	 0.11992269	 0.989392	 -0.079425685	 -0.94145644	 0.883572	 9.971676	Triplo salto in lungo	3	Petto
148	 3248959332	 0.9978224199378324	 0.06007003792928803	 -0.027087615418769476	 -0.0028757439918743466	 0.013080631747800116	 -0.019619743037026	 -0.3163046538428711	 -1.170654296875	 0.3642578125	 -0.48681640625	 0.039461557	 0.11494929	 0.98246384	 -0.14140265	 -1.4497012	 2.11378	 9.044704	Triplo salto in lungo	3	Petto
149	 3248975999	 0.9975518285049373	 0.06369871847066272	 -0.02871324037202777	 -0.0028935339966248423	 0.009129209899702173	 -0.015428582946807122	 -0.25174997966873414	 -1.130859375	 0.4521484375	 -0.565185546875	 0.059680253	 0.10947304	 0.9704794	 -0.20645621	 -1.4383533	 3.5740368	 4.831481	Triplo salto in lungo	3	Petto
150	 3248992666	 0.9982300432287323	 0.05387876844486028	 -0.02488320886819823	 -0.0038321042326570076	 -0.009791270985496425	 -0.040463587898498965	 -0.21664926164739182	 -1.099365234375	 0.521484375	 -0.639404296875	 0.07691291	 0.10290184	 0.9568284	 -0.26072112	 -0.9291406	 3.0947733	 3.023964	Triplo salto in lungo	3	Petto
151	 3249009333	 0.9990222699443716	 0.040068609369418584	 -0.01825899202520054	 -0.003952203008428024	 -0.031461500978275235	 -0.06532026515691254	 -0.18087468272057583	 -1.080810546875	 0.568359375	 -0.70556640625	 0.08910875	 0.09653705	 0.94473445	 -0.30036232	 -0.122436985	 1.9795736	 1.7088547	Triplo salto in lungo	3	Petto
152	 3249026000	 0.9995195375309031	 0.02807073392974191	 -0.012838044939577522	 -0.002812933128381545	 -0.04501858368114033	 -0.09052969151505666	 -0.17453928846883035	 -1.0703125	 0.5986328125	 -0.75537109375	 0.09758581	 0.091833524	 0.9352545	 -0.32763252	 0.16963185	 1.4177264	 2.2052298	Triplo salto in lungo	3	Petto
153	 3249042667	 0.999735600983627	 0.02137433741548489	 -0.008032807162870581	 -0.0027092129926099	 -0.04673674077708194	 -0.10254552926429161	 -0.16081112140567627	 -1.064697265625	 0.61669921875	 -0.79296875	 0.10220225	 0.088105895	 0.92774445	 -0.34796938	 0.071587734	 1.0494107	 1.9223566	Triplo salto in lungo	3	Petto
154	 3249059334	 0.999785772988691	 0.019335915193908648	 -0.007357507646408968	 -6.305507534218324E-4	 -0.026818934492852706	 -0.08916728381409351	 -0.1046967119361261	 -1.060302734375	 0.634765625	 -0.825439453125	 0.10708122	 0.08634146	 0.9203891	 -0.36600965	 -0.50959367	 0.04389169	 -1.4212952	Triplo salto in lungo	3	Petto
155	 3249076001	 0.9999124863927877	 0.011578228849442262	 -0.006285537804908426	 0.0012067257376987552	 -0.03188906599361523	 -0.09472357395729007	 -0.099413518708384	 -1.049560546875	 0.648681640625	 -0.8486328125	 0.11224958	 0.08598062	 0.91553664	 -0.37656397	 -0.30561268	 -0.1051349	 -1.3614721	Triplo salto in lungo	3	Petto
156	 3249092668	 0.9998896811110727	 0.01288219689338721	 -0.007252791664360992	 0.0014393136804641271	 -0.026836621641944915	 -0.07351968773887357	 -0.06552629039639676	 -1.0439453125	 0.65478515625	 -0.8671875	 0.11824777	 0.08568627	 0.9098753	 -0.38833302	 -0.07324346	 -0.42804804	 -3.7039385	Triplo salto in lungo	3	Petto
157	 3249109335	 0.9999259435593314	 0.010655298357944543	 -0.005418236440126789	 0.0022835778425465696	 -0.018724937262820505	 -0.051844256298927	 -0.04643365046257175	 -1.032470703125	 0.665771484375	 -0.88916015625	 0.12305961	 0.0866827	 0.9050468	 -0.39778498	 -0.10836847	 -0.17435928	 -5.4931107	Triplo salto in lungo	3	Petto
158	 3249126002	 0.9999219512458687	 0.01131123879527307	 -0.004858304291211813	 0.002131706589775073	 -0.006637755356376753	 -0.04411156687290223	 -0.030912691008014716	 -1.0224609375	 0.674072265625	 -0.908935546875	 0.12721674	 0.08790115	 0.8998959	 -0.40777066	 -0.57919043	 -0.4198567	 -6.635661	Triplo salto in lungo	3	Petto
159	 3249142669	 0.9999139228529375	 0.012273870761610017	 -0.004441630512154627	 0.0013307515810924155	 0.0013256546950889837	 -0.03486786077468015	 -0.02754502476754942	 -1.0185546875	 0.68115234375	 -0.92626953125	 0.13054346	 0.08875867	 0.89432126	 -0.41865265	 -0.8825766	 -0.111084335	 -7.2985077	Triplo salto in lungo	3	Petto
160	 3249159336	 0.9999193335710441	 0.011914948369571743	 -0.004363568221596227	 5.653570241788142E-4	 0.008945496738770485	 -0.02622014390713097	 -0.020629577516045366	 -1.00927734375	 0.691162109375	 -0.95068359375	 0.1334805	 0.08894627	 0.88882416	 -0.42925942	 -1.1286631	 -0.017008623	 -8.074733	Triplo salto in lungo	3	Petto
161	 3249176003	 0.9999245434201441	 0.0115733969079298	 -0.004117130710806993	 -1.1482481432145698E-4	 0.00969629546570865	 -0.019263387813215276	 -0.019128240450880372	 -1.0087890625	 0.696044921875	 -0.973388671875	 0.13589835	 0.088628136	 0.8834257	 -0.43958622	 -1.0525869	 0.21574768	 -8.456425	Triplo salto in lungo	3	Petto
162	 3249192670	 0.9999280422788253	 0.011251710934889692	 -0.004119101897899436	 -5.850342112567186E-4	 0.008892916029356069	 -0.01412262447136903	 -0.01298316839171574	 -1.00439453125	 0.7021484375	 -0.994873046875	 0.13810813	 0.08787137	 0.8780801	 -0.44964474	 -0.86527425	 0.13587728	 -8.89585	Triplo salto in lungo	3	Petto
163	 3249209337	 0.9999261800506134	 0.011026825728377654	 -0.005000345818971686	 -0.0010198555951441148	 -5.7157532019886E-5	 -0.012910241456659245	 -0.00690208773336674	 -1.00732421875	 0.70654296875	 -1.016845703125	 0.14089525	 0.08630615	 0.87262684	 -0.45958936	 -0.28018603	 -0.11321103	 -8.987497	Triplo salto in lungo	3	Petto
164	 3249226004	 0.9999179900428062	 0.011751168406596013	 -0.004914713059963217	 -0.0013299719442415037	 -0.009097275120907132	 -0.007263785461645447	 -0.013101811295907607	 -1.008544921875	 0.71044921875	 -1.034912109375	 0.14337191	 0.08462854	 0.8667444	 -0.47014564	 0.26260763	 0.39332873	 -8.872959	Triplo salto in lungo	3	Petto
165	 3249242671	 0.9999435903505767	 0.010069208214208591	 -0.003356922656014838	 -3.977851410539857E-4	 -0.005034410595395276	 -0.011437873155515092	 -0.023488907064665127	 -1.00634765625	 0.71435546875	 -1.060302734375	 0.14506963	 0.084234655	 0.86168224	 -0.478919	 -0.14651196	 0.8064718	 -8.442953	Triplo salto in lungo	3	Petto
166	 3249259338	 0.9999913595345991	 0.003154366014597676	 -0.0026517330839440083	 5.46939522892198E-4	 -0.01117624165319825	 -0.025558763137683144	 -0.035824525737041535	 -1.00146484375	 0.71728515625	 -1.069091796875	 0.14718376	 0.08399397	 0.8599003	 -0.48151192	 -0.16796178	 1.0133563	 -7.289175	Triplo salto in lungo	3	Petto
167	 3249276005	 0.9999958473296435	 0.0019638615459947606	 -0.0014980702936741588	 0.0014847076115693805	 -0.01694813999189749	 -0.028786749326932468	 -0.033215750429384835	 -1.002197265625	 0.718505859375	 -1.0712890625	 0.14886107	 0.084934235	 0.85877347	 -0.48284045	 0.1204487	 0.79458296	 -7.1039577	Triplo salto in lungo	3	Petto
168	 3249292672	 0.9999976338219463	 8.914778048392802E-4	 -0.0011548159096296253	 0.0016136970121323202	 -0.0174360672104348	 -0.041867966150904275	 -0.034619993134365395	 -0.995849609375	 0.718017578125	 -1.07421875	 0.15040158	 0.08598769	 0.8581994	 -0.4831974	 -0.104312405	 0.46831766	 -6.4221687	Triplo salto in lungo	3	Petto
169	 3249309339	 0.9999919069582384	 -6.576320514428691E-4	 -0.0026450380279999797	 0.0029592755771076233	 -0.006272148957084514	 -0.06200241201612827	 -0.058102771406581655	 -0.990234375	 0.719970703125	 -1.069091796875	 0.15400332	 0.087242834	 0.8580245	 -0.48214728	 -1.3467205	 1.0506587	 -4.995125	Triplo salto in lungo	3	Petto
170	 3249326006	 0.9999878575538861	 0.0028692665334141276	 3.840802408246469E-4	 0.003988049237123925	 -0.010528242988600642	 -0.06676640583140483	 -0.07258225351238548	 -0.9814453125	 0.722900390625	 -1.07421875	 0.15518185	 0.09139412	 0.8565083	 -0.48369363	 -1.3891616	 1.6357708	 -4.2614193	Triplo salto in lungo	3	Petto
171	 3249342673	 0.9999848373854214	 0.0017787095322218671	 -7.623964265880968E-4	 0.005155574006928677	 -0.012829626904174024	 -0.0810873847940687	 -0.07839994634213174	 -0.97265625	 0.725830078125	 -1.082275390625	 0.15800066	 0.095818795	 0.8552139	 -0.48421505	 -1.6075016	 1.5168636	 -3.3707118	Triplo salto in lungo	3	Petto
172	 3249359340	 0.9999674992218734	 2.168868161855353E-4	 -0.0028465248390913693	 0.007539944058276071	 -0.020480108946089766	 -0.09364499122543102	 -0.08153451067340795	 -0.960205078125	 0.726318359375	 -1.078857421875	 0.16389105	 0.10102929	 0.8540785	 -0.48320067	 -1.504397	 1.3031971	 -2.529379	Triplo salto in lungo	3	Petto
173	 3249376007	 0.9999090689856475	 -0.002785855952066374	 -0.005594043560167794	 0.011949872112993256	 -0.041035210768356166	 -0.11247047809641966	 -0.0894571105274534	 -0.93359375	 0.7265625	 -1.072509765625	 0.1745422	 0.108169146	 0.8533951	 -0.47911537	 -0.93383175	 1.1124446	 -0.9646778	Triplo salto in lungo	3	Petto
174	 3249392674	 0.9999193351632243	 -0.005305879172660899	 -0.00726189157602103	 0.008968597642820209	 -0.07951215596436277	 -0.16108650273654718	 -0.116258581477513	 -0.907470703125	 0.727294921875	 -1.06201171875	 0.18542472	 0.11151675	 0.85380363	 -0.47349888	 -0.38741747	 0.8816411	 2.9902143	Triplo salto in lungo	3	Petto
175	 3249409341	 0.9999729516976914	 -0.0044319118161322835	 -0.005424127997888551	 0.0022434050287239997	 -0.14532122408740114	 -0.20975757686212923	 -0.14399657990723963	 -0.902099609375	 0.725830078125	 -1.051513671875	 0.19144295	 0.11013297	 0.85479873	 -0.46961656	 1.4730415	 0.58505005	 7.6956882	Triplo salto in lungo	3	Petto
176	 3249426008	 0.9999903336009444	 -0.0031947595527674344	 -0.0022271575867313658	 0.0020410745101273053	 -0.16715830813747673	 -0.17274774223190834	 -0.14756965556263565	 -0.8955078125	 0.7255859375	 -1.04345703125	 0.19449988	 0.11030476	 0.85581464	 -0.46645933	 3.2525556	 1.8575171	 6.691349	Triplo salto in lungo	3	Petto
177	 3249442675	 0.9999879083701795	 0.0032034342672002114	 -0.0029658988159400046	 0.00226375054782374	 -0.14797020818948872	 -0.14377613884090054	 -0.12726504472784037	 -0.88916015625	 0.72509765625	 -1.048095703125	 0.19761464	 0.111529276	 0.85366476	 -0.4687928	 3.038042	 1.6987591	 4.3085346	Triplo salto in lungo	3	Petto
178	 3249459342	 0.9999794537661375	 0.004975113422647226	 -0.0035289975316009086	 0.001971412800751138	 -0.11950076683721923	 -0.1321602630935267	 -0.09136463156862326	 -0.880859375	 0.73193359375	 -1.054443359375	 0.20089374	 0.11256367	 0.8505838	 -0.47273546	 2.1760886	 0.34717673	 1.9976006	Triplo salto in lungo	3	Petto
179	 3249476009	 0.9999700674485945	 0.006493508603583276	 -0.0035824086014650818	 0.002205652166760053	 -0.09905471430296695	 -0.12717714128297264	 -0.06093688660532554	 -0.880126953125	 0.730224609375	 -1.06884765625	 0.2041631	 0.11406106	 0.84670895	 -0.47790328	 1.5426123	 -0.92880285	 0.36951542	Triplo salto in lungo	3	Petto
180	 3249492676	 0.9999654216411942	 0.006920386801990475	 -0.0035933643368933903	 0.0028898963998378324	 -0.0740177953173663	 -0.12370136515547356	 -0.04601212212688933	 -0.87109375	 0.73486328125	 -1.082275390625	 0.20770338	 0.116231374	 0.84249413	 -0.4832737	 0.4208238	 -1.4670602	 -0.8628187	Triplo salto in lungo	3	Petto
181	 3249509343	 0.9999700197914667	 0.0049775434415952335	 -0.005078686676395383	 0.00306439572898376	 -0.05396012336429365	 -0.12047685709993018	 -0.038170721087533804	 -0.864013671875	 0.7333984375	 -1.097412109375	 0.2127816	 0.1174434	 0.8388327	 -0.48712534	 -0.53856945	 -1.6666226	 -1.7567949	Triplo salto in lungo	3	Petto
182	 3249526010	 0.9999778509946209	 0.0035175817649083507	 -0.004947166570576201	 0.0027294104912571338	 -0.04846500418315168	 -0.10855534733845351	 -0.03290365847245605	 -0.85546875	 0.73681640625	 -1.101318359375	 0.21772923	 0.11814944	 0.83590305	 -0.48979715	 -0.54609513	 -1.5011523	 -2.5860806	Triplo salto in lungo	3	Petto
183	 3249542677	 0.9999846657354201	 0.001528549442240179	 -0.004725656619332831	 0.002449489771120861	 -0.047956430444708015	 -0.100336814294412	 -0.04357322467726574	 -0.847900390625	 0.737060546875	 -1.107177734375	 0.22256231	 0.11832294	 0.83399326	 -0.49083742	 -0.5980082	 -0.64377743	 -2.7006187	Triplo salto in lungo	3	Petto
184	 3249559344	 0.9999890448973594	 7.976004153065763E-4	 -0.00426183031614591	 0.0017637236746983753	 -0.05481516527095065	 -0.10060169730523152	 -0.05931291459863142	 -0.84326171875	 0.737060546875	 -1.10791015625	 0.2267435	 0.11799828	 0.832604	 -0.49135995	 -0.5471787	 0.21204498	 -2.094139	Triplo salto in lungo	3	Petto
185	 3249576011	 0.9999925461082662	 4.4387659217515196E-4	 -0.0035327025772768916	 0.0014935574908798435	 -0.05515601936395778	 -0.10372447762295031	 -0.06768704590867693	 -0.83935546875	 0.7392578125	 -1.1083984375	 0.2302175	 0.11773	 0.8315722	 -0.4915562	 -0.7950507	 0.58125955	 -1.7378712	Triplo salto in lungo	3	Petto
186	 3249592678	 0.9999957244461142	 6.67341446339842E-5	 -0.002182836916361453	 0.001944700244770392	 -0.05855899950965847	 -0.11301214539581644	 -0.0715814941558531	 -0.8359375	 0.737548828125	 -1.109619140625	 0.23282938	 0.118413046	 0.8309759	 -0.4911703	 -0.9667219	 0.5338764	 -1.1209679	Triplo salto in lungo	3	Petto
187	 3249609345	 0.9999954690756566	 -4.1586385694941663E-4	 1.874257288523862E-4	 0.002975526341041535	 -0.06784176349055857	 -0.129304218454186	 -0.07489561431973468	 -0.82861328125	 0.7353515625	 -1.10888671875	 0.23402837	 0.121005066	 0.8310403	 -0.48985815	 -1.0024191	 0.24861187	 -0.020833015	Triplo salto in lungo	3	Petto
188	 3249626012	 0.9999876953576505	 0.0015257889192993868	 0.0026321638700621546	 0.003918266814490395	 -0.07548795715987218	 -0.15473692403671557	 -0.08012158912298499	 -0.823974609375	 0.739013671875	 -1.10888671875	 0.23341292	 0.12603416	 0.830597	 -0.4896355	 -1.3951656	 -0.24469198	 1.4923458	Triplo salto in lungo	3	Petto
189	 3249642679	 0.9999844715762447	 0.0015573761919609463	 0.0036460261022203677	 0.003916334949590956	 -0.07734223867018789	 -0.1621607105523011	 -0.08590329246726766	 -0.8125	 0.73681640625	 -1.111328125	 0.23193093	 0.13157517	 0.83034825	 -0.48930356	 -1.6358032	 -0.17228776	 2.0218258	Triplo salto in lungo	3	Petto
190	 3249659346	 0.9999776250146704	 0.0038650443447395544	 0.0037029930908800694	 0.004012324064872702	 -0.08324625697127008	 -0.14615193911796667	 -0.08138097421488102	 -0.806640625	 0.739990234375	 -1.122314453125	 0.23012319	 0.13776702	 0.8289364	 -0.4908445	 -0.8734864	 0.04114488	 1.3644037	Triplo salto in lungo	3	Petto
191	 3249676013	 0.9999801022413425	 0.003972828363386471	 0.0028042012685271516	 0.0040184837233696044	 -0.09163215637703694	 -0.12619270261124516	 -0.07069343035787476	 -0.798583984375	 0.739990234375	 -1.1298828125	 0.22903651	 0.14354183	 0.82722855	 -0.49257624	 0.22279996	 0.07101476	 0.45839977	Triplo salto in lungo	3	Petto
192	 3249692680	 0.9999859576024872	 0.0037647380112889595	 2.8945228517862637E-4	 0.003718543117629175	 -0.1047232265041633	 -0.12094792187473087	 -0.060154618565313706	 -0.789306640625	 0.741943359375	 -1.137939453125	 0.22990638	 0.14777718	 0.82506144	 -0.49454933	 1.1471876	 -0.33158466	 0.37208366	Triplo salto in lungo	3	Petto
193	 3249709347	 0.9999893688017764	 0.0037778909308982533	 4.038291089670243E-4	 0.002612804162160865	 -0.1179686965962234	 -0.11202227436170706	 -0.057835464953895487	 -0.783447265625	 0.73974609375	 -1.144775390625	 0.23013696	 0.15114911	 0.8230576	 -0.4967569	 2.044357	 -0.18651412	 0.3415022	Triplo salto in lungo	3	Petto
194	 3249726014	 0.9999931466987513	 0.0029702074099140496	 0.0015687288896621412	 0.0015567636758145875	 -0.10933317102508969	 -0.10236519225468052	 -0.04794612502168016	 -0.77978515625	 0.7431640625	 -1.15185546875	 0.22901754	 0.15403065	 0.82186913	 -0.49835443	 1.9761138	 -0.4081094	 -0.59544086	Triplo salto in lungo	3	Petto
195	 3249742681	 0.999997707636024	 5.69216377837023E-4	 0.0016672774072136745	 0.0012169229473151246	 -0.08938541428514946	 -0.1044952112707366	 -0.04535759710807532	 -0.7763671875	 0.7421875	 -1.15234375	 0.22802794	 0.15612139	 0.82194436	 -0.4980333	 0.92100704	 -0.56953716	 -1.19281	Triplo salto in lungo	3	Petto
196	 3249759348	 0.9999977809182328	 8.42576253970384E-4	 0.0011735215623116526	 0.0015333202565112614	 -0.07799381169739654	 -0.10391060833498467	 -0.05524609271251675	 -0.77587890625	 0.741455078125	 -1.154052734375	 0.2275591	 0.15829135	 0.82171494	 -0.49794158	 0.22161667	 -0.026439404	 -1.3445807	Triplo salto in lungo	3	Petto
197	 3249776015	 0.9999959508323328	 0.0016719767147413411	 1.0137534937404435E-4	 0.0023005512040603087	 -0.07934949156495415	 -0.10252842424475003	 -0.05595761943900736	 -0.775146484375	 0.743408203125	 -1.15771484375	 0.22822283	 0.16074269	 0.8207022	 -0.49852222	 0.30761966	 0.0376942	 -1.3462286	Triplo salto in lungo	3	Petto
198	 3249792682	 0.9999959050761218	 0.0013586110958457298	 -5.583315959905023E-4	 0.0024560685468954235	 -0.09365087234556102	 -0.11260126718376692	 -0.05197734365328395	 -0.76708984375	 0.7451171875	 -1.163330078125	 0.22955376	 0.16292068	 0.81966394	 -0.49891213	 0.75573844	 -0.47111592	 -0.5313263	Triplo salto in lungo	3	Petto
199	 3249809349	 0.9999913918088135	 0.002834296079392007	 -0.0012043739119765864	 0.002780747648859411	 -0.10246858690662193	 -0.12355283262769709	 -0.05166281910796533	 -0.7607421875	 0.742431640625	 -1.166259765625	 0.23133267	 0.16538431	 0.8176763	 -0.5005386	 0.83368546	 -0.7955179	 0.23848534	Triplo salto in lungo	3	Petto
200	 3249826016	 0.9999944064287194	 0.0018298496011924237	 -7.448980159660558E-4	 0.002698868032356	 -0.10646238490976347	 -0.13802000990391378	 -0.062172962768991535	 -0.753173828125	 0.743408203125	 -1.17041015625	 0.23286247	 0.16777395	 0.81629926	 -0.50128114	 0.40337315	 -0.587477	 1.2685156	Triplo salto in lungo	3	Petto
201	 3249842683	 0.999996120054739	 0.001466203634520491	 6.140520598865717E-4	 0.0022875887824962697	 -0.11376527572039552	 -0.14565745575910782	 -0.06775612847230941	 -0.750244140625	 0.742431640625	 -1.175048828125	 0.23313329	 0.17042789	 0.81548023	 -0.5015931	 0.40599295	 -0.48581067	 1.9811134	Triplo salto in lungo	3	Petto
202	 3249859350	 0.9999952513048604	 0.0016072430234613244	 0.0014125884835462512	 0.0022178213112658274	 -0.10950338285333797	 -0.14221375888564716	 -0.06371709804532359	 -0.746337890625	 0.741943359375	 -1.17724609375	 0.23269008	 0.17346056	 0.8147795	 -0.50189763	 0.30726415	 -0.6019008	 1.5950356	Triplo salto in lungo	3	Petto
203	 3249876017	 0.9999965197425595	 0.0011653331756855123	 0.001134178631398253	 0.002077532235708141	 -0.10035972501990306	 -0.12939671442134282	 -0.057739153428898946	 -0.74169921875	 0.741455078125	 -1.18017578125	 0.23247649	 0.17613813	 0.8142514	 -0.501921	 0.28906372	 -0.5673085	 0.5856304	Triplo salto in lungo	3	Petto
204	 3249892684	 0.9999978068650874	 0.0012028030622668884	 8.691884415264474E-4	 0.001477850216267118	 -0.09792345061829753	 -0.1219705976410859	 -0.055136645908072573	 -0.73876953125	 0.73974609375	 -1.181884765625	 0.23216653	 0.17820789	 0.8137413	 -0.5021613	 0.40100527	 -0.51474506	 0.11653328	Triplo salto in lungo	3	Petto
205	 3249909351	 0.999998455189887	 0.001225458098163934	 4.94356110785521E-4	 0.001159086849695318	 -0.09199633431131367	 -0.11539463474262628	 -0.05094220328075248	 -0.73486328125	 0.740966796875	 -1.18359375	 0.23199663	 0.17983593	 0.8131853	 -0.50256014	 0.34411106	 -0.5551871	 -0.46835423	Triplo salto in lungo	3	Petto
206	 3249926018	 0.9999984084132911	 0.0013066742987639102	 3.98322952518182E-4	 0.0011476549947956605	 -0.08998767167787317	 -0.11300800628592572	 -0.04582063218954842	 -0.732421875	 0.73974609375	 -1.187255859375	 0.23188137	 0.18142916	 0.81256384	 -0.5030455	 0.36405903	 -0.7601325	 -0.758667	Triplo salto in lungo	3	Petto
207	 3249942685	 0.999998202414206	 0.001457214134142848	 1.8846092702906605E-4	 0.001198406359566362	 -0.08871312662724626	 -0.110294350445723	 -0.043482316235082794	 -0.730712890625	 0.73828125	 -1.188232421875	 0.23193209	 0.18299706	 0.81180334	 -0.5036818	 0.39881438	 -0.80661136	 -0.9740095	Triplo salto in lungo	3	Petto
208	 3249959352	 0.9999965213977466	 0.002146728213654192	 -2.8458765198080552E-5	 0.0015322990835624217	 -0.08906365234105407	 -0.11122698634535866	 -0.04475071491490726	 -0.7255859375	 0.739501953125	 -1.19482421875	 0.23219748	 0.18489103	 0.81057745	 -0.5048406	 0.35277474	 -0.7549958	 -0.89101124	Triplo salto in lungo	3	Petto
209	 3249976019	 0.9999954140405933	 0.00234750605650913	 -6.410455565205586E-4	 0.0018028238103877106	 -0.09506656027105244	 -0.11631445530047493	 -0.04587147546234285	 -0.72265625	 0.73779296875	 -1.1982421875	 0.23305483	 0.18674454	 0.80904984	 -0.50621194	 0.4495013	 -0.8276616	 -0.4359417	Triplo salto in lungo	3	Petto
210	 3249992686	 0.9999889138652112	 0.004075920667467703	 -0.0013651884280246331	 0.0019223105742272317	 -0.10720597318723826	 -0.12137853410373953	 -0.04459981783109527	 -0.719482421875	 0.738037109375	 -1.2109375	 0.23423176	 0.18873109	 0.8064422	 -0.50908476	 0.8630204	 -1.0426253	 0.17479324	Triplo salto in lungo	3	Petto
211	 3250009353	 0.9999921153269091	 0.0034306061092256313	 -6.646251900684909E-4	 0.0018863984451045481	 -0.11610266700980977	 -0.12707979987719908	 -0.04817696008451064	 -0.71484375	 0.740478515625	 -1.216064453125	 0.23494297	 0.19089657	 0.80431587	 -0.5113085	 1.0298364	 -0.9574524	 0.81864643	Triplo salto in lungo	3	Petto
212	 3250026020	 0.9999976497436425	 0.0016246307521379233	 1.3227790014280762E-5	 0.0014355859905143264	 -0.1203824575782023	 -0.13129729170699095	 -0.04782985229567881	 -0.709716796875	 0.73828125	 -1.22021484375	 0.23522338	 0.19262144	 0.80334854	 -0.5120531	 1.0625368	 -1.0485862	 1.1528368	Triplo salto in lungo	3	Petto
213	 3250042687	 0.9999981202835008	 0.0016861167070398309	 -8.928085340453862E-5	 9.531363201013E-4	 -0.12190836506002209	 -0.13130832731754646	 -0.0469438560693385	 -0.710205078125	 0.740478515625	 -1.224853515625	 0.23532867	 0.19392286	 0.802412	 -0.5129814	 1.1181453	 -1.0894153	 1.1899147	Triplo salto in lungo	3	Petto
214	 3250059354	 0.9999956870169805	 0.0028131160093206042	 -3.9559471363170845E-4	 7.455404602149662E-4	 -0.11838985690975481	 -0.1288217374266029	 -0.046052366741991896	 -0.707763671875	 0.739013671875	 -1.2294921875	 0.23535533	 0.19516742	 0.8008577	 -0.5149219	 1.0166112	 -1.0475205	 0.9441614	Triplo salto in lungo	3	Petto
215	 3250076021	 0.9999931216599863	 0.003663696528538818	 -1.6062686517215322E-4	 5.55121133522435E-4	 -0.10965224015960287	 -0.12605268887138932	 -0.04084826998433553	 -0.708251953125	 0.738525390625	 -1.2353515625	 0.2349281	 0.19658267	 0.79894704	 -0.5175403	 0.7202837	 -1.1904873	 0.4122305	Triplo salto in lungo	3	Petto
216	 3250092688	 0.9999912189831054	 0.004147297986116516	 1.630734249210564E-4	 5.790364024728656E-4	 -0.09840219744312817	 -0.12503706424933686	 -0.034396917615751095	 -0.7041015625	 0.73876953125	 -1.246826171875	 0.23415293	 0.19830312	 0.79684126	 -0.5204736	 0.2609297	 -1.4231497	 -0.15372944	Triplo salto in lungo	3	Petto
217	 3250109355	 0.9999942225091567	 0.003313232297425972	 1.720598268352136E-4	 7.401590817917859E-4	 -0.0909338857063176	 -0.12344172729328018	 -0.030989608922416534	 -0.705078125	 0.73828125	 -1.2509765625	 0.23360887	 0.19997013	 0.7951233	 -0.5227027	 -0.026928393	 -1.4900964	 -0.54628754	Triplo salto in lungo	3	Petto
218	 3250126022	 0.9999982924758377	 0.001741794599343427	 -6.081057921825118E-6	 6.173815701891738E-4	 -0.08872640568536325	 -0.12074297370969397	 -0.03616406775567509	 -0.706298828125	 0.739501953125	 -1.252685546875	 0.2334447	 0.20109151	 0.7941975	 -0.5237524	 -0.108690776	 -1.0918053	 -0.6300783	Triplo salto in lungo	3	Petto
219	 3250142689	 0.9999984490956846	 0.0016626496428510107	 -4.1365049936137327E-4	 4.0779364254103784E-4	 -0.08899076552516229	 -0.11649680382328205	 -0.04122331253593412	 -0.700927734375	 0.739501953125	 -1.26025390625	 0.2335031	 0.20182091	 0.7932547	 -0.5248736	 -0.012322605	 -0.698498	 -0.70218086	Triplo salto in lungo	3	Petto
220	 3250159356	 0.9999975590124068	 0.002152462895595064	 -4.510592875421327E-4	 2.131155324389955E-4	 -0.09353986461606069	 -0.11619155526912557	 -0.04368222561030323	 -0.69921875	 0.740234375	 -1.26611328125	 0.2333844	 0.20249481	 0.79208076	 -0.52643704	 0.18594076	 -0.55313176	 -0.50528336	Triplo salto in lungo	3	Petto
221	 3250176023	 0.9999974437308932	 0.0022610462616909355	 1.3443182172723223E-5	 -4.556581257419979E-6	 -0.09988562536390025	 -0.11867124589240338	 -0.040120115527737726	 -0.701416015625	 0.739990234375	 -1.271240234375	 0.23275945	 0.20326602	 0.79099774	 -0.52804226	 0.43897933	 -0.80290705	 -0.24386406	Triplo salto in lungo	3	Petto
222	 3250192690	 0.9999981849244521	 0.0018753321128903155	 1.978553568432462E-4	 2.7226921494807876E-4	 -0.10085430648451701	 -0.1233054720387102	 -0.03395344786239114	 -0.701171875	 0.739501953125	 -1.277587890625	 0.2322104	 0.20426714	 0.7901	 -0.52924025	 0.38501883	 -1.2236415	 -0.12450981	Triplo salto in lungo	3	Petto
223	 3250209357	 0.9999980095086195	 0.0018667517318649018	 1.5826361126675129E-4	 6.864178027224111E-4	 -0.10183306304949413	 -0.12543103915737083	 -0.032772957409162536	 -0.69775390625	 0.739501953125	 -1.280517578125	 0.2319093	 0.20557831	 0.7891058	 -0.5303469	 0.36583987	 -1.3202385	 -0.017791748	Triplo salto in lungo	3	Petto
224	 3250226024	 0.9999988417471901	 9.738431778212875E-4	 6.220089028537435E-4	 9.90574917935333E-4	 -0.10620331752560554	 -0.12673526336182078	 -0.03854306688220646	 -0.697265625	 0.7373046875	 -1.280517578125	 0.23158208	 0.20717607	 0.7886224	 -0.5305874	 0.46849144	 -1.0254714	 0.3119688	Triplo salto in lungo	3	Petto
225	 3250242691	 0.9999978592656895	 0.0013868530482646912	 0.00106936048368661	 0.001102075685505133	 -0.1121202039935	 -0.1255089074066474	 -0.03849464882412591	 -0.69482421875	 0.739013671875	 -1.283447265625	 0.23087253	 0.20919889	 0.7879939	 -0.53103644	 0.7803512	 -1.0331106	 0.46435833	Triplo salto in lungo	3	Petto
226	 3250259358	 0.9999960442217304	 0.002099666143205947	 0.0014309948778049588	 0.0012063153144865058	 -0.10755986956114064	 -0.12465793684388386	 -0.03333686490641003	 -0.690185546875	 0.738037109375	 -1.2880859375	 0.22978453	 0.21166153	 0.78703976	 -0.53194666	 0.61710006	 -1.2823253	 0.16581154	Triplo salto in lungo	3	Petto
227	 3250276025	 0.9999936147307363	 0.0027992652322935685	 0.001463285376719026	 0.0016713491021312923	 -0.10008881047030506	 -0.12451518690511612	 -0.026940735542126462	 -0.69140625	 0.736328125	 -1.292236328125	 0.22876608	 0.21467273	 0.78560877	 -0.53329253	 0.2972253	 -1.5937169	 -0.22817421	Triplo salto in lungo	3	Petto
228	 3250292692	 0.9999964945370947	 0.0011044809444947512	 0.0015878678357843514	 0.0018082342496632264	 -0.10021381111431271	 -0.12382754971183452	 -0.029261310068748048	 -0.683349609375	 0.736328125	 -1.296875	 0.22807959	 0.21747631	 0.78506595	 -0.5332502	 0.28147298	 -1.4341353	 -0.20633125	Triplo salto in lungo	3	Petto
229	 3250309359	 0.9999979732497737	 4.955160383264268E-4	 0.001151035158550029	 0.0015757786216941962	 -0.10765587221412919	 -0.12081538771160186	 -0.034252289829077534	 -0.680908203125	 0.7353515625	 -1.294921875	 0.22773592	 0.21973665	 0.7847859	 -0.5328824	 0.67791826	 -1.1486168	 0.021487236	Triplo salto in lungo	3	Petto
230	 3250326026	 0.9999988851976033	 7.525138796421749E-4	 7.350800590772423E-4	 0.0010597092612362191	 -0.1157768050124142	 -0.1175385919562936	 -0.037961906646647885	 -0.67919921875	 0.736328125	 -1.295654296875	 0.22738624	 0.22143298	 0.7843805	 -0.5329263	 1.1309408	 -0.9409178	 0.2384615	Triplo salto in lungo	3	Petto
231	 3250342693	 0.9999993470158006	 2.197041976946812E-4	 7.962989524761822E-4	 7.896872901185515E-4	 -0.11410622958558822	 -0.12005709902050515	 -0.03405228670283876	 -0.67529296875	 0.736328125	 -1.295654296875	 0.22696787	 0.22282821	 0.7843284	 -0.53259975	 0.97114444	 -1.2078186	 0.2135582	Triplo salto in lungo	3	Petto
232	 3250359360	 0.999999149277623	 1.579309233067927E-4	 9.47010194992104E-4	 8.829912481500557E-4	 -0.11336739624029625	 -0.11998551896717835	 -0.03254219674878395	 -0.677490234375	 0.734130859375	 -1.295654296875	 0.22649682	 0.22436605	 0.7843165	 -0.5321719	 0.9370623	 -1.3018631	 0.15393639	Triplo salto in lungo	3	Petto
233	 3250376027	 0.999999244817323	 -8.636458234864697E-5	 8.050621566371152E-4	 9.245435990019869E-4	 -0.1112666615945232	 -0.11984416669535664	 -0.03458331644711465	 -0.67236328125	 0.736328125	 -1.2939453125	 0.22621405	 0.22581139	 0.78438574	 -0.53157854	 0.81227237	 -1.1881479	 0.11208439	Triplo salto in lungo	3	Petto
234	 3250392694	 0.9999997348794518	 -1.6559333412263788E-4	 2.0052710064161208E-4	 6.801534795896902E-4	 -0.1114670724544541	 -0.11645746201646648	 -0.037287715590877235	 -0.6748046875	 0.733642578125	 -1.295654296875	 0.22629532	 0.22672819	 0.7844105	 -0.531117	 0.90883183	 -0.9900037	 0.023041725	Triplo salto in lungo	3	Petto
235	 3250409361	 0.9999998660667964	 -3.4943236248641263E-4	 4.557273234284676E-6	 3.81762550115572E-4	 -0.11088836358626611	 -0.11413636805854818	 -0.03694298797801672	 -0.6708984375	 0.7333984375	 -1.29443359375	 0.22641595	 0.22726761	 0.78455263	 -0.5306251	 0.95192355	 -0.9714437	 -0.10527229	Triplo salto in lungo	3	Petto
236	 3250426028	 0.9999996331193886	 -8.09411254207637E-4	 2.8023213805877806E-4	 9.190144275750267E-6	 -0.10911946646550684	 -0.11582662073091596	 -0.03715074311086438	 -0.669189453125	 0.73291015625	 -1.2919921875	 0.22623159	 0.22755691	 0.7850825	 -0.52979517	 0.7955735	 -0.9916445	 -0.09112549	Triplo salto in lungo	3	Petto
237	 3250442695	 0.9999994595475725	 -0.0010083358505216244	 2.532957546022008E-4	 -2.153192753151512E-6	 -0.10860861841163669	 -0.11946475753043742	 -0.03889474787888749	 -0.66845703125	 0.7373046875	 -1.29150390625	 0.22610843	 0.22778225	 0.78570974	 -0.5288201	 0.6288778	 -0.98377997	 0.082657814	Triplo salto in lungo	3	Petto
238	 3250459362	 0.999999412091662	 -0.0010525263924249517	 -5.954882253422778E-5	 -2.538867100312925E-4	 -0.11074786530829542	 -0.11944529808665896	 -0.04210467786000886	 -0.67138671875	 0.734375	 -1.28857421875	 0.2261087	 0.22763675	 0.786343	 -0.5279407	 0.70662975	 -0.84147817	 0.22211933	Triplo salto in lungo	3	Petto
239	 3250476029	 0.9999992010051924	 -8.724185943503604E-4	 -6.071441169302473E-4	 -6.842885316705461E-4	 -0.11382048355208184	 -0.11644567012602508	 -0.04220722932787395	 -0.671875	 0.7373046875	 -1.28857421875	 0.22627322	 0.2269058	 0.786852	 -0.5274263	 0.9610079	 -0.81583726	 0.2002163	Triplo salto in lungo	3	Petto
240	 3250492696	 0.9999978819888593	 -0.0012414845023369647	 -0.001133481933465186	 -0.001187414305236667	 -0.11772906638040488	 -0.11703236035319117	 -0.040827972010553326	 -0.676025390625	 0.7333984375	 -1.283935546875	 0.22667348	 0.22541776	 0.78754705	 -0.5268547	 1.1422428	 -0.94091934	 0.3371725	Triplo salto in lungo	3	Petto
241	 3250509363	 0.9999966460949731	 -0.0012758380244380918	 -0.0013621366708286842	 -0.0017957226485498248	 -0.12037540891544798	 -0.11702638945160654	 -0.041333772045708005	 -0.678955078125	 0.736083984375	 -1.283447265625	 0.22694604	 0.22332124	 0.7883394	 -0.526445	 1.2787665	 -0.9346316	 0.43946362	Triplo salto in lungo	3	Petto
244	 3250559364	 0.9999543617701259	 -0.003929520272324433	 -0.004795146677898821	 -0.007269100058956979	 -0.3504559252891683	 -0.33876131776277474	 -0.1308053148526903	 -0.692138671875	 0.73876953125	 -1.273681640625	 0.22738108	 0.21513756	 0.7909819	 -0.5257013	 1.2931484	 -0.5886812	 -0.026415825	Triplo salto in lungo	3	Petto
245	 3250576031	 0.9999933167738353	 -0.0016766861548633272	 -0.0021659588719453726	 -0.002421518814083174	 -0.11176119970569451	 -0.11105843246313865	 -0.04350990253650265	 -0.6962890625	 0.737548828125	 -1.273681640625	 0.22806531	 0.21201998	 0.7919097	 -0.52527446	 1.1798385	 -0.61251205	 -0.096735	Triplo salto in lungo	3	Petto
246	 3250592698	 0.9999915437071274	 -0.0013873052941139608	 -0.0029319652314391824	 -0.0025281372864027762	 -0.1108555334899187	 -0.1114810355188514	 -0.043517073070932735	 -0.7041015625	 0.73876953125	 -1.271240234375	 0.22924386	 0.20847374	 0.7925233	 -0.52525526	 1.1500878	 -0.608255	 -0.11169338	Triplo salto in lungo	3	Petto
247	 3250609365	 0.9999886231646375	 -0.0012458492462514292	 -0.0037119441480250597	 -0.002724494740292405	 -0.1125834078612539	 -0.11190214461595277	 -0.03971793833277114	 -0.71044921875	 0.73828125	 -1.27001953125	 0.23090981	 0.20438881	 0.7929097	 -0.5255477	 1.2764696	 -0.81621844	 -0.11220837	Triplo salto in lungo	3	Petto
248	 3250626032	 0.9999852670351876	 -2.1208314460574584E-4	 -0.0046248597676811784	 -0.002833973435543674	 -0.11375513327037302	 -0.11735805768061264	 -0.033898937391621	 -0.716796875	 0.740966796875	 -1.270751953125	 0.23302788	 0.19997522	 0.79254234	 -0.52686334	 1.2262013	 -1.228218	 0.050123215	Triplo salto in lungo	3	Petto
249	 3250642699	 0.9999861327790558	 -3.7414040982014507E-4	 -0.004569956024300104	 -0.00259032246607141	 -0.11168293345029265	 -0.1206700455518483	 -0.03157530348576934	 -0.721923828125	 0.74169921875	 -1.270751953125	 0.23526026	 0.19574256	 0.7921994	 -0.5279753	 1.0625705	 -1.3581445	 0.08381176	Triplo salto in lungo	3	Petto
250	 3250659366	 0.9999849589596286	 -0.0024844547407854023	 -0.004019962333590089	 -0.002783746035004364	 -0.110788276048647	 -0.12655740252725123	 -0.03316876745855402	 -0.726318359375	 0.7431640625	 -1.26611328125	 0.23736164	 0.1911517	 0.7931111	 -0.5273478	 0.8282352	 -1.3361754	 0.35241508	Triplo salto in lungo	3	Petto
251	 3250676033	 0.9999834185295435	 -0.0018933134575346289	 -0.004668637455657599	 -0.0027895975385226483	 -0.1067990733656589	 -0.12650304697260834	 -0.03908149123717211	 -0.7333984375	 0.740966796875	 -1.261962890625	 0.23984693	 0.18636374	 0.79352707	 -0.52731127	 0.6034614	 -0.9751033	 0.32924652	Triplo salto in lungo	3	Petto
252	 3250692700	 0.9999815847635923	 -0.001315409462438799	 -0.005263253364214516	 -0.0027199256726267995	 -0.09988735535314817	 -0.1247877750642635	 -0.041014140259894534	 -0.74072265625	 0.740966796875	 -1.26025390625	 0.242724	 0.18145244	 0.79345447	 -0.5278168	 0.32363302	 -0.77766985	 0.05201149	Triplo salto in lungo	3	Petto
253	 3250709367	 0.9999807243097476	 -0.0021316095690114834	 -0.0052938448561758444	 -0.0024459060155073713	 -0.08902163083986647	 -0.128318878640663	 -0.03822486095256006	 -0.744873046875	 0.74365234375	 -1.258544921875	 0.24590625	 0.17653987	 0.79372615	 -0.527601	 -0.27543446	 -0.94478035	 -0.2161932	Triplo salto in lungo	3	Petto
254	 3250726034	 0.9999808777663854	 -0.0023833876568333245	 -0.005344227517894319	 -0.002000699148714591	 -0.08711933356055751	 -0.1309679152032885	 -0.036604606545117775	 -0.75	 0.74365234375	 -1.252685546875	 0.24938622	 0.17189631	 0.79400766	 -0.52707714	 -0.42235532	 -1.0686275	 -0.19128704	Triplo salto in lungo	3	Petto
255	 3250742701	 0.9999844668555142	 -0.0020064116534172505	 -0.004755726763390978	 -0.0021031935055645106	 -0.09424639833733596	 -0.1349261077046404	 -0.03545424231611442	 -0.754638671875	 0.74462890625	 -1.249755859375	 0.25225252	 0.16758889	 0.79422367	 -0.52677464	 -0.17989172	 -1.2101778	 0.21458721	Triplo salto in lungo	3	Petto
256	 3250759368	 0.9999901210858061	 -9.705915921228714E-4	 -0.0038492782777506678	 -0.0019996848493161745	 -0.09296935795723205	 -0.13975244046758467	 -0.03290084462169721	 -0.75927734375	 0.746826171875	 -1.248046875	 0.25426498	 0.16410533	 0.794083	 -0.5271158	 -0.35037264	 -1.4408101	 0.34212875	Triplo salto in lungo	3	Petto
257	 3250776035	 0.9999918609051296	 -0.001732180411324502	 -0.0033738342620777684	 -0.0013765598027802863	 -0.09055629306825341	 -0.13942410353637344	 -0.03600485231164149	 -0.764404296875	 0.746826171875	 -1.242919921875	 0.2563321	 0.16118827	 0.794343	 -0.52662283	 -0.48436755	 -1.2330496	 0.30700207	Triplo salto in lungo	3	Petto
258	 3250792702	 0.999994231064463	 -0.0014950486159268639	 -0.0028721163183253466	 -0.0010264576383954838	 -0.08828424084742799	 -0.13395537645768332	 -0.03462801637885875	 -0.764892578125	 0.746826171875	 -1.24169921875	 0.25812677	 0.15888955	 0.7945345	 -0.52615565	 -0.39777172	 -1.1739593	 -0.04325962	Triplo salto in lungo	3	Petto
259	 3250809369	 0.9999967396596535	 -0.0012317680396502495	 -0.0021790861787792663	 -5.049762223352517E-4	 -0.08147881549937458	 -0.12957407039919508	 -0.030977412090006297	 -0.767333984375	 0.7451171875	 -1.240478515625	 0.2595906	 0.15744454	 0.7946736	 -0.5256599	 -0.5381823	 -1.273358	 -0.5456171	Triplo salto in lungo	3	Petto
260	 3250826036	 0.9999979012394428	 -0.0015559159052822569	 -0.0013324871619552205	 3.347190858091209E-5	 -0.0802296783207142	 -0.12856440893417193	 -0.029016373581964357	 -0.76806640625	 0.744384765625	 -1.23291015625	 0.2606947	 0.15680946	 0.79510677	 -0.52464706	 -0.5411834	 -1.3587464	 -0.6714363	Triplo salto in lungo	3	Petto
261	 3250842703	 0.9999992349383217	 -0.0010251883972301479	 -3.3250624612302104E-4	 6.070841110335791E-4	 -0.08150251983380744	 -0.12815080902821116	 -0.031936744754301236	 -0.76806640625	 0.74609375	 -1.231201171875	 0.26120833	 0.15730545	 0.7954239	 -0.5237617	 -0.5165475	 -1.200749	 -0.59373474	Triplo salto in lungo	3	Petto
262	 3250859370	 0.9999988999052871	 -3.794644171302153E-4	 2.9379032167931035E-4	 0.001403524926261862	 -0.0840813283729916	 -0.12895630055792348	 -0.03529276747600271	 -0.7646484375	 0.744384765625	 -1.231201171875	 0.26152518	 0.15894656	 0.79543245	 -0.52309453	 -0.47860616	 -1.0481486	 -0.4068241	Triplo salto in lungo	3	Petto
263	 3250876037	 0.9999974377502076	 -4.813950390040178E-4	 3.887767201263826E-4	 0.0021775225597446273	 -0.08614906346330642	 -0.1282073330678002	 -0.03533911899720419	 -0.76123046875	 0.748779296875	 -1.231201171875	 0.26217616	 0.1612367	 0.79538625	 -0.5221373	 -0.38041	 -1.0420952	 -0.3701582	Triplo salto in lungo	3	Petto
264	 3250892704	 0.9999960933027012	 -7.721199117150523E-4	 7.182709664011467E-4	 0.0025886863456371367	 -0.09003674081716626	 -0.12758921819163685	 -0.03718796192643188	 -0.756103515625	 0.74755859375	 -1.230712890625	 0.26281568	 0.16395958	 0.7954995	 -0.52079374	 -0.23771296	 -0.9430176	 -0.23056698	Triplo salto in lungo	3	Petto
265	 3250909371	 0.9999953093272981	 -0.0010130714870292823	 0.0012594322679611025	 0.0026016994303851852	 -0.09504449753626505	 -0.12672902247968837	 -0.036453017373986055	 -0.749267578125	 0.74755859375	 -1.22607421875	 0.26306266	 0.16691858	 0.7958643	 -0.5191693	 5.954385E-4	 -0.99139684	 -0.11090183	Triplo salto in lungo	3	Petto
266	 3250926038	 0.9999937992358157	 -0.0011532629938092454	 0.0015762378306102833	 0.0029303495845150462	 -0.0971279779733775	 -0.1279886899337194	 -0.034050646499041895	 -0.744873046875	 0.745849609375	 -1.225341796875	 0.26324552	 0.17027338	 0.79631305	 -0.51729566	 0.055465635	 -1.1958265	 -0.03145027	Triplo salto in lungo	3	Petto
267	 3250942705	 0.9999925822885138	 -0.0015205253006679298	 0.0013223096268729086	 0.003282509407551121	 -0.10059719366331024	 -0.12592316613374493	 -0.03367654990557146	 -0.73583984375	 0.743896484375	 -1.221923828125	 0.26386735	 0.17368987	 0.79680353	 -0.51508266	 0.24954775	 -1.2165575	 -0.01175499	Triplo salto in lungo	3	Petto
268	 3250959372	 0.9999934205122136	 -5.591032535285367E-4	 9.073497738535942E-4	 0.0034674273204987893	 -0.10556192179266488	 -0.12087044359698296	 -0.03439179827886353	 -0.7314453125	 0.743896484375	 -1.215087890625	 0.2647441	 0.17729843	 0.79663604	 -0.5136607	 0.5909408	 -1.1092871	 -0.046473503	Triplo salto in lungo	3	Petto
269	 3250976039	 0.9999925585881487	 -9.616295647008055E-4	 6.470626893382292E-4	 0.0036795851375424076	 -0.10570479713426936	 -0.12291334749021729	 -0.030674832206482337	 -0.7216796875	 0.740966796875	 -1.218505859375	 0.26600888	 0.18083824	 0.7965475	 -0.51190746	 0.52206635	 -1.4026718	 -0.026836395	Triplo salto in lungo	3	Petto
270	 3250992706	 0.9999918916577724	 -0.001740154284359141	 2.168367753148104E-4	 0.0036251156656970096	 -0.10827394509444219	 -0.12604256023684585	 -0.03192544865622265	 -0.717041015625	 0.740966796875	 -1.215576171875	 0.26772833	 0.18391018	 0.7967293	 -0.50962865	 0.4544622	 -1.4546294	 0.22396183	Triplo salto in lungo	3	Petto
271	 3251009373	 0.999993147332246	 -9.9279025837834E-4	 -2.809581803054351E-4	 0.0035553788198794127	 -0.10478888695819963	 -0.12813227979425768	 -0.0373774669747973	 -0.708740234375	 0.741455078125	 -1.21044921875	 0.2696627	 0.18688779	 0.7963837	 -0.50806344	 0.07080309	 -1.2532128	 0.29114532	Triplo salto in lungo	3	Petto
272	 3251026040	 0.9999935866442935	 -9.639678863297418E-4	 -2.9870057832848135E-4	 0.0034363082167548353	 -0.10142249653414144	 -0.12487552743461694	 -0.03678379102315593	 -0.70068359375	 0.741455078125	 -1.21142578125	 0.27153975	 0.1897736	 0.79602045	 -0.5065609	 -0.03913913	 -1.2316213	 0.011552811	Triplo salto in lungo	3	Petto
273	 3251042707	 0.999992844744324	 -0.0012850140890832695	 -5.259367369684353E-4	 0.0035188903782019114	 -0.10220444358415123	 -0.12094587950377222	 -0.03481370165608701	 -0.693359375	 0.7412109375	 -1.20849609375	 0.27369103	 0.19253097	 0.7957214	 -0.5048295	 0.09441053	 -1.2699857	 -0.16871262	Triplo salto in lungo	3	Petto
274	 3251059374	 0.9999931779372977	 -8.679546173781527E-4	 -9.329858093457545E-4	 0.0034670262655272788	 -0.10458911004801857	 -0.12188470034975804	 -0.033941471785208926	 -0.684814453125	 0.740478515625	 -1.205810546875	 0.27605063	 0.19516477	 0.7950881	 -0.5035294	 0.114461206	 -1.3749721	 -0.061136246	Triplo salto in lungo	3	Petto
275	 3251076041	 0.9999919533780005	 -0.002184537629209393	 -0.0013028339715815964	 0.003102192489166822	 -0.10538455012696765	 -0.11963225659692878	 -0.030867524071805687	 -0.67822265625	 0.737548828125	 -1.20166015625	 0.27877307	 0.19696113	 0.79506534	 -0.50136155	 0.20306644	 -1.5074545	 -0.18896484	Triplo salto in lungo	3	Petto
276	 3251092708	 0.9999919783641514	 -0.002028631281661031	 -0.0015979386555061705	 0.0030617731017828498	 -0.11012213424093104	 -0.12010145992112228	 -0.03288847664891704	 -0.673095703125	 0.73876953125	 -1.19873046875	 0.28167018	 0.19863084	 0.7948656	 -0.4993962	 0.30960545	 -1.450901	 0.05015564	Triplo salto in lungo	3	Petto
277	 3251109375	 0.9999919044524219	 -0.0023633109278578535	 -0.0018439269558164773	 0.002684348050875113	 -0.11237564355832041	 -0.12485521253212961	 -0.03790806568124844	 -0.665283203125	 0.735595703125	 -1.19189453125	 0.28463662	 0.19978747	 0.79481614	 -0.49732754	 0.097920135	 -1.32832	 0.43329144	Triplo salto in lungo	3	Petto
278	 3251126042	 0.9999934908885229	 -0.002162417552245832	 -0.0016387928613741944	 0.0023783374178578953	 -0.10821801783205766	 -0.1222942664895737	 -0.043344258008622315	 -0.661376953125	 0.73681640625	 -1.190673828125	 0.2872373	 0.20087141	 0.7947644	 -0.4954747	 -0.14749865	 -0.98773056	 0.27515507	Triplo salto in lungo	3	Petto
279	 3251142709	 0.9999950840807721	 -0.0015834637908547777	 -0.001325295873741639	 0.0023596710702625816	 -0.10261676464127646	 -0.11568360900683286	 -0.04749187260365184	 -0.656982421875	 0.733154296875	 -1.182373046875	 0.28945908	 0.2022615	 0.7945059	 -0.49402896	 -0.28407267	 -0.60677385	 -0.12954426	Triplo salto in lungo	3	Petto
280	 3251159376	 0.9999963759882514	 -0.0012068907527199024	 -6.601244030429721E-4	 0.0023142300765485457	 -0.10498867051389377	 -0.11397458740962912	 -0.04550561089610018	 -0.65185546875	 0.73486328125	 -1.181884765625	 0.29104865	 0.2040527	 0.79425335	 -0.49276283	 -0.13798237	 -0.6940509	 -0.14938831	Triplo salto in lungo	3	Petto
281	 3251176043	 0.999996561695454	 -0.0013719938923355546	 3.412323484319746E-4	 0.0022085720531346558	 -0.10666003440349939	 -0.11283833147502091	 -0.040662219814278755	 -0.6513671875	 0.7314453125	 -1.177734375	 0.29182306	 0.20620379	 0.79438585	 -0.49119306	 0.006301948	 -0.9510386	 -0.22943878	Triplo salto in lungo	3	Petto
282	 3251192710	 0.9999956774687968	 -0.0014736655402717291	 0.0011625592958158795	 0.0022631415071178718	 -0.10585755328060409	 -0.11285138687456259	 -0.039578974366032985	 -0.642333984375	 0.732421875	 -1.1767578125	 0.2919895	 0.20877758	 0.7947827	 -0.48936176	 -0.0517209	 -1.0424747	 -0.28717613	Triplo salto in lungo	3	Petto
283	 3251209377	 0.9999954445631675	 -0.0012447638990239485	 0.0015310620190317483	 0.0022841332804188767	 -0.10611173364226281	 -0.11632251180062925	 -0.040846954050536954	 -0.635986328125	 0.731689453125	 -1.173828125	 0.291823	 0.21161917	 0.7951551	 -0.48763245	 -0.22362046	 -1.1089836	 -0.11827278	Triplo salto in lungo	3	Petto
284	 3251226044	 0.9999956452705356	 -7.285262886188026E-4	 0.0019060395048440817	 0.0021320653877919538	 -0.11244950737739272	 -0.11728312306876598	 -0.0407459242919341	 -0.632568359375	 0.7294921875	 -1.175537109375	 0.29116833	 0.2146808	 0.79540086	 -0.48628294	 -0.009691298	 -1.2059213	 0.1649952	Triplo salto in lungo	3	Petto
285	 3251242711	 0.999995378871308	 -4.714015518242354E-4	 0.002418648085340258	 0.0017804937645102827	 -0.11918626451376131	 -0.11631828515165102	 -0.03851071826167598	 -0.63330078125	 0.732177734375	 -1.1708984375	 0.28987557	 0.21779422	 0.7957283	 -0.48513365	 0.32854393	 -1.3685113	 0.34588528	Triplo salto in lungo	3	Petto
286	 3251259378	 0.9999957875965595	 -8.506799532920217E-4	 0.0024900552353112064	 0.0012250541533695425	 -0.1214479081872368	 -0.11152036492785687	 -0.038074826150341363	 -0.6298828125	 0.73046875	 -1.16796875	 0.28833878	 0.220397	 0.79636276	 -0.48383138	 0.5958943	 -1.3241245	 0.23644161	Triplo salto in lungo	3	Petto
287	 3251276045	 0.9999969059742377	 -9.850121164357573E-4	 0.0022076883660339668	 5.864342763056697E-4	 -0.120653913259061	 -0.10452140201598888	 -0.03956530057791989	 -0.627685546875	 0.729736328125	 -1.163330078125	 0.28674957	 0.22232388	 0.7971045	 -0.48267123	 0.79455817	 -1.108831	 -0.039788246	Triplo salto in lungo	3	Petto
288	 3251292712	 0.9999970898394123	 -0.0012431338324333518	 0.0020558100261315886	 2.2039990358216355E-4	 -0.11776172032246257	 -0.10232812739129951	 -0.039856114984576835	 -0.626708984375	 0.72802734375	 -1.1591796875	 0.2851669	 0.22381781	 0.7979956	 -0.48144454	 0.74699056	 -1.0687457	 -0.24064064	Triplo salto in lungo	3	Petto
289	 3251309379	 0.9999956960357648	 -0.0018851217989783176	 0.002247555661709033	 -5.214687679994113E-5	 -0.11742433908014964	 -0.10351241600865926	 -0.039054701222756526	 -0.6279296875	 0.724609375	 -1.157470703125	 0.28345063	 0.22500543	 0.7992993	 -0.47973868	 0.7059679	 -1.1846821	 -0.23167324	Triplo salto in lungo	3	Petto
290	 3251326046	 0.9999948983971021	 -0.0022923978587143234	 0.002203614112460617	 -3.036061102325016E-4	 -0.1191901929067861	 -0.1065753852771775	 -0.04151118540361942	 -0.62744140625	 0.730224609375	 -1.153564453125	 0.28174508	 0.22586048	 0.80082834	 -0.47778776	 0.6453436	 -1.1961768	 0.005220413	Triplo salto in lungo	3	Petto
291	 3251342713	 0.9999962544004788	 -0.0019258601108243512	 0.0018807887003691739	 -4.948552425963483E-4	 -0.12048462450427577	 -0.10889102448701293	 -0.04517707101407979	 -0.62939453125	 0.728759765625	 -1.144287109375	 0.28012738	 0.22651698	 0.8021208	 -0.47625744	 0.5796576	 -1.1248468	 0.22140694	Triplo salto in lungo	3	Petto
292	 3251359380	 0.9999963755296734	 -0.0020849501477167576	 0.0015824728463649242	 -6.306267426601508E-4	 -0.12008010699634744	 -0.10671807115515472	 -0.04601703207376748	 -0.62890625	 0.7265625	 -1.141357421875	 0.2787227	 0.22688484	 0.8034247	 -0.4747061	 0.65159214	 -1.0694903	 0.13554764	Triplo salto in lungo	3	Petto
293	 3251376047	 0.9999952716018008	 -0.0025773497053253602	 0.0014879501901352565	 -7.74626857767663E-4	 -0.12229669895665879	 -0.10582463851313434	 -0.04673382065152462	 -0.633544921875	 0.7275390625	 -1.135986328125	 0.2774443	 0.22695446	 0.804959	 -0.472819	 0.7916967	 -1.0667365	 0.1994896	Triplo salto in lungo	3	Petto
294	 3251392714	 0.9999955277257992	 -0.0024724606129769566	 0.0014055166488884387	 -9.251972044648227E-4	 -0.12453484169528466	 -0.10644220363288216	 -0.04885872881183632	 -0.633544921875	 0.72412109375	 -1.129150390625	 0.2761431	 0.2268957	 0.80644387	 -0.4710753	 0.8597837	 -1.0339631	 0.3560028	Triplo salto in lungo	3	Petto
295	 3251409381	 0.999996053548841	 -0.0022246958448311482	 0.0014272823765941747	 -9.520925158840178E-4	 -0.12329568976141386	 -0.10720107726052416	 -0.049320734763058795	 -0.636474609375	 0.723388671875	 -1.1279296875	 0.27476206	 0.22689697	 0.80781406	 -0.46953213	 0.79166615	 -1.0704533	 0.34055328	Triplo salto in lungo	3	Petto
296	 3251426048	 0.9999961530572927	 -0.0022235299923275553	 0.0013762556106715065	 -9.250435033013871E-4	 -0.12135723123476408	 -0.10680673934728978	 -0.04783119356498039	 -0.638427734375	 0.7236328125	 -1.116455078125	 0.27344114	 0.2268978	 0.8091543	 -0.46799245	 0.76370174	 -1.1706326	 0.20558453	Triplo salto in lungo	3	Petto
