2	 3278609557	 0.9984154922354799	 -0.029740996668382674	 -0.039045401637535206	 -0.027521529614451146	 -0.062222611353721535	 -0.37108816719526094	 0.33187718759237644	 -0.829345703125	 -0.906005859375	 -2.107177734375	 0.58688	 0.4822467	 -0.6080421	 0.23085666	 10.843268	 -25.683609	 -21.168901	Scatto 30m	4	Braccio
3	 3278626224	 0.9996047143269755	 0.002845146389152342	 -0.0274561348803864	 -0.0053367494544874225	 -0.20874258013569633	 -0.6077797675816221	 0.2257539489624501	 -0.860595703125	 -0.89208984375	 -2.1240234375	 0.57226354	 0.49143326	 -0.61600846	 0.22702776	 23.109488	 -23.408745	 -34.063362	Scatto 30m	4	Braccio
4	 3278642891	 0.9987427084952094	 0.04549571389260046	 -0.016998037644609724	 0.012418090082143063	 -0.26459647615303544	 -0.6015474296142517	 0.037869250490100426	 -0.90478515625	 -0.947998046875	 -2.0712890625	 0.5353771	 0.51014113	 -0.61896294	 0.26459885	 28.394289	 -11.607876	 -34.688274	Scatto 30m	4	Braccio
5	 3278659558	 0.9965146679118353	 0.07049774483747145	 -0.014134390044598377	 0.04229425052489378	 -0.21416373205686529	 -0.5575053994734852	 -0.040641769712147856	 -0.978759765625	 -1.03759765625	 -1.958740234375	 0.47373068	 0.5203981	 -0.6292291	 0.32990298	 30.704115	 -4.8640065	 -27.800537	Scatto 30m	4	Braccio
6	 3278676225	 0.9965042941435256	 0.04996065555749071	 -0.01349771041647055	 0.06558152531996086	 0.1460505936558699	 -0.4259780716554689	 -0.037890961191016655	 -1.09765625	 -1.08740234375	 -1.859130859375	 0.41020682	 0.50139177	 -0.65500337	 0.3889826	 25.044987	 -7.137325	 -2.2630415	Scatto 30m	4	Braccio
7	 3278692892	 0.996941281817672	 0.015596303592254085	 -0.007413419110296569	 0.07622255006945262	 0.4936633395051806	 -0.25121785864995516	 0.04337189371551376	 -1.231689453125	 -1.071044921875	 -1.8046875	 0.3618565	 0.4558294	 -0.6900157	 0.43030006	 9.056773	 -15.217517	 18.430109	Scatto 30m	4	Braccio
8	 3278709559	 0.9960839402498197	 -0.0019510123483781339	 -0.0010023519452891652	 0.08838536540507047	 0.4485036154616355	 -0.4148500058804949	 0.15963875074812342	 -1.3701171875	 -0.998046875	 -1.800048828125	 0.3214136	 0.39301106	 -0.72514284	 0.46519184	 13.659826	 -22.296364	 17.603762	Scatto 30m	4	Braccio
9	 3278726226	 0.9945787083059598	 0.014033972950202256	 0.005327477824686344	 0.10289732050791613	 0.7380597034875285	 -0.6343544264998284	 0.22258277456862324	 -1.5078125	 -0.884765625	 -1.798583984375	 0.26803944	 0.3190384	 -0.7474424	 0.5173965	 10.234133	 -33.183342	 38.993465	Scatto 30m	4	Braccio
10	 3278742893	 0.9927745342375914	 0.041033731094179154	 0.019237432264732585	 0.11110750776470396	 0.8745712374572124	 -0.4791917408873985	 0.22565039425923467	 -1.623779296875	 -0.763671875	 -1.77294921875	 0.20703222	 0.23792975	 -0.7406609	 0.5932524	 -13.292295	 -29.471642	 42.32259	Scatto 30m	4	Braccio
11	 3278759560	 0.9911801017994785	 0.05644963641201804	 0.03772302748601437	 0.11380868834590697	 0.9946190502798667	 -0.33764215930084784	 0.19765912904255856	 -1.696533203125	 -0.628662109375	 -1.77880859375	 0.15158309	 0.15020695	 -0.7073776	 0.67385256	 -35.11965	 -20.902918	 39.603825	Scatto 30m	4	Braccio
12	 3278776227	 0.9889978947780038	 0.0895361993376878	 0.05919362968001011	 0.1017965978711666	 1.2783041987832569	 -0.319771711942574	 0.11377508439314854	 -1.718505859375	 -0.518310546875	 -1.81884765625	 0.11107483	 0.061664384	 -0.6371947	 0.76015985	 -60.847694	 -8.324063	 40.43936	Scatto 30m	4	Braccio
14	 3278809561	 0.9749749192710927	 0.12745304610563107	 0.14869818918995856	 0.1052068265957552	 2.3830354380483807	 0.5916306233387776	 -0.6659880091595468	 -1.600341796875	 -0.492431640625	 -1.990966796875	 0.12575804	 -0.074614204	 -0.50910795	 0.8481902	 -66.44799	 21.715897	 -34.344444	Scatto 30m	4	Braccio
15	 3278826228	 0.9979160682033342	 -0.013604192203436005	 0.06160372884821084	 0.013543536025957726	 0.7815206355615503	 0.18725740020460666	 -0.6085493885278831	 -1.51025390625	 -0.458251953125	 -2.092529296875	 0.15328127	 -0.12062858	 -0.51202756	 0.83652943	 -37.958546	 39.537815	 -35.38703	Scatto 30m	4	Braccio
17	 3278859562	 0.9921508393083991	 0.06383274878022213	 0.10711866840429032	 0.009363926638543603	 0.797360123596977	 0.3755446193997702	 -0.7649122940677383	 -1.33154296875	 -0.518310546875	 -2.200927734375	 0.22543257	 -0.18795948	 -0.44705877	 0.84497935	 -7.94141	 18.804974	 -32.087486	Scatto 30m	4	Braccio
19	 3278892896	 0.9911606050915595	 0.12410095505864543	 0.04429605854856251	 -0.015409966422029688	 -0.15548233300696318	 0.32813969657644665	 -0.4786714326514917	 -1.218505859375	 -0.742431640625	 -2.142333984375	 0.28887624	 -0.18319276	 -0.33772704	 0.8768874	 12.044167	 0.90540016	 -20.95708	Scatto 30m	4	Braccio
21	 3278926230	 0.9890667909333102	 0.12089576861105017	 -0.07130607602444933	 -0.045238697227290244	 -0.0021967942178420796	 0.10788327082424723	 -1.234143730892635	 -1.260498046875	 -0.949951171875	 -1.9521484375	 0.32847458	 -0.07103549	 -0.26301637	 0.90436774	 17.240849	 19.448072	 -44.02668	Scatto 30m	4	Braccio
23	 3278959564	 0.9765609037402229	 0.14653068413161435	 -0.13462683897969144	 -0.08205592069032201	 0.6811145485065757	 1.2828669418098464	 -0.43191601193511475	 -1.257568359375	 -1.172607421875	 -1.567626953125	 0.37488958	 0.122918874	 -0.18072113	 0.9009378	 -46.358196	 -3.3817475	 -40.52063	Scatto 30m	4	Braccio
24	 3278976231	 0.9961358703065541	 -0.012618240725206176	 -0.07500356034843607	 -0.04391553056338057	 0.554936258995826	 0.805670281661428	 -0.37159508465138236	 -1.21728515625	 -1.206787109375	 -1.506103515625	 0.40214244	 0.20077658	 -0.20889711	 0.8685231	 -59.934998	 -1.6150995	 -28.455547	Scatto 30m	4	Braccio
31	 3279092900	 0.7319269085644572	 -0.38695829391476944	 -0.4391653607769715	 -0.34882669792244997	 1.413253088370777	 -0.6058006495503203	 0.7900186292903932	 -0.984130859375	 -0.921875	 -2.093994140625	 0.6010918	 0.4732677	 -0.57763726	 0.28467855	 42.081474	 -33.97188	 -29.165268	Scatto 30m	4	Braccio
33	 3279126234	 0.99340760169659	 0.04128886679998642	 -0.08199363490131456	 0.0686557368722533	 -0.028617927634715934	 -1.517293277068768	 0.5171775742565395	 -1.189208984375	 -0.929443359375	 -2.00830078125	 0.5048238	 0.47244942	 -0.6447684	 0.32591155	 29.09715	 -23.65144	 -4.3561206	Scatto 30m	4	Braccio
35	 3279159568	 0.9843411887156992	 0.07971031853546579	 -0.0348491907971667	 0.15331087116549005	 0.9779993778332207	 -0.8759035279744647	 0.12028522287513056	 -1.4482421875	 -0.89990234375	 -1.861083984375	 0.37977725	 0.41222608	 -0.69442225	 0.45123932	 18.282013	 -20.456774	 20.441347	Scatto 30m	4	Braccio
37	 3279192902	 0.9737570561224579	 0.08042286038969707	 0.027573351617096273	 0.21111387794047023	 1.4782007669351063	 -0.5211017480304905	 0.29341449791204643	 -1.664306640625	 -0.69287109375	 -1.79052734375	 0.25382537	 0.2710625	 -0.7077319	 0.60101044	 -13.24542	 -21.537846	 35.441788	Scatto 30m	4	Braccio
39	 3279226236	 0.9712180572394415	 0.08136423283410724	 0.09205539854813553	 0.204061634085161	 1.9626550884924094	 -0.07855621286101927	 0.3834396824809176	 -1.707763671875	 -0.410400390625	 -1.880859375	 0.16446221	 0.094157115	 -0.65665084	 0.7299977	 -49.052116	 -13.85369	 25.103004	Scatto 30m	4	Braccio
41	 3279259570	 0.9820675822676033	 0.09293719569472751	 0.12610519983820942	 0.10489718818552543	 2.2006933016062415	 0.5064080929905496	 -0.4382914131640113	 -1.572998046875	 -0.3466796875	 -2.054931640625	 0.16281979	 -0.028596578	 -0.5529803	 0.81663024	 -70.33713	 28.444622	 -21.468483	Scatto 30m	4	Braccio
42	 3279276237	 0.9973134863576707	 0.023811737955011278	 0.06650836500898206	 0.019376492161949276	 0.7423118797051823	 0.48197191061944017	 -0.5088949069934793	 -1.472900390625	 -0.348388671875	 -2.144775390625	 0.19055288	 -0.07483029	 -0.5184326	 0.83025175	 -43.0271	 30.660448	 -40.808113	Scatto 30m	4	Braccio
44	 3279309571	 0.9910146246054157	 0.07631027507763463	 0.10981739527928412	 -0.002625915047436367	 0.5315728849426311	 0.22902620404304191	 -0.6120063867393868	 -1.257568359375	 -0.471923828125	 -2.245361328125	 0.26641768	 -0.12822364	 -0.43137217	 0.8523488	 -1.2642975	 11.606411	 -20.023438	Scatto 30m	4	Braccio
46	 3279342905	 0.9946445452854018	 0.10154577164994788	 0.005371639818356201	 -0.018488652727411375	 -0.5974395722205906	 0.18879572909954112	 -0.6095741213253103	 -1.1904296875	 -0.667236328125	 -2.20361328125	 0.30352306	 -0.088273	 -0.34711707	 0.88294476	 27.933952	 -2.9034383	 -30.687239	Scatto 30m	4	Braccio
47	 3279359572	 0.9968789021063731	 0.05552704966562119	 -0.054896248153993805	 -0.011644879958117334	 -0.1644758942946204	 0.2651438087691662	 -0.6905027768622325	 -1.2734375	 -0.761962890625	 -2.102783203125	 0.3006041	 -0.01860931	 -0.31627637	 0.89958894	 15.668308	 8.22571	 -51.689663	Scatto 30m	4	Braccio
48	 3279376239	 0.9949669534512314	 0.07186987751468471	 -0.0610868944082515	 -0.033821200119959566	 0.14643854074610127	 0.5710143711280854	 -0.43739961306564457	 -1.328369140625	 -0.8955078125	 -1.966064453125	 0.31348866	 0.06810272	 -0.2711965	 0.90749085	 -19.282751	 -1.5209091	 -49.380257	Scatto 30m	4	Braccio
49	 3279392906	 0.9963528380068425	 0.0135461197167418	 -0.07371019578185536	 -0.04079622377293033	 0.4829797417550288	 0.4678835466190155	 -0.42886774334735583	 -1.36279296875	 -0.9765625	 -1.839111328125	 0.33006018	 0.15147997	 -0.2785526	 0.8891135	 -38.831684	 10.824187	 -35.597122	Scatto 30m	4	Braccio
50	 3279409573	 0.995000394798921	 -0.03337710990313292	 -0.07468076560472721	 -0.05729717386745639	 0.6241325478462509	 0.327769937204997	 -0.30397619041243307	 -1.3662109375	 -1.005859375	 -1.802490234375	 0.36564878	 0.2261491	 -0.32224652	 0.8433949	 -42.360218	 17.3645	 -14.883858	Scatto 30m	4	Braccio
51	 3279426240	 0.9945672830431695	 -0.043961916367325105	 -0.0691121364297368	 -0.064240034305391	 0.7154373814173538	 0.3172593349942203	 -0.30866989112533344	 -1.3408203125	 -1.0224609375	 -1.799072265625	 0.40802398	 0.29371166	 -0.36737925	 0.7824848	 -44.195225	 23.342295	 -2.755445	Scatto 30m	4	Braccio
52	 3279442907	 0.9949732490670009	 -0.048613107462158245	 -0.06010309379186541	 -0.06366017232599014	 0.6338114807972453	 0.4817552561401462	 -0.14377609238651073	 -1.30322265625	 -1.037353515625	 -1.818603515625	 0.45086914	 0.34978503	 -0.4083825	 0.7124545	 -44.676678	 11.582284	 5.215745	Scatto 30m	4	Braccio
53	 3279459574	 0.9945088077699398	 -0.0640839474753116	 -0.053255410694853	 -0.06331935072090557	 0.7018940122446994	 0.3857028668228968	 -0.02749332415674889	 -1.26025390625	 -1.02880859375	 -1.858154296875	 0.49730712	 0.3900407	 -0.4511319	 0.6301063	 -35.93285	 10.329344	 20.418234	Scatto 30m	4	Braccio
54	 3279476241	 0.9925416600996287	 -0.09108209158629818	 -0.037491478322330817	 -0.07182962210776578	 0.5891344982020852	 0.23899224354515286	 0.04065802479372799	 -1.201904296875	 -0.970947265625	 -1.975830078125	 0.5607173	 0.40454248	 -0.4922628	 0.52879006	 -20.56647	 5.807868	 21.877487	Scatto 30m	4	Braccio
55	 3279492908	 0.9956589302523283	 -0.07097578963090381	 -0.02460891822227092	 -0.05495573708893826	 0.6702316775573083	 -0.22745695960253554	 0.0528742152754979	 -1.150634765625	 -0.903564453125	 -2.066162109375	 0.6067771	 0.40856838	 -0.5155971	 0.44615394	 11.893159	 3.0244079	 30.965294	Scatto 30m	4	Braccio
56	 3279509575	 0.9971405945553253	 -0.046632338452118394	 -0.017988735257232272	 -0.056678612405252404	 0.45362082348965876	 -0.7007063259388303	 0.1891702729532719	 -1.1123046875	 -0.844970703125	 -2.11962890625	 0.6414946	 0.41993698	 -0.52072424	 0.37547842	 39.593185	 -18.965519	 16.827454	Scatto 30m	4	Braccio
57	 3279526242	 0.9982929137081934	 -0.017194011719591257	 -0.015514006033296987	 -0.05361846713391783	 0.006141420832619704	 -0.4963769389808031	 0.3281638506682068	 -1.067138671875	 -0.832275390625	 -2.14794921875	 0.6596123	 0.4430058	 -0.51335007	 0.32423633	 20.502138	 -29.166595	 -11.749615	Scatto 30m	4	Braccio
58	 3279542909	 0.9998353814728116	 0.007377492754421816	 -0.009106714412656898	 -0.01385100387632976	 -0.28274414363987155	 -0.6353295884461306	 0.1635810253214903	 -1.052001953125	 -0.84326171875	 -2.137451171875	 0.6560892	 0.45761034	 -0.50982815	 0.31656766	 25.501247	 -23.75087	 -34.76732	Scatto 30m	4	Braccio
59	 3279559576	 0.9992452347103288	 0.033377088911506314	 -0.00796069693361469	 0.018208738254596905	 -0.3718902449483992	 -0.7440293336050734	 0.19636050393313303	 -1.075439453125	 -0.879638671875	 -2.103759765625	 0.6303249	 0.4713007	 -0.51153505	 0.34481615	 28.938612	 -26.87793	 -42.518032	Scatto 30m	4	Braccio
60	 3279576243	 0.9978795490545848	 0.04902662873695207	 -0.01189326419848215	 0.041125971356464563	 5.421703550417822E-4	 -0.5561311629965446	 -0.022097169341780423	 -1.139892578125	 -0.935302734375	 -2.03369140625	 0.58524424	 0.48244077	 -0.5191755	 0.39395034	 31.125212	 -9.296053	 -17.552988	Scatto 30m	4	Braccio
61	 3279592910	 0.9972659162936784	 0.03785485839625294	 -0.0026409969787493937	 0.06340920303621396	 0.41651640721249084	 -0.28869524066870467	 -0.09521821701639833	 -1.23583984375	 -0.955322265625	 -1.9658203125	 0.53789526	 0.46926746	 -0.5345018	 0.45250922	 21.511768	 0.9235169	 12.403858	Scatto 30m	4	Braccio
62	 3279609577	 0.9968870722063876	 0.00678726244644455	 0.00490078318036695	 0.07839694292814298	 0.44942577019632923	 -0.08947431920969506	 0.0537535032684281	 -1.335205078125	 -0.914306640625	 -1.94677734375	 0.49854097	 0.42537084	 -0.56422377	 0.5021636	 5.078026	 -4.249051	 17.066727	Scatto 30m	4	Braccio
63	 3279626244	 0.9950308532819461	 -0.02781611332044709	 0.005813707271545254	 0.09542570756618492	 0.3178334848106695	 -0.06813074902507239	 0.2272983857504195	 -1.439208984375	 -0.794189453125	 -1.974853515625	 0.461802	 0.35143578	 -0.6129377	 0.536227	 -0.65977	 -13.58037	 9.718346	Scatto 30m	4	Braccio
64	 3279642911	 0.9935071484569814	 -0.04059098748752206	 0.010552224223776387	 0.10575711920999178	 0.369266455115526	 -0.32564285661799103	 0.4091073555405771	 -1.52197265625	 -0.598388671875	 -2.0166015625	 0.42166367	 0.25964797	 -0.6618482	 0.56279653	 6.1334906	 -25.986893	 17.796124	Scatto 30m	4	Braccio
68	 3279709579	 0.9571650598351316	 0.06886052633319611	 0.14079141857509073	 0.243456469619392	 3.220756029147635	 1.2267814711388565	 0.5950590972222564	 -1.44287109375	 -0.353759765625	 -2.16552734375	 0.3385467	 0.04754674	 -0.5817084	 0.73806566	 -72.343124	 42.62168	 -8.082975	Scatto 30m	4	Braccio
69	 3279726246	 0.9973307466314055	 -0.005224238268340795	 0.07129213885700561	 0.0148835511673944	 0.705940214411707	 0.4173162879846659	 -0.2959652637226003	 -1.320556640625	 -0.312744140625	 -2.245361328125	 0.3728387	 -0.007030285	 -0.55756176	 0.74166495	 -40.808125	 32.16964	 -15.819264	Scatto 30m	4	Braccio
70	 3279742913	 0.9974513629862501	 0.03055316831425582	 0.06435494949588651	 -0.003965205948566603	 0.2530754229962005	 0.11748258944861169	 0.02130337281037306	 -1.18798828125	 -0.344970703125	 -2.298095703125	 0.41625714	 -0.031855114	 -0.5077481	 0.7535962	 -15.3361	 6.746308	 -8.738804	Scatto 30m	4	Braccio
71	 3279759580	 0.9974484946954646	 0.04417875633791183	 0.05569699637455455	 -0.00652552779781803	 0.03555445759408063	 0.1460297538995879	 -0.1437656677884338	 -1.06884765625	 -0.431884765625	 -2.316162109375	 0.4542765	 -0.04361121	 -0.44854736	 0.7684635	 -2.6997879	 6.621067	 -20.039368	Scatto 30m	4	Braccio
72	 3279776247	 0.9987805799976242	 0.02604376071409157	 0.04166157649240022	 -0.004836175311600889	 -0.15635357884571932	 0.08004015175034046	 -0.3548608195404275	 -0.96826171875	 -0.50439453125	 -2.3154296875	 0.4809542	 -0.0547515	 -0.40825087	 0.77396184	 12.192291	 6.1143045	 -29.263477	Scatto 30m	4	Braccio
73	 3279792914	 0.9999231817463964	 -7.492541352356191E-4	 0.004743260282982498	 -0.011426753970045654	 -0.260093089052445	 0.0052940262723029305	 -0.4205471997424943	 -0.926025390625	 -0.51123046875	 -2.32177734375	 0.49465328	 -0.04947889	 -0.40712017	 0.76623964	 19.9789	 2.3074825	 -31.62592	Scatto 30m	4	Braccio
74	 3279809581	 0.9986124403834773	 0.043571028960539944	 -0.026919087393478924	 -0.01225243161899703	 -0.15579930163502767	 -0.058976537457332376	 -0.2826946693232735	 -0.9580078125	 -0.5625	 -2.295654296875	 0.4966694	 5.222686E-4	 -0.3878602	 0.77645594	 15.363723	 2.9420075	 -21.767393	Scatto 30m	4	Braccio
75	 3279826248	 0.9960075916605811	 0.07526467266937492	 -0.036091919135479274	 -0.03164616525867254	 0.14656228666835594	 0.12671058770939594	 -0.3177526088540921	 -1.006591796875	 -0.704345703125	 -2.23486328125	 0.5068092	 0.079909325	 -0.3469157	 0.78511703	 -2.9633973	 16.755186	 -24.272465	Scatto 30m	4	Braccio
76	 3279842915	 0.9962802071563458	 0.06894939368018524	 -0.038866949835910276	 -0.034074772928025326	 0.19846426985454163	 0.344401638365593	 -0.26019784361024567	 -1.0380859375	 -0.849365234375	 -2.134521484375	 0.51436067	 0.15886049	 -0.3100318	 0.78363067	 -19.666594	 13.619991	 -25.310982	Scatto 30m	4	Braccio
77	 3279859582	 0.9949128398604059	 0.061506324543146224	 -0.06374098350602803	 -0.047984373954235195	 0.37622716018654406	 0.6195766424433861	 -0.32445580206823704	 -1.07373046875	 -0.966552734375	 -2.026123046875	 0.52136725	 0.25726327	 -0.28652355	 0.76150906	 -41.744106	 18.40649	 -23.56174	Scatto 30m	4	Braccio
78	 3279876249	 0.9964882176173998	 0.027535411935668996	 -0.06340877355336065	 -0.047247864244738424	 0.4828769378603138	 0.9133252875835276	 -0.4140392266874264	 -1.0888671875	 -1.04443359375	 -1.92529296875	 0.53180355	 0.33666873	 -0.28564557	 0.7226658	 -63.287846	 20.373892	 -16.051891	Scatto 30m	4	Braccio
79	 3279892916	 0.9965486489353947	 -0.02579827230910091	 -0.05909675186740277	 -0.05227631748342033	 0.32953153109984756	 0.7842703197584991	 -0.19374183476795626	 -1.084716796875	 -1.0537109375	 -1.9189453125	 0.5613087	 0.38515046	 -0.3157886	 0.6609609	 -51.379677	 7.6183114	 -3.3061862	Scatto 30m	4	Braccio
80	 3279909583	 0.9944771319340051	 -0.07159373762921502	 -0.04988461608966782	 -0.058318915200651585	 0.36581568019784716	 0.33159594412339377	 -0.15558014396440184	 -1.055419921875	 -0.994384765625	 -1.9970703125	 0.61065745	 0.40020677	 -0.36388037	 0.57837987	 -22.472471	 15.424089	 5.0793276	Scatto 30m	4	Braccio
81	 3279926250	 0.9948042568827296	 -0.07552996290242961	 -0.048175170371310944	 -0.04836184603231026	 0.5393518349445228	 -0.05879135749992867	 0.10315101983694239	 -1.050537109375	 -0.906494140625	 -2.0869140625	 0.6501472	 0.40284362	 -0.41290414	 0.49450576	 6.1261663	 7.608034	 21.850931	Scatto 30m	4	Braccio
82	 3279942917	 0.995102790453994	 -0.06453496172679313	 -0.04903189408162174	 -0.05658222784907524	 0.4989891247639071	 -0.39501620807327126	 0.3062224286287641	 -1.06201171875	 -0.81005859375	 -2.1630859375	 0.68204296	 0.41060835	 -0.4498915	 0.40474164	 25.891434	 -12.423613	 21.346722	Scatto 30m	4	Braccio
83	 3279959584	 0.9966500697756099	 -0.02334278783744473	 -0.046312102144205315	 -0.06323718737604418	 0.19611924934158706	 -0.4226156280176163	 0.3060537643702849	 -1.070556640625	 -0.77587890625	 -2.1826171875	 0.69463503	 0.44296613	 -0.46224248	 0.32801747	 21.375347	 -23.356833	 0.9638386	Scatto 30m	4	Braccio
84	 3279976251	 0.9984854180433586	 0.01205924437508199	 -0.04035558048996948	 -0.03539592777706535	 -0.12789150390497375	 -0.46704346728261203	 0.16311593498656363	 -1.09228515625	 -0.804931640625	 -2.15380859375	 0.6814844	 0.48154172	 -0.46887305	 0.28957713	 18.0644	 -20.337585	 -23.953274	Scatto 30m	4	Braccio
85	 3279992918	 0.999233302153812	 0.02381199384340324	 -0.03024636686788773	 -0.00713821457253	 -0.06420969805163443	 -0.4728771515100927	 0.15258879897542135	 -1.130615234375	 -0.848876953125	 -2.112060546875	 0.6576107	 0.5101122	 -0.47776514	 0.2812017	 19.241602	 -18.737566	 -23.31475	Scatto 30m	4	Braccio
86	 3280009585	 0.9992182041956913	 0.030741617796287174	 -0.01920185471908577	 0.015786770238146397	 -0.07650928983921132	 -0.45596224275448044	 0.22266986839269742	 -1.1806640625	 -0.89013671875	 -2.05810546875	 0.6279636	 0.52795994	 -0.48843345	 0.29724258	 17.19801	 -20.829727	 -24.588268	Scatto 30m	4	Braccio
87	 3280026252	 0.9986658577800355	 0.03660852564685779	 -0.013248096957732965	 0.033923565281790864	 0.004264193583510628	 -0.40672889121273204	 0.1653641429112227	 -1.24169921875	 -0.91943359375	 -1.990966796875	 0.5914332	 0.5374936	 -0.5018819	 0.33079007	 18.882254	 -15.981178	 -18.872955	Scatto 30m	4	Braccio
88	 3280042919	 0.9984518504090429	 0.029616123413406137	 -0.005532040108770898	 0.04675664852141098	 0.16575402112775844	 -0.3088656371431194	 0.06771170609968388	 -1.315673828125	 -0.9267578125	 -1.943359375	 0.55638933	 0.53225005	 -0.5184132	 0.3720063	 19.051003	 -9.103938	 -6.2046633	Scatto 30m	4	Braccio
89	 3280059586	 0.9978443531954337	 0.008947141195554814	 0.0023030166562613003	 0.06497146738910987	 0.25870596924671707	 -0.2773963544779138	 0.05116188042656452	 -1.391845703125	 -0.888916015625	 -1.919677734375	 0.5271478	 0.50117844	 -0.54620486	 0.41544607	 18.365173	 -7.6480136	 1.6590958	Scatto 30m	4	Braccio
90	 3280076253	 0.9962777782073501	 0.00463099300048328	 0.007038102252687571	 0.0857881557718565	 0.4674243794765752	 -0.3557427155580313	 0.11129431401506219	 -1.484130859375	 -0.797607421875	 -1.920166015625	 0.49041545	 0.45156	 -0.58066785	 0.46734458	 21.487577	 -12.72036	 15.937899	Scatto 30m	4	Braccio
91	 3280092920	 0.9948563836152903	 0.010918702968228139	 0.007821086069060354	 0.1004011380318889	 0.73400370819668	 -0.26190067618630797	 0.15227753184465878	 -1.572265625	 -0.67919921875	 -1.92431640625	 0.43958065	 0.39205894	 -0.6131542	 0.5264034	 8.959825	 -14.117707	 34.8003	Scatto 30m	4	Braccio
92	 3280109587	 0.9955402772792732	 0.012917693006565464	 0.01240130921336534	 0.09262233559941324	 0.7193494002721514	 -0.18523168259068207	 0.22941008301649485	 -1.63134765625	 -0.544677734375	 -1.9326171875	 0.390387	 0.33231893	 -0.633077	 0.57997906	 -4.6660395	 -15.721336	 33.85459	Scatto 30m	4	Braccio
93	 3280126254	 0.9966775579036524	 0.031732453030971136	 0.019422420498913656	 0.07245458286273047	 0.7943984251415723	 -0.0023404958623708116	 0.38166778807367857	 -1.650146484375	 -0.44970703125	 -1.944091796875	 0.34810984	 0.28672898	 -0.62688804	 0.6353091	 -25.071419	 -21.070684	 31.703281	Scatto 30m	4	Braccio
94	 3280142921	 0.996419564519948	 0.05048106070108363	 0.03406356836391184	 0.0586462894196044	 1.0017557931865997	 -0.03666029225010084	 0.09371564084223287	 -1.64111328125	 -0.414306640625	 -1.966796875	 0.31634933	 0.24635069	 -0.5940862	 0.6973493	 -34.326305	 -0.47662976	 39.89156	Scatto 30m	4	Braccio
95	 3280159588	 0.9976537364576635	 0.03360154028712002	 0.04801821073607982	 0.035386580226145874	 1.1960171586209378	 0.4988864521190065	 -0.22487672719525087	 -1.5927734375	 -0.402587890625	 -2.024169921875	 0.3117267	 0.20459035	 -0.5592007	 0.7404485	 -70.236206	 21.004406	 19.396648	Scatto 30m	4	Braccio
96	 3280176255	 0.9983714088028294	 0.0043462225661725085	 0.05577846678091337	 0.011153612779258686	 0.6660258555198971	 0.533277849256742	 -0.30404863790760356	 -1.509033203125	 -0.395751953125	 -2.10107421875	 0.33519214	 0.16303645	 -0.53662634	 0.75703216	 -50.197205	 20.780796	 -11.161263	Scatto 30m	4	Braccio
97	 3280192922	 0.9980701539264729	 0.0023731645206259977	 0.06202615045252541	 0.0017585765224245287	 0.25389226326725145	 0.24155342552955547	 -0.19131328097418482	 -1.408447265625	 -0.3837890625	 -2.18115234375	 0.368796	 0.12175298	 -0.5104264	 0.76722276	 -19.685253	 12.698682	 -14.821468	Scatto 30m	4	Braccio
98	 3280209589	 0.9981655383280714	 0.007256272449581477	 0.060015163773280984	 0.0033293725587707525	 0.056969600079092915	 0.29796367894727704	 -0.2736385309444366	 -1.298583984375	 -0.39697265625	 -2.244384765625	 0.39805782	 0.08247678	 -0.4799359	 0.7774377	 -11.818248	 12.131461	 -27.53271	Scatto 30m	4	Braccio
99	 3280226256	 0.9986851487724807	 0.00187596372373032	 0.051224684792392124	 -6.971723713727966E-4	 -0.10962664693417577	 0.35760281349020284	 -0.27314575467880353	 -1.19189453125	 -0.39990234375	 -2.288818359375	 0.42526397	 0.049271293	 -0.4557464	 0.78039616	 -6.6675577	 5.0195165	 -36.317795	Scatto 30m	4	Braccio
100	 3280242923	 0.9995761278227332	 -7.139239063832584E-4	 0.024055421036254302	 -0.016382665178023427	 -0.1214329567873064	 0.16821437037914075	 -0.1803331037383611	 -1.119873046875	 -0.401123046875	 -2.306884765625	 0.45145878	 0.042765398	 -0.4436791	 0.77298456	 0.6899163	 1.4217429	 -26.229805	Scatto 30m	4	Braccio
101	 3280259590	 0.9989433379852104	 0.031963322891406985	 3.317565766015607E-4	 -0.033021862792385115	 0.03257751339896612	 0.11665965316397242	 -0.20932190907148376	 -1.096923828125	 -0.4580078125	 -2.304443359375	 0.47748014	 0.07598652	 -0.4157406	 0.7703238	 -2.1794684	 9.015414	 -20.970734	Scatto 30m	4	Braccio
102	 3280276257	 0.9982837895223176	 0.03331706900631628	 -0.018179481413865217	 -0.04459770112138769	 0.12527206482158298	 0.1993135095134227	 -0.3718266447862293	 -1.09716796875	 -0.555908203125	 -2.282470703125	 0.50293297	 0.12828054	 -0.39384532	 0.7586096	 -7.4027953	 18.629852	 -26.99846	Scatto 30m	4	Braccio
103	 3280292924	 0.9985390672008937	 0.01284977199813682	 -0.02041148393503656	 -0.0483527243982663	 0.1846989033277019	 0.40213786744448854	 -0.5310308843029019	 -1.111083984375	 -0.605712890625	 -2.258056640625	 0.53117824	 0.17289296	 -0.38734627	 0.73343074	 -19.636925	 26.157328	 -35.312492	Scatto 30m	4	Braccio
104	 3280309591	 0.9976077738950133	 0.021348190258940053	 -0.024789875324010117	 -0.06089701403454967	 0.2635413676534235	 0.6644313656003917	 -0.12986481140155476	 -1.09521484375	 -0.681884765625	 -2.220458984375	 0.56321484	 0.22974026	 -0.37355888	 0.70033014	 -41.144615	 10.777386	 -19.348896	Scatto 30m	4	Braccio
105	 3280326258	 0.9969079708929711	 -0.03484220121832703	 -0.03585006000480257	 -0.06062418479429357	 0.6104727019088784	 0.5815674929222407	 -0.07689686021916975	 -1.106201171875	 -0.68408203125	 -2.21533203125	 0.600577	 0.26180887	 -0.40216127	 0.63955444	 -42.448193	 23.17768	 5.723731	Scatto 30m	4	Braccio
106	 3280342925	 0.9939817448106437	 -0.08008793380355364	 -0.037150275309331134	 -0.06485422797864987	 0.756447019819028	 0.4619660880113941	 0.13728600459966533	 -1.126708984375	 -0.586669921875	 -2.257080078125	 0.6467527	 0.26701197	 -0.4547944	 0.5509788	 -34.441746	 19.575838	 26.608738	Scatto 30m	4	Braccio
107	 3280359592	 0.992555347719854	 -0.08707391191283635	 -0.027585940670970477	 -0.08056693772393841	 0.5649082528577755	 0.2613926658891971	 0.2918802136331286	 -1.1357421875	 -0.456298828125	 -2.294189453125	 0.6993067	 0.26549414	 -0.4936553	 0.4436076	 -20.520409	 4.8536153	 25.638653	Scatto 30m	4	Braccio
108	 3280376259	 0.9962607927816807	 -0.04059209213351009	 -0.015399531327041307	 -0.0746965143574273	 0.21687927446330754	 -0.2592315868969427	 0.35111284516213087	 -1.143310546875	 -0.392578125	 -2.301025390625	 0.73488814	 0.28420484	 -0.4983555	 0.36167535	 5.849214	 -19.72976	 10.961834	Scatto 30m	4	Braccio
109	 3280392926	 0.998527943406547	 0.011857124118801993	 -0.008750892995571385	 -0.052199393825053404	 0.14297004772488783	 -0.6036364259669076	 0.14805507486332237	 -1.140869140625	 -0.419677734375	 -2.297607421875	 0.74625105	 0.32489634	 -0.48262018	 0.32346523	 26.965471	 -25.688004	 -1.0286942	Scatto 30m	4	Braccio
110	 3280409593	 0.9978341694956636	 0.04473695383424883	 -0.015789094292705533	 -0.04556621171380992	 0.0639064607847527	 -0.39963429430235314	 0.006286816291119747	 -1.1376953125	 -0.525634765625	 -2.27734375	 0.7379417	 0.3866374	 -0.4623143	 0.30367622	 20.160177	 -13.530531	 -10.328513	Scatto 30m	4	Braccio
111	 3280426260	 0.997976206594321	 0.05445292926371323	 -0.022750792386765587	 -0.023680604130479514	 -0.11359215684157495	 -0.3851362062451147	 -0.11251133883924623	 -1.157958984375	 -0.643310546875	 -2.219970703125	 0.7124935	 0.44521713	 -0.45116758	 0.3009698	 18.979855	 -6.803976	 -24.626854	Scatto 30m	4	Braccio
112	 3280442927	 0.9983313717901103	 0.04570300005730141	 -0.034732966298491104	 0.006271278780830003	 -0.2523298818061416	 -0.5745104559316188	 -0.1058027730235284	 -1.21630859375	 -0.7353515625	 -2.15380859375	 0.67359024	 0.48566666	 -0.46330836	 0.30943406	 24.788332	 -9.232911	 -37.343437	Scatto 30m	4	Braccio
113	 3280459594	 0.9991883450841481	 0.016326889956288865	 -0.033491214298626684	 0.01531085488012285	 -0.034740349912992546	 -0.37631886063571907	 -0.08164799459113953	 -1.2890625	 -0.76708984375	 -2.098876953125	 0.6447933	 0.50021553	 -0.48738316	 0.31061864	 20.388584	 -2.9255292	 -20.485664	Scatto 30m	4	Braccio
114	 3280476261	 0.9992517241055499	 -0.006916324993887946	 -0.019921929380473342	 0.03242334113604589	 0.11916925114670163	 -0.12640970538633123	 -0.02107242250684771	 -1.355224609375	 -0.743896484375	 -2.0673828125	 0.6276424	 0.48633292	 -0.5181267	 0.31794706	 9.501055	 -1.7387697	 -5.6964164	Scatto 30m	4	Braccio
115	 3280492928	 0.9984332224456625	 -0.024658068402067967	 -0.018192359545441853	 0.04682006016248281	 0.1583885539017595	 -0.20422028429952097	 0.06822415162399338	 -1.422607421875	 -0.657958984375	 -2.07958984375	 0.6138819	 0.45225567	 -0.55934954	 0.3251798	 12.135963	 -8.81187	 -4.1321034	Scatto 30m	4	Braccio
116	 3280509595	 0.9976957973571582	 -0.023000078812576402	 -0.021827683413846406	 0.059980368015413954	 0.24437053126023722	 -0.3784026087465804	 0.12528609117992262	 -1.494873046875	 -0.554443359375	 -2.06005859375	 0.590599	 0.41126043	 -0.6060619	 0.3387431	 19.966578	 -17.060856	 0.046326637	Scatto 30m	4	Braccio
117	 3280526262	 0.9967907330498976	 4.950645233264828E-4	 -0.02414467234322179	 0.07632184624603951	 0.48002811793824995	 -0.4302685967227416	 0.2173090137060279	 -1.5693359375	 -0.443603515625	 -2.033447265625	 0.5472587	 0.37260562	 -0.6495122	 0.37390795	 18.46094	 -25.596382	 16.070774	Scatto 30m	4	Braccio
118	 3280542929	 0.9960460484172854	 0.021663308063268966	 -0.021037977504114767	 0.08354863265549564	 0.7021042370379917	 -0.35362299108149514	 0.2492269746124121	 -1.62939453125	 -0.341552734375	 -1.993896484375	 0.4912318	 0.33692545	 -0.680962	 0.42598507	 7.168951	 -25.73033	 31.839226	Scatto 30m	4	Braccio
119	 3280559596	 0.9965629463941877	 0.03624576964539308	 -0.00882807188342623	 0.07396352617181921	 0.6419216128868859	 -0.29726801892784316	 0.2790150750281145	 -1.658203125	 -0.26025390625	 -1.965087890625	 0.43899918	 0.30744115	 -0.6912162	 0.48474735	 -2.009791	 -23.928532	 28.98323	Scatto 30m	4	Braccio
120	 3280576263	 0.9955227819397328	 0.06592871774203124	 0.008772370031890466	 0.06716278984594415	 0.7143459888844281	 -0.21151438169866366	 0.2564086767084743	 -1.657958984375	 -0.222900390625	 -1.974365234375	 0.38966033	 0.2850909	 -0.6709256	 0.5628027	 -12.250585	 -18.552492	 31.906017	Scatto 30m	4	Braccio
121	 3280592930	 0.9939497381216024	 0.08901559668077808	 0.025901215340780923	 0.05890049812551371	 0.9618635216058388	 0.09414811677923501	 0.03474003911484104	 -1.62451171875	 -0.239013671875	 -2.013671875	 0.34585914	 0.26514503	 -0.6206569	 0.65181655	 -35.939583	 2.51002	 35.67134	Scatto 30m	4	Braccio
122	 3280609597	 0.9973470357680476	 0.04849615834701982	 0.0415894597025257	 0.03489025239119841	 1.179014822049432	 0.5550974329067131	 -0.40212167300264173	 -1.576171875	 -0.26904296875	 -2.058837890625	 0.33551326	 0.23450972	 -0.5792591	 0.7049079	 -67.91476	 32.807827	 21.914087	Scatto 30m	4	Braccio
123	 3280626264	 0.998812175472686	 -1.5435688238544295E-4	 0.04566751592142946	 0.016990947326130292	 0.6817483811938922	 0.4662046958290678	 -0.22159797672630768	 -1.501708984375	 -0.2490234375	 -2.125	 0.35113627	 0.19574535	 -0.5648349	 0.7206586	 -47.262177	 18.179245	 -1.5551405	Scatto 30m	4	Braccio
124	 3280642931	 0.9990999426832518	 0.002167382252450929	 0.04235517257805616	 -8.039529699181217E-4	 0.12402430670032968	 0.10755196879645008	 -0.1362870960546788	 -1.428955078125	 -0.241943359375	 -2.179931640625	 0.37696964	 0.17071968	 -0.54542303	 0.7288776	 -8.823306	 9.136592	 -11.407892	Scatto 30m	4	Braccio
125	 3280659598	 0.9987506428429039	 0.00822276983939113	 0.048769471937473996	 -0.007146893310688618	 -0.25509518968339123	 0.2954628976931477	 -0.23372257979779643	 -1.343505859375	 -0.265380859375	 -2.2314453125	 0.4088957	 0.14618163	 -0.51723206	 0.73750013	 -0.8823907	 5.2463856	 -36.587128	Scatto 30m	4	Braccio
126	 3280676265	 0.9988220525777864	 -0.008234068571216675	 0.04737387858419057	 0.006513296166494067	 -0.1945362901458435	 0.39749582659648053	 -0.2884117639835641	 -1.248046875	 -0.2587890625	 -2.27734375	 0.43121895	 0.1081619	 -0.50277036	 0.7413321	 -7.30324	 6.881429	 -39.874855	Scatto 30m	4	Braccio
127	 3280692932	 0.9991763962924196	 -0.030538119028319332	 0.023849574080634872	 0.012047829450911776	 0.03329228555275393	 0.1821165101653379	 -0.18173513520356221	 -1.18115234375	 -0.198486328125	 -2.301513671875	 0.43921417	 0.07482431	 -0.51483876	 0.732416	 -6.4654984	 8.868462	 -20.850346	Scatto 30m	4	Braccio
128	 3280709599	 0.9997845743932432	 -0.016832334243667098	 0.009916539039577345	 -0.007009963103154791	 0.08126742132680112	 -0.13362134758691896	 0.0019280801006521936	 -1.155029296875	 -0.150146484375	 -2.30810546875	 0.45262635	 0.067285426	 -0.52129465	 0.72031546	 2.8337684	 3.3318396	 -1.5103674	Scatto 30m	4	Braccio
129	 3280726266	 0.9993880489494322	 0.009450279771225999	 0.00208145043765795	 -0.03361379766358597	 -0.015394154665104078	 0.14524166048147824	 -0.011145044131164666	 -1.149169921875	 -0.16650390625	 -2.310791015625	 0.47878402	 0.09071965	 -0.5102525	 0.70864534	 -5.5322633	 -0.39449912	 -16.62991	Scatto 30m	4	Braccio
130	 3280742933	 0.9976744603532799	 0.030001271114896366	 -0.005397443860011898	 -0.06096279595015516	 0.06287821700079979	 0.6912168755906746	 -0.1569040415431249	 -1.15966796875	 -0.26123046875	 -2.309814453125	 0.5169623	 0.14284427	 -0.4839773	 0.69145614	 -30.677038	 8.994217	 -38.111572	Scatto 30m	4	Braccio
131	 3280759600	 0.9974751855680398	 -0.019866923752711138	 -0.006499611029999742	 -0.06786983551672383	 0.4931349682440735	 0.5483636588294081	 -0.3122337117651751	 -1.16943359375	 -0.289306640625	 -2.30517578125	 0.56407934	 0.17303982	 -0.48884732	 0.64257294	 -35.001125	 32.46027	 -15.30042	Scatto 30m	4	Braccio
132	 3280776267	 0.9969815995854129	 -0.021637884368215274	 -0.0023327792805203367	 -0.07452550026002802	 0.5441650038071348	 0.2605116681194598	 -0.0517008047071956	 -1.15869140625	 -0.300048828125	 -2.30810546875	 0.61491317	 0.20235592	 -0.48849568	 0.5850691	 -22.7532	 22.441442	 7.4670315	Scatto 30m	4	Braccio
133	 3280792934	 0.9972928937173273	 -0.028436906298197978	 -0.007861229265660241	 -0.06735300717518085	 0.43471804333276315	 0.30724110581235775	 0.11571607836543585	 -1.16357421875	 -0.28662109375	 -2.3056640625	 0.6565417	 0.22604324	 -0.4938266	 0.5234431	 -23.522825	 12.163704	 9.3460655	Scatto 30m	4	Braccio
134	 3280809601	 0.9971535349576417	 -0.04400925318090321	 -0.009519793541147183	 -0.06047633327899618	 0.4374046516956749	 0.25369947366563245	 0.2000552871056909	 -1.176025390625	 -0.2548828125	 -2.309814453125	 0.6934562	 0.235478	 -0.5065367	 0.45507047	 -19.568958	 7.6509433	 15.147896	Scatto 30m	4	Braccio
135	 3280826268	 0.9971825097473248	 -0.050410906868738226	 -0.006822599352100168	 -0.05512925594254504	 0.3897713384113422	 -0.10859391907541482	 0.2525289801940578	 -1.190673828125	 -0.1904296875	 -2.30517578125	 0.7267403	 0.23475778	 -0.5180392	 0.38519183	 0.1456473	 -5.9553847	 18.176897	Scatto 30m	4	Braccio
136	 3280842935	 0.9983647455737515	 -0.01985920478121478	 -0.0036314417954893545	 -0.05348139313258474	 0.16387477528626726	 -0.3678098269818481	 0.2663964332182539	 -1.20361328125	 -0.17236328125	 -2.29052734375	 0.7502304	 0.25229946	 -0.5132389	 0.33179104	 10.292474	 -21.85588	 6.172965	Scatto 30m	4	Braccio
137	 3280859602	 0.9991823776805452	 0.009550982462186774	 -0.0039349864888417185	 -0.039087987259410546	 0.07370182242249698	 -0.32888213279842277	 0.07179149294169633	 -1.211669921875	 -0.204833984375	 -2.29052734375	 0.7590587	 0.2830909	 -0.50115573	 0.30419183	 13.482423	 -14.9172945	 -4.9946923	Scatto 30m	4	Braccio
138	 3280876269	 0.9993597910908067	 0.026987585529021307	 -0.006855136385707284	 -0.022465201610181507	 -0.02220427057440784	 -0.26001318109873034	 -0.03535558054068964	 -1.225830078125	 -0.273193359375	 -2.283203125	 0.75493824	 0.31864983	 -0.4901594	 0.29711002	 12.458572	 -8.882887	 -13.751892	Scatto 30m	4	Braccio
139	 3280892936	 0.9994271088225222	 0.031213862481348553	 -0.011592586456667083	 -0.006063075036205513	 -0.1065267964369803	 -0.3778397974077287	 -0.1449684948173327	 -1.2421875	 -0.341796875	 -2.269287109375	 0.7410898	 0.35002717	 -0.48638156	 0.30282003	 19.836039	 -8.207377	 -22.834835	Scatto 30m	4	Braccio
140	 3280909603	 0.9997367947750234	 0.016195123811441003	 -0.016072836428772334	 0.0023922932154938348	 -0.09017746742746097	 -0.4111118098846608	 -0.14153679290111604	 -1.27392578125	 -0.386474609375	 -2.251708984375	 0.7268772	 0.3669041	 -0.4934156	 0.30589557	 21.93429	 -7.7721963	 -22.785011	Scatto 30m	4	Braccio
141	 3280926270	 0.9996414686020996	 -0.004076052655531848	 -0.020694233470096468	 0.016494506566499315	 0.07741682527651902	 -0.2708262342015955	 -0.0185156508879657	 -1.312744140625	 -0.37646484375	 -2.2314453125	 0.7128337	 0.36301628	 -0.5152579	 0.3075657	 15.175249	 -7.512156	 -9.450585	Scatto 30m	4	Braccio
142	 3280942937	 0.999055037977494	 -0.024011129668055076	 -0.017455161308373605	 0.03174608775188825	 0.20845982987703565	 -0.19666967418335057	 0.024178673598866923	 -1.3564453125	 -0.317138671875	 -2.2158203125	 0.70195997	 0.3354777	 -0.5459952	 0.31079966	 12.33714	 -6.8415294	 0.12528992	Scatto 30m	4	Braccio
143	 3280959604	 0.9988245503415519	 -0.028618321069491914	 -0.022324721088131497	 0.0321265647478386	 0.04690792498967286	 -0.20938904318043217	 0.04426961992592326	 -1.392578125	 -0.230712890625	 -2.195068359375	 0.6882804	 0.30525962	 -0.58071285	 0.30961165	 9.198018	 -9.255575	 -8.218179	Scatto 30m	4	Braccio
144	 3280976271	 0.9988445586251402	 -0.018007887890937158	 -0.02832256805646827	 0.03439615992146394	 -0.04854009144788653	 -0.32256506610898716	 0.08859384143246285	 -1.439697265625	 -0.152587890625	 -2.1630859375	 0.6655165	 0.28218222	 -0.61563295	 0.31377912	 11.494886	 -16.386625	 -13.074755	Scatto 30m	4	Braccio
145	 3280992938	 0.9984727446038442	 0.0024893329262667963	 -0.030240484136044243	 0.046168112632708015	 0.1348975892714873	 -0.40042770489522833	 0.13939517137235172	 -1.4833984375	 -0.09375	 -2.11962890625	 0.63023967	 0.26529235	 -0.64698875	 0.33737788	 13.378662	 -21.236988	 -0.7201662	Scatto 30m	4	Braccio
146	 3281009605	 0.9971779261608424	 0.03433430979844515	 -0.026929683234480615	 0.06109116883082516	 0.5405945118820429	 -0.3598686793704001	 0.16256103649589956	 -1.509765625	 -0.05859375	 -2.090087890625	 0.58078134	 0.25648338	 -0.66644394	 0.3908477	 8.22962	 -18.378122	 24.942577	Scatto 30m	4	Braccio
147	 3281026272	 0.9971371713702771	 0.046805006798429416	 -0.022563835594088397	 0.05493292394879792	 0.6138995394754473	 -0.2069567192919471	 0.22437666014550178	 -1.5302734375	 -0.05078125	 -2.074462890625	 0.53009474	 0.25590992	 -0.67275685	 0.44822758	 -5.042699	 -13.753329	 28.625305	Scatto 30m	4	Braccio
148	 3281042939	 0.9973658508802759	 0.0543853024401377	 -0.013938072052025853	 0.045927426705952706	 0.6496725974659349	 -0.1858124551416665	 0.20231549136448274	 -1.5380859375	 -0.059326171875	 -2.06689453125	 0.4845328	 0.2603912	 -0.6645947	 0.50570583	 -8.749526	 -10.58462	 30.218155	Scatto 30m	4	Braccio
149	 3281059606	 0.9967427565297784	 0.07055936236845267	 -0.005254106227482652	 0.03869945807536026	 0.837223682822146	 -0.004561539674493333	 0.06593263452975756	 -1.53857421875	 -0.105712890625	 -2.076171875	 0.44148377	 0.27188247	 -0.637775	 0.5695746	 -21.166004	 3.6072075	 35.772377	Scatto 30m	4	Braccio
150	 3281076273	 0.9973727259399835	 0.0653643296079799	 0.003048553489397615	 0.03107822851399628	 0.8685090997152691	 0.3124052721336155	 -0.09636360668757651	 -1.533447265625	 -0.169189453125	 -2.095947265625	 0.40714568	 0.28008944	 -0.6041659	 0.62511283	 -38.58856	 17.570196	 26.276985	Scatto 30m	4	Braccio
151	 3281092940	 0.9988993030537757	 0.04207493520654204	 0.008291113118573059	 0.019003674100062182	 0.6400439833225676	 0.36294260159768893	 -0.08071258492548164	 -1.52197265625	 -0.212890625	 -2.109375	 0.3889236	 0.28252956	 -0.57735527	 0.6599822	 -37.396503	 12.629488	 10.541025	Scatto 30m	4	Braccio
152	 3281109607	 0.9990882902431599	 0.04035258748599479	 0.01334243401248314	 0.004029446215915412	 0.31642516712821955	 0.13092331018102196	 0.08870529534468283	 -1.49853515625	 -0.2607421875	 -2.12158203125	 0.38345605	 0.28968742	 -0.5443136	 0.6875794	 -17.168594	 -1.9278846	 2.5168943	Scatto 30m	4	Braccio
153	 3281126274	 0.9986747024604482	 0.044418942085400044	 0.02478207276576117	 -0.007851440567287715	 0.09267724246002502	 0.16665841557988234	 -0.029972068812108163	 -1.46875	 -0.341796875	 -2.142333984375	 0.39023805	 0.29654205	 -0.4992796	 0.71449083	 -11.390415	 1.7712363	 -10.930955	Scatto 30m	4	Braccio
154	 3281142941	 0.9986104218016945	 0.01948141575554458	 0.04794584417668877	 -0.009944643552501218	 -0.10315101599683946	 0.4524337281376257	 -0.14507617265436448	 -1.3955078125	 -0.40576171875	 -2.1875	 0.41624376	 0.27738282	 -0.46104467	 0.732965	 -20.336243	 1.2113602	 -30.690878	Scatto 30m	4	Braccio
155	 3281159608	 0.9986823925146494	 -0.019337299479434453	 0.047191471218782595	 -0.005701997392604714	 -0.12954520920367799	 0.425260350248362	 -0.1775790435546109	 -1.30078125	 -0.394287109375	 -2.244873046875	 0.44839957	 0.24009801	 -0.4513758	 0.7331786	 -18.548252	 1.0332233	 -31.71777	Scatto 30m	4	Braccio
156	 3281176275	 0.998547641037419	 -0.043967534798805344	 0.0305100027833119	 -0.006213227219718672	 0.05353882385853784	 0.13232699981370466	 -0.15773649722927116	 -1.224365234375	 -0.31982421875	 -2.285400390625	 0.4781534	 0.20366783	 -0.46578145	 0.7161958	 -8.030529	 8.189963	 -15.413321	Scatto 30m	4	Braccio
157	 3281192942	 0.9987948414814476	 -0.039683998752494946	 0.020958653873663805	 -0.019869063915184927	 0.1446998861053821	 -0.06282575540444327	 -0.19311074349801705	 -1.178466796875	 -0.247802734375	 -2.30517578125	 0.51119864	 0.18182653	 -0.47785464	 0.6908473	 1.0796353	 14.69813	 -7.238385	Scatto 30m	4	Braccio
158	 3281209609	 0.9990816855190172	 -0.026340219497979947	 0.014622251980974667	 -0.030465853742879544	 -0.024979317968049017	 0.033324142485012524	 -0.23893727825122274	 -1.140625	 -0.20556640625	 -2.31494140625	 0.5450552	 0.175608	 -0.48136783	 0.66359764	 2.2197993	 11.29762	 -18.711468	Scatto 30m	4	Braccio
159	 3281226276	 0.9990438585821305	 -0.005444882058508058	 0.014136366358166287	 -0.0410107916881001	 -0.01916649262457138	 0.24231661643819138	 -0.2025932055670162	 -1.115234375	 -0.205078125	 -2.325439453125	 0.5808836	 0.18562222	 -0.46872237	 0.63907593	 -9.076065	 10.306442	 -22.922966	Scatto 30m	4	Braccio
160	 3281242943	 0.9985728645358828	 0.003137508491231636	 0.011383118345262401	 -0.05208468939915949	 0.12782229927372607	 0.40401555225135816	 -0.1552957126619568	 -1.0888671875	 -0.234130859375	 -2.332275390625	 0.6193996	 0.20713897	 -0.44894055	 0.6098279	 -21.340229	 14.734688	 -17.603584	Scatto 30m	4	Braccio
161	 3281259610	 0.9983847195780279	 -0.013638781817653753	 0.005551142368641515	 -0.05487367458113524	 0.45594771786518684	 0.39357624935497426	 -0.12222847996493244	 -1.0703125	 -0.248779296875	 -2.33349609375	 0.6585307	 0.22265702	 -0.44079903	 0.5678534	 -23.972748	 25.48367	 1.8351688	Scatto 30m	4	Braccio
162	 3281276277	 0.9968093999000053	 -0.05293408503204991	 -2.4258690300182908E-4	 -0.05974063997318346	 0.25977940692066903	 0.4713088365294492	 0.01196162495393327	 -1.067626953125	 -0.189208984375	 -2.33642578125	 0.7034689	 0.2169012	 -0.4553591	 0.5007331	 -27.411947	 15.263764	 -2.1552358	Scatto 30m	4	Braccio
163	 3281292944	 0.9962395398088472	 -0.0692898648210804	 -0.004734025565583722	 -0.05180041463615124	 0.3107929859120936	 0.31233326943908657	 0.11976081961627119	 -1.082763671875	 -0.0830078125	 -2.320068359375	 0.7411389	 0.19677882	 -0.4791996	 0.4270355	 -18.291857	 11.522119	 7.015564	Scatto 30m	4	Braccio
164	 3281309611	 0.9967274285253884	 -0.06735935271055968	 -0.004966023041932833	 -0.04441271712840983	 0.4645892419759135	 -0.11070075913952164	 0.25311700498449385	 -1.107421875	 0.03857421875	 -2.28759765625	 0.77000874	 0.17301922	 -0.49997264	 0.35662103	 2.2877347	 -2.0759993	 22.470753	Scatto 30m	4	Braccio
165	 3281326278	 0.998356097063811	 -0.023763634496705766	 -0.003866820200913057	 -0.05201385231412029	 0.2608211184343582	 -0.2902137656822864	 0.2601124446717493	 -1.142578125	 0.076904296875	 -2.2626953125	 0.7905512	 0.18481372	 -0.50038946	 0.30080435	 6.411861	 -15.845924	 12.536007	Scatto 30m	4	Braccio
166	 3281342945	 0.9990488895024436	 0.0025918207281551142	 -0.006500033599866729	 -0.04303891741723845	 0.18166448640110433	 -0.2122162560723854	 0.06898034856123963	 -1.181884765625	 0.049560546875	 -2.25927734375	 0.7997713	 0.21264121	 -0.49518517	 0.26446444	 9.102336	 -8.866747	 1.8728819	Scatto 30m	4	Braccio
167	 3281359612	 0.9993046999179739	 0.014745467399332302	 -0.014426595220358886	 -0.031057386615286457	 0.055059151567512	 -0.21624985847206288	 -0.039949607326225545	 -1.221435546875	 0.00244140625	 -2.255126953125	 0.7976527	 0.24557236	 -0.49494445	 0.24181503	 11.074668	 -7.8417726	 -8.879444	Scatto 30m	4	Braccio
168	 3281376279	 0.9993651325208186	 0.015691227987075507	 -0.024002717068525973	 -0.02114206326810472	 -0.017232584644922666	 -0.22511960947184068	 -0.12746783671532164	 -1.274169921875	 -0.0478515625	 -2.24365234375	 0.78682935	 0.2760012	 -0.5040654	 0.22503625	 13.208492	 -5.613543	 -15.814068	Scatto 30m	4	Braccio
169	 3281392946	 0.9994435457407383	 0.016470216743795563	 -0.026011637459308595	 -0.012834545347559735	 -0.05198541717366517	 -0.2727488850532452	 -0.19097970828349387	 -1.329345703125	 -0.089599609375	 -2.223388671875	 0.7717363	 0.3027268	 -0.51650274	 0.21448724	 16.788181	 -4.868231	 -19.97585	Scatto 30m	4	Braccio
170	 3281409613	 0.9994655992960423	 0.009727630179554303	 -0.031060278873233153	 -0.0030245844689411605	 0.02517218439506723	 -0.32283782183469917	 -0.12317672100422844	 -1.3818359375	 -0.1240234375	 -2.1943359375	 0.752907	 0.3197284	 -0.53694284	 0.20639099	 17.967884	 -8.915539	 -15.266188	Scatto 30m	4	Braccio
171	 3281426280	 0.9992181810944631	 -0.009352007973013832	 -0.037171398825401165	 0.0096878081374589	 0.25390659241515506	 -0.20263636092229803	 -0.034369154814794946	 -1.448486328125	 -0.108642578125	 -2.1474609375	 0.7331116	 0.31618673	 -0.5694772	 0.19562541	 14.496004	 -7.6764193	 0.91616917	Scatto 30m	4	Braccio
172	 3281442947	 0.9990065911082673	 -0.02117666437346738	 -0.03635688355642389	 0.014681853640373471	 0.24159263024710387	 -0.16851273861636223	 0.10546175874247483	 -1.5	 -0.062255859375	 -2.09716796875	 0.7151192	 0.30031875	 -0.6044275	 0.18188101	 6.0153584	 -12.711069	 2.62105	Scatto 30m	4	Braccio
173	 3281459614	 0.9989858582870537	 -0.018964510335662488	 -0.0385079792603448	 0.013591829291605186	 0.07205863339306706	 -0.21265430230494886	 0.18042388933733727	 -1.553955078125	 -0.011962890625	 -2.0322265625	 0.69392675	 0.28642672	 -0.63892645	 0.16792405	 0.660302	 -17.08489	 -7.2962775	Scatto 30m	4	Braccio
174	 3281476281	 0.9990550288000772	 0.004421060931353471	 -0.0401338501316258	 0.016086569650812094	 0.02968740552062897	 -0.33103155646472004	 0.2072437462403727	 -1.605224609375	 0.014404296875	 -1.968994140625	 0.6632926	 0.2868877	 -0.6699063	 0.17018838	 2.3189564	 -23.331253	 -11.412545	Scatto 30m	4	Braccio
175	 3281492948	 0.9978316525711598	 0.04734897043570446	 -0.03834103604350606	 0.024900463467526338	 0.20137691478009845	 -0.4238776765507667	 0.13849589360705247	 -1.64794921875	 0.00634765625	 -1.922119140625	 0.6180585	 0.308722	 -0.6925669	 0.20747502	 9.515592	 -26.71358	 -2.2178464	Scatto 30m	4	Braccio
176	 3281509615	 0.9957536643542156	 0.08259535631968112	 -0.03127621997284336	 0.025970080935324893	 0.4870034083880743	 -0.34099109354405877	 0.05848323221646869	 -1.6826171875	 -0.04296875	 -1.896484375	 0.5626517	 0.34814897	 -0.69907963	 0.27111438	 10.129412	 -22.041328	 16.573887	Scatto 30m	4	Braccio
177	 3281526282	 0.9946838549955139	 0.10004802291354792	 -0.015689021699796912	 0.018662162802225147	 0.5051398422006583	 -0.058912334717480114	 0.04669351420155376	 -1.702392578125	 -0.123046875	 -1.890869140625	 0.5086511	 0.39496976	 -0.6823764	 0.34588405	 -2.6608663	 -9.719921	 19.12408	Scatto 30m	4	Braccio
178	 3281542949	 0.9953572971988157	 0.09354736805456623	 -0.00853540321570208	 0.0209735007825885	 0.4867775172589017	 0.21935796666786034	 -0.07455648766853154	 -1.71044921875	 -0.20556640625	 -1.88720703125	 0.4563255	 0.4306126	 -0.6579014	 0.41654012	 -14.858827	 4.4210963	 18.5748	Scatto 30m	4	Braccio
179	 3281559616	 0.9972513729369157	 0.07138055154755715	 -0.004622044757625774	 0.019317161759988755	 0.6702879148192717	 0.29788318209130804	 -0.20544675803482404	 -1.716796875	 -0.26123046875	 -1.876953125	 0.4135458	 0.4526985	 -0.6349945	 0.46992114	 -22.524065	 9.22127	 28.870926	Scatto 30m	4	Braccio
180	 3281576283	 0.9986449752906135	 0.05015228931697435	 -0.0011979414111798414	 0.013839296927660685	 0.5210223192593978	 0.33344612202228846	 -0.19566433640273895	 -1.7236328125	 -0.296142578125	 -1.87109375	 0.3835593	 0.46634766	 -0.61544675	 0.5065841	 -25.862349	 8.571808	 17.989449	Scatto 30m	4	Braccio
181	 3281592950	 0.999028088411713	 0.04390029643874334	 -6.373077525372445E-4	 0.00390338005550836	 0.36259737365214906	 0.25560768073166024	 -0.0852719476175216	 -1.724365234375	 -0.333251953125	 -1.86181640625	 0.36110497	 0.4826639	 -0.5927308	 0.5341434	 -20.634237	 1.7808698	 7.671915	Scatto 30m	4	Braccio
182	 3281609617	 0.9986509391153195	 0.05169674258868033	 4.3437815611820785E-4	 -0.004853856758034583	 0.2219629632862027	 0.056464821667806864	 -0.054150888672979174	 -1.729248046875	 -0.395751953125	 -1.8466796875	 0.33940494	 0.5055162	 -0.5597459	 0.5620874	 -7.145015	 0.5915002	 2.3522234	Scatto 30m	4	Braccio
183	 3281626284	 0.9990070539391059	 0.04113862284978805	 0.012045784603159845	 -0.012141621111914025	 0.06042809760424141	 0.27467216158252816	 -0.04052947455637445	 -1.716552734375	 -0.4638671875	 -1.844970703125	 0.33273724	 0.52115387	 -0.5237603	 0.58596927	 -17.011372	 -0.68585265	 -10.718675	Scatto 30m	4	Braccio
184	 3281642951	 0.9995135518439033	 0.006854771398044364	 0.028881528251388112	 -0.009567084996461944	 -0.15752859056353907	 0.33096089313236116	 0.017977484380255655	 -1.681884765625	 -0.50537109375	 -1.876953125	 0.3507308	 0.5135156	 -0.502712	 0.600475	 -16.104849	 -4.1705337	 -24.236244	Scatto 30m	4	Braccio
185	 3281659618	 0.9990576464392551	 -0.018886099148123822	 0.039077827365201434	 -2.4033027101032225E-4	 -0.17563303623468585	 0.23867873261656647	 -0.042606653767727806	 -1.636474609375	 -0.487060546875	 -1.9482421875	 0.38097093	 0.4854143	 -0.49746704	 0.60972184	 -11.751051	 -0.13015634	 -23.39807	Scatto 30m	4	Braccio
186	 3281676285	 0.9985069221955706	 -0.03542469918410451	 0.04140317569989673	 0.0038463043571648065	 0.06364351509965147	 0.13380130336097704	 -0.12698576990658333	 -1.577392578125	 -0.44091796875	 -2.0263671875	 0.41697195	 0.44644183	 -0.50219774	 0.6120635	 -10.143075	 5.6315403	 -8.240292	Scatto 30m	4	Braccio
187	 3281692952	 0.9983325395831113	 -0.04339170814813483	 0.03770781902415235	 0.005236454713290817	 0.27279772714642014	 0.007148378103412425	 -0.12711903587802076	 -1.520751953125	 -0.3671875	 -2.101806640625	 0.45252204	 0.40435064	 -0.5125164	 0.607496	 -5.5037837	 8.486594	 5.1515675	Scatto 30m	4	Braccio
188	 3281709619	 0.9987897997182161	 -0.03660135756780581	 0.03284244547159815	 -8.064604668400339E-4	 0.13224623366768773	 -0.044432882513875185	 -0.058719019465016065	 -1.457763671875	 -0.30126953125	 -2.154541015625	 0.4852108	 0.37021032	 -0.517205	 0.6000114	 0.4006316	 4.7351475	 -2.0734706	Scatto 30m	4	Braccio
189	 3281726286	 0.9990576472465453	 -0.029787831352447385	 0.0309619427914494	 -0.0061531032897583085	 0.005579640310530113	 0.02852535250310211	 -0.05419423073453963	 -1.401611328125	 -0.25244140625	 -2.191650390625	 0.5165344	 0.34237197	 -0.5157893	 0.5915531	 -1.5550331	 3.2611494	 -10.560323	Scatto 30m	4	Braccio
190	 3281742953	 0.9987417474744039	 -0.026445260636861895	 0.03949297722281809	 -0.015996086762091723	 -0.06560966471941744	 0.20054440391767608	 -0.06379495601826479	 -1.329345703125	 -0.212646484375	 -2.235595703125	 0.55576074	 0.31546178	 -0.5035551	 0.58141744	 -10.220066	 3.456921	 -17.462662	Scatto 30m	4	Braccio
191	 3281759620	 0.999210534775647	 -0.01245620864187659	 0.023914062251575333	 -0.029176492014345943	 -0.06084044576874923	 0.3481987225999151	 -0.1785690348703877	 -1.274169921875	 -0.2060546875	 -2.2646484375	 0.58924466	 0.3113879	 -0.48657736	 0.5648635	 -17.4389	 11.429676	 -21.20726	Scatto 30m	4	Braccio
192	 3281776287	 0.9991281149868615	 -0.02376618364538499	 0.014376479432237634	 -0.0311688177008569	 0.1212374975644194	 0.17630656314303786	 -0.23306179825575837	 -1.244140625	 -0.1953125	 -2.275634765625	 0.6217658	 0.30659866	 -0.48009837	 0.5375036	 -7.967581	 17.228773	 -9.634832	Scatto 30m	4	Braccio
193	 3281792954	 0.9989863285156977	 -0.021198004012413035	 0.010811698252679525	 -0.038210826286660594	 0.2046021764913318	 0.2980874680551877	 -0.08022202558517	 -1.218017578125	 -0.177978515625	 -2.285888671875	 0.6543253	 0.3081247	 -0.4714903	 0.50459355	 -16.388916	 13.089794	 -2.4794755	Scatto 30m	4	Braccio
194	 3281809621	 0.9992138968297846	 -0.03213976012104833	 7.046531706215166E-4	 -0.02319757887166532	 0.5491589182167708	 0.37107844314909905	 0.07792415050515089	 -1.21435546875	 -0.151123046875	 -2.28369140625	 0.6767292	 0.30001444	 -0.47867933	 0.47211757	 -20.988995	 14.729991	 20.93942	Scatto 30m	4	Braccio
195	 3281826288	 0.9975657060421368	 -0.06496243492166259	 -0.004638814932761804	 -0.024920384702516566	 0.5744616694171113	 0.2196890466618086	 0.1998004076501922	 -1.226806640625	 -0.06005859375	 -2.2646484375	 0.7051623	 0.27213252	 -0.502738	 0.41945744	 -13.151373	 6.708456	 26.067738	Scatto 30m	4	Braccio
196	 3281842955	 0.9965973364511406	 -0.06891290771336905	 -0.008832115400470021	 -0.04434809879277399	 0.2787857406850419	 0.18856429095012409	 0.21848505076401004	 -1.2578125	 0.04296875	 -2.226806640625	 0.7366552	 0.25123367	 -0.5229286	 0.34751508	 -13.638392	 0.3819966	 10.024	Scatto 30m	4	Braccio
197	 3281859622	 0.9989676299577908	 -0.03352782887188194	 -0.006672772942879657	 -0.029917103618249567	 0.0853114658201583	 -0.13106309398855737	 0.1332931422330467	 -1.29052734375	 0.09130859375	 -2.201904296875	 0.752105	 0.24677731	 -0.5302263	 0.30380833	 2.4334888	 -9.574	 -2.437768	Scatto 30m	4	Braccio
198	 3281876289	 0.9997420680804302	 0.00798531124532198	 -0.008269460065276736	 -0.019586938117244462	 0.16162108722665247	 -0.29573868114359386	 0.04061021970098812	 -1.31494140625	 0.0810546875	 -2.183837890625	 0.7521951	 0.26790863	 -0.5279332	 0.28933382	 13.656884	 -12.110645	 -0.7774601	Scatto 30m	4	Braccio
199	 3281892956	 0.9989521172647855	 0.03726779073048264	 -0.017507705147748912	 -0.01998147759127406	 0.16335300036621983	 -0.2812031357517397	 -0.023626207384506367	 -1.354736328125	 0.005126953125	 -2.185791015625	 0.73842555	 0.31326368	 -0.5234592	 0.28737482	 15.73786	 -9.126289	 -2.6160092	Scatto 30m	4	Braccio
200	 3281909623	 0.9992005567971268	 0.027153852458675243	 -0.0217568214112541	 -0.01968645003658942	 0.0810661627355366	 -0.07809527200976969	 -0.009766794031124616	 -1.4013671875	 -0.07568359375	 -2.173095703125	 0.7238912	 0.35135815	 -0.52431977	 0.27859995	 5.273283	 -2.0740945	 -6.0921164	Scatto 30m	4	Braccio
201	 3281926290	 0.9996127054739266	 0.00348298289401755	 -0.024021001053265656	 -0.013612471989174703	 -0.038770874389314265	 -0.06439820912694742	 -0.1434155475664534	 -1.44677734375	 -0.1142578125	 -2.148681640625	 0.7137959	 0.36921594	 -0.5349914	 0.26069042	 7.1361985	 4.5024295	 -14.6267605	Scatto 30m	4	Braccio
202	 3281942957	 0.9997627450021718	 -0.012098117899811578	 -0.01591188297685717	 -0.008654549620601415	 -0.01852119978758332	 -0.2932317595266143	 -0.14165335014713562	 -1.480224609375	 -0.111083984375	 -2.124267578125	 0.7119154	 0.3708845	 -0.54558516	 0.24074543	 18.025333	 -3.525698	 -16.571009	Scatto 30m	4	Braccio
203	 3281959624	 0.9994859293255305	 -0.029326424397924322	 -0.012476663961420971	 -0.0034886628824208625	 0.09667532173392383	 -0.3638483173741002	 0.06703345021602575	 -1.50537109375	 -0.08203125	 -2.095947265625	 0.7163645	 0.35621375	 -0.5595985	 0.21629462	 15.58843	 -16.83171	 -9.545989	Scatto 30m	4	Braccio
204	 3281976291	 0.9993823535790778	 -0.03125114224597819	 -0.015949639150042275	 0.001971414225397261	 0.16995017939637533	 -0.2506939563688928	 0.14669131574907585	 -1.529052734375	 -0.02978515625	 -2.067626953125	 0.71751356	 0.33727655	 -0.5778981	 0.19352758	 7.817042	 -17.33845	 -3.0340571	Scatto 30m	4	Braccio
205	 3281992958	 0.9996746628338212	 -0.016783559579202634	 -0.018608853989707075	 0.004753016844802616	 0.10324371090791704	 -0.18687749282366256	 0.1703016310062453	 -1.55126953125	 0.00830078125	 -2.031005859375	 0.71104354	 0.32721072	 -0.59567463	 0.18033867	 1.9456772	 -15.7416525	 -5.7002892	Scatto 30m	4	Braccio
206	 3282009625	 0.9997977083633843	 -0.005299453850954816	 -0.018759180515542543	 0.004954925488051071	 0.012989832403470444	 -0.11570995608535095	 0.20379511994533228	 -1.5771484375	 0.026611328125	 -1.996337890625	 0.7003643	 0.32500184	 -0.61115646	 0.17421703	 -4.240192	 -13.429067	 -9.850007	Scatto 30m	4	Braccio
207	 3282026292	 0.9998967762267267	 0.0060018829331864865	 -0.01276708225318829	 0.0027232156352256236	 5.183412702691875E-4	 -0.03549946341660135	 0.21031164450318982	 -1.59814453125	 0.029052734375	 -1.974853515625	 0.68993974	 0.33093685	 -0.6194102	 0.17548577	 -7.989376	 -9.995433	 -9.757507	Scatto 30m	4	Braccio
208	 3282042959	 0.9996104029903786	 0.02663904657045202	 -0.001281421946166206	 0.008231730621559463	 -0.0024070782677332453	 -0.09683762633369883	 0.24279286685022347	 -1.602783203125	 0.0107421875	 -1.98046875	 0.6785976	 0.345558	 -0.61745036	 0.19710411	 -6.976091	 -13.986531	 -11.117884	Scatto 30m	4	Braccio
209	 3282059626	 0.9982958566679344	 0.0548443387758501	 0.005438405448966677	 0.019180844873138873	 0.13235776637612273	 -0.15529070177920568	 0.19961516817403527	 -1.591552734375	 -0.0302734375	 -2.006591796875	 0.6581795	 0.37053788	 -0.6076181	 0.24556446	 -0.64197034	 -16.153845	 -4.1575933	Scatto 30m	4	Braccio
210	 3282076293	 0.9966060491126776	 0.07577432344572155	 0.01011352627014145	 0.030534429170128635	 0.3141596396742864	 -0.013413158380047294	 0.1334946535419709	 -1.569091796875	 -0.091796875	 -2.046630859375	 0.6267358	 0.39938018	 -0.5904319	 0.3147828	 -1.6480075	 -9.133985	 8.461258	Scatto 30m	4	Braccio
211	 3282092960	 0.9960060699323983	 0.07541970434577505	 0.014761597096792258	 0.04545186580731795	 0.744239694108713	 0.22199988087459493	 0.03378597145020809	 -1.540283203125	 -0.148681640625	 -2.0849609375	 0.5888429	 0.4148858	 -0.5718339	 0.39260638	 -7.8464794	 1.3266925	 36.144924	Scatto 30m	4	Braccio
212	 3282109627	 0.9972198670033741	 0.059314193863111264	 0.020185899545933365	 0.040334758207578744	 0.9148304221409038	 0.46372247889973517	 0.0038062287951168006	 -1.5068359375	 -0.1923828125	 -2.11865234375	 0.5587427	 0.41909868	 -0.55027235	 0.4575622	 -24.062365	 8.876152	 46.125893	Scatto 30m	4	Braccio
213	 3282126294	 0.9992150200442236	 0.034978185688396224	 0.010507035225363892	 0.015345111754012238	 0.5070273827021123	 0.28018236923657514	 0.05329887591535272	 -1.47900390625	 -0.2294921875	 -2.145263671875	 0.5430321	 0.42672983	 -0.532714	 0.48911524	 -17.798887	 2.309479	 20.123436	Scatto 30m	4	Braccio
214	 3282142961	 0.9986800715036602	 0.049589747585681965	 0.011914840066749479	 0.0060834449135695745	 0.3857291943796228	 0.23466038609573825	 0.1428213755883123	 -1.466064453125	 -0.290771484375	 -2.1474609375	 0.5252499	 0.4458301	 -0.5020802	 0.5227461	 -16.284317	 -4.4366903	 13.042919	Scatto 30m	4	Braccio
215	 3282159628	 0.9978714597507592	 0.06356617512873618	 0.014471314120379747	 0.0015723428447089044	 0.28265000516831434	 0.05726827338468929	 0.06285634568380595	 -1.443115234375	 -0.389892578125	 -2.15380859375	 0.50304115	 0.4717999	 -0.45886764	 0.5601741	 -4.480803	 -1.8130852	 7.2241173	Scatto 30m	4	Braccio
216	 3282176295	 0.9980763308247296	 0.05997626366713458	 0.015695486845340445	 -3.7058961527756956E-4	 0.15565863204241456	 0.09004090927779243	 -0.09961376064872285	 -1.418212890625	 -0.493896484375	 -2.14697265625	 0.48200846	 0.49427247	 -0.41425195	 0.5930919	 -6.232725	 6.7393456	 -1.5751867	Scatto 30m	4	Braccio
217	 3282192962	 0.9987507595680926	 0.04681344480369118	 0.017356870091562393	 -0.002039781457568724	 0.04393593150692797	 0.2218214555164316	 -0.12888407413825223	 -1.387939453125	 -0.578369140625	 -2.136474609375	 0.4675031	 0.5085826	 -0.3746204	 0.6184208	 -14.633251	 5.338701	 -8.691679	Scatto 30m	4	Braccio
218	 3282209629	 0.9996013125068508	 0.020616082880657985	 0.017635926070173034	 -0.007820950894008277	 -0.05782497383711341	 0.22224528294421564	 -0.13658772013041637	 -1.35302734375	 -0.635986328125	 -2.13427734375	 0.46914458	 0.51191854	 -0.34750766	 0.6301438	 -14.931993	 3.2249813	 -14.674549	Scatto 30m	4	Braccio
219	 3282226296	 0.9996157178926488	 -0.012601216229587514	 0.020471600528089415	 -0.013803603272981359	 -0.14382837162864262	 0.12749033805520188	 -0.23047263783997607	 -1.31494140625	 -0.6416015625	 -2.160888671875	 0.49214232	 0.499639	 -0.33663666	 0.62835723	 -11.38405	 8.211372	 -21.090229	Scatto 30m	4	Braccio
220	 3282242963	 0.9986661997204314	 -0.04361524504760696	 0.025162389652191867	 -0.011418672531426644	 -0.07757983339222019	 0.1456652139415116	 -0.3411377521337421	 -1.259033203125	 -0.592529296875	 -2.21240234375	 0.5298547	 0.46754858	 -0.34361896	 0.6185294	 -14.3771305	 14.86956	 -19.256596	Scatto 30m	4	Braccio
221	 3282259630	 0.9968498208633498	 -0.07620536253142692	 0.021430809566387824	 -0.00488853428855851	 0.029985994593567766	 0.20027244700193308	 -0.43633664077377016	 -1.2099609375	 -0.468017578125	 -2.273193359375	 0.57519174	 0.41629538	 -0.37436056	 0.5964117	 -17.378445	 22.25878	 -15.774237	Scatto 30m	4	Braccio
222	 3282276297	 0.997726720583745	 -0.06641196456109906	 0.010223242739689886	 -0.005131013956951092	 -0.016791993906799543	 -0.061313236184297924	 -0.2791879212275316	 -1.175048828125	 -0.323974609375	 -2.31103515625	 0.6094446	 0.37538663	 -0.4037169	 0.56980264	 2.532368	 15.344685	 -17.11042	Scatto 30m	4	Braccio
223	 3282292964	 0.9995431921189084	 -0.021623641012846112	 -0.01059881115658007	 -0.018261720624239117	 -0.08824178125235269	 -0.21916471070399868	 -0.19464343822478125	 -1.177978515625	 -0.264404296875	 -2.310791015625	 0.62431365	 0.37782037	 -0.41442958	 0.54381293	 13.716241	 7.7496214	 -19.255396	Scatto 30m	4	Braccio
224	 3282309631	 0.9993540351873619	 0.004489388386275023	 -0.026138146247516484	 -0.02425190832486765	 -0.022570610858466893	 -0.010662598289824719	 -0.19620711661361073	 -1.223876953125	 -0.283447265625	 -2.28369140625	 0.6252678	 0.406811	 -0.41812918	 0.51837534	 1.7932578	 10.292759	 -15.440092	Scatto 30m	4	Braccio
225	 3282326298	 0.9993028510565453	 0.005615837316119282	 -0.030140388688271624	 -0.021303314559452256	 0.048428811085083484	 0.17022470364911854	 -0.11693704743430162	 -1.275390625	 -0.3173828125	 -2.25634765625	 0.62154895	 0.4366597	 -0.42448178	 0.49276817	 -9.051662	 8.852302	 -8.510695	Scatto 30m	4	Braccio
226	 3282342965	 0.9992083971547143	 -0.0063982575681438	 -0.035119338289129894	 -0.017557717213008278	 0.035165252763643906	 0.1385035152471376	 -0.09303986081126857	 -1.337158203125	 -0.32763671875	 -2.2275390625	 0.6180856	 0.45919085	 -0.44079155	 0.46132088	 -7.2959847	 6.982021	 -8.175057	Scatto 30m	4	Braccio
227	 3282359632	 0.9986477354729022	 -0.01509474550214815	 -0.047456690787206886	 -0.014923524804721146	 0.02203876240621709	 0.16063763080415325	 -0.04234702980642005	 -1.40869140625	 -0.322265625	 -2.1787109375	 0.6105584	 0.4797706	 -0.46893376	 0.42087987	 -8.838714	 4.166386	 -7.440611	Scatto 30m	4	Braccio
228	 3282376299	 0.9977058420450853	 -0.02925500407957607	 -0.06095531212029321	 0.0034128301640989067	 0.299670625927121	 0.3749534761753375	 0.0341214513777902	 -1.511962890625	 -0.289794921875	 -2.1064453125	 0.5935447	 0.4869005	 -0.51824474	 0.37690213	 -18.287039	 3.2852738	 12.285631	Scatto 30m	4	Braccio
229	 3282392966	 0.997563395608862	 -0.04083421948723659	 -0.0486865010514676	 0.028800397142239826	 1.0253161216401387	 0.30122309893400323	 0.02410611909346924	 -1.5986328125	 -0.19873046875	 -2.0224609375	 0.57634205	 0.4670165	 -0.57439667	 0.34611288	 -6.439959	 -0.65021527	 53.99349	Scatto 30m	4	Braccio
230	 3282409633	 0.9989601870188259	 -0.0313045787297653	 -0.03259594488281028	 -0.006006036884751459	 0.827338660934069	 0.018532283878365766	 0.3548752295474451	 -1.64697265625	 -0.13232421875	 -1.962158203125	 0.57408935	 0.465305	 -0.59965634	 0.3071242	 -3.1743631	 -26.457567	 37.182377	Scatto 30m	4	Braccio
231	 3282426300	 0.9991558339443718	 -0.0024823035765433876	 -0.03021507082810621	 -0.02772196166820583	 0.08001698982704322	 0.016677612645357283	 0.39341345111363746	 -1.694580078125	 -0.1630859375	 -1.907470703125	 0.56552434	 0.4913182	 -0.6031416	 0.2738776	 -9.965156	 -21.916418	 -8.551123	Scatto 30m	4	Braccio
232	 3282442967	 0.9993883224858535	 0.01757032757015997	 -0.020944675207075585	 -0.02180791251952134	 0.16101107900031658	 0.0875772599030784	 0.27152311059610446	 -1.724853515625	 -0.2216796875	 -1.866943359375	 0.5503295	 0.5216909	 -0.59761524	 0.26044613	 -10.263319	 -15.244417	 -2.8397727	Scatto 30m	4	Braccio
233	 3282459634	 0.9994954196075126	 0.01788667058570964	 -0.015553520968117067	 -0.021143821425059554	 0.3224567669108708	 0.009725729695239979	 0.16822638416110225	 -1.746826171875	 -0.281005859375	 -1.83447265625	 0.5374496	 0.54974705	 -0.5885075	 0.2501701	 -1.4754921	 -15.258734	 5.728673	Scatto 30m	4	Braccio
234	 3282476301	 0.999574228602508	 0.008206172443809834	 -0.01310732304352716	 -0.02474304609696193	 0.2875684665101139	 -0.13572749124297415	 0.1391469348012695	 -1.76025390625	 -0.3388671875	 -1.808349609375	 0.53172195	 0.573437	 -0.57786804	 0.2334748	 7.657718	 -16.096567	 0.955801	Scatto 30m	4	Braccio
235	 3282492968	 0.9996832525715218	 7.418555809258487E-4	 -0.007083198164153919	 -0.02413860977950952	 0.18440256199802038	 -0.15076148004361317	 0.12067255621841849	 -1.762451171875	 -0.387451171875	 -1.79345703125	 0.5331637	 0.59078217	 -0.56564546	 0.2162366	 8.223222	 -13.0473	 -5.476947	Scatto 30m	4	Braccio
236	 3282509635	 0.9998375977866742	 -3.6531252395635705E-4	 -0.0014091688946202276	 -0.017962706977480286	 0.11644147781497431	 -0.17135177969076215	 0.14870926268798643	 -1.75732421875	 -0.419921875	 -1.79443359375	 0.5368172	 0.60236615	 -0.5540217	 0.20504203	 8.018849	 -12.995515	 -10.779116	Scatto 30m	4	Braccio
237	 3282526302	 0.9998928656338723	 0.0035980833566899295	 0.005289526107044522	 -0.01316555977557929	 0.08239094282388924	 -0.19380560088848445	 0.14826694738369123	 -1.75048828125	 -0.451904296875	 -1.789794921875	 0.54061866	 0.6117498	 -0.54073864	 0.20272087	 8.735069	 -12.191155	 -13.535568	Scatto 30m	4	Braccio
238	 3282542969	 0.9998595792895825	 0.007924794010516517	 0.0105538946781861	 -0.010326405467154326	 -0.005047723179198382	 -0.1885186455836676	 0.13723796207833228	 -1.73681640625	 -0.47802734375	 -1.806640625	 0.543858	 0.6206049	 -0.5253492	 0.20754854	 7.0983267	 -9.039021	 -17.796953	Scatto 30m	4	Braccio
239	 3282559636	 0.999735474488093	 0.01517790859213533	 0.01569611658450801	 -0.007228005603357513	 -0.05784594823801118	 -0.17455296479360086	 0.11999553822139106	 -1.7158203125	 -0.5029296875	 -1.825927734375	 0.54437464	 0.6303752	 -0.5073798	 0.22101918	 5.6840196	 -6.4657397	 -19.784607	Scatto 30m	4	Braccio
240	 3282576303	 0.999487907592599	 0.021940582055804764	 0.02301474101862532	 -0.0035854052862243635	 -0.08848678849743125	 -0.12659566497560557	 0.08470544452338367	 -1.69189453125	 -0.535888671875	 -1.859375	 0.5430497	 0.6398107	 -0.485841	 0.24433152	 3.2408438	 -3.341139	 -19.302237	Scatto 30m	4	Braccio
241	 3282592970	 0.9992669098504732	 0.024048674722535357	 0.02971963997074474	 0.0020117460041511608	 -0.10710196272022185	 -0.06783291814974865	 0.04590401444444	 -1.6591796875	 -0.558837890625	 -1.8935546875	 0.5415204	 0.6452146	 -0.46311882	 0.2756352	 0.39249712	 -0.5450953	 -17.873981	Scatto 30m	4	Braccio
242	 3282609637	 0.9991953601016617	 0.02255376351984939	 0.03214822896033543	 0.008151777543291328	 -0.048683344153158774	 -0.019327447974563254	 -0.018873761269008676	 -1.6259765625	 -0.577392578125	 -1.922607421875	 0.53949136	 0.6453181	 -0.44275278	 0.31061828	 -0.022705564	 1.9307901	 -12.538652	Scatto 30m	4	Braccio
243	 3282626304	 0.9994116674333177	 0.013215220885368473	 0.02610515216697597	 0.01789407626690254	 0.12197345941911408	 0.17583377702054787	 -0.27989078425675845	 -1.59326171875	 -0.570556640625	 -1.96142578125	 0.53697217	 0.6371038	 -0.4342681	 0.34230223	 -5.251673	 14.327243	 4.816107	Scatto 30m	4	Braccio
244	 3282642971	 0.9983905041062622	 0.019623387394848868	 0.03415121737289293	 0.04080463612807836	 0.749883833747063	 0.6354138798421585	 -0.46583261096101014	 -1.5791015625	 -0.54638671875	 -1.993408203125	 0.5247583	 0.61840814	 -0.43307877	 0.393247	 -16.790865	 17.367815	 50.812195	Scatto 30m	4	Braccio
245	 3282659638	 0.9983569376079949	 0.020961257826799445	 0.03137098388021864	 0.04312669904701472	 0.5341046451542957	 0.3758719800356746	 -0.32605656024000756	 -1.547607421875	 -0.50830078125	 -2.027587890625	 0.5078959	 0.59878516	 -0.43298385	 0.44274536	 -11.88065	 13.762284	 30.032543	Scatto 30m	4	Braccio
246	 3282676305	 0.9993105554955307	 0.03056480886639308	 -3.368345389779815E-4	 0.02107350651097814	 0.3290748829422607	 0.30158128306420884	 -0.12038189764862219	 -1.5517578125	 -0.510498046875	 -2.027099609375	 0.4801365	 0.606433	 -0.4306662	 0.46501037	 -13.555172	 3.8264203	 14.084312	Scatto 30m	4	Braccio
247	 3282692972	 0.9997704194482513	 0.017494413832342074	 -0.012278692072030112	 0.0015124820430675034	 0.24194949580643316	 0.5019753196036878	 -0.11225652081995784	 -1.57421875	 -0.53515625	 -2.002685546875	 0.4638434	 0.621321	 -0.4278817	 0.46446407	 -27.31795	 0.45052612	 10.600353	Scatto 30m	4	Braccio
248	 3282709639	 0.9998716567040644	 0.001056440439922212	 -0.014174438322603443	 -0.007391843593112901	 0.10127891800782796	 0.4024001131005726	 -0.07670727625810285	 -1.588623046875	 -0.548583984375	 -1.971435546875	 0.46100685	 0.6331817	 -0.42772847	 0.4512229	 -22.820744	 -1.0559423	 1.1005611	Scatto 30m	4	Braccio
249	 3282726306	 0.9998376397708802	 -0.004456014911339776	 -0.01551356997631144	 -0.008010441629247663	 0.08397804119362041	 0.14800926986004426	 -0.03011341747177134	 -1.60400390625	 -0.55615234375	 -1.949951171875	 0.46130747	 0.64324033	 -0.42999372	 0.43421534	 -7.6664605	 -0.74126107	 -2.8701687	Scatto 30m	4	Braccio
250	 3282742973	 0.999896104394521	 0.0020147397373278253	 -0.012166795833128229	 -0.007462594696675984	 0.04572027971925989	 0.03316266775045455	 -0.012194148600300016	 -1.6181640625	 -0.568359375	 -1.93359375	 0.45852128	 0.65436935	 -0.4281052	 0.42223808	 -1.3152157	 -0.11965319	 -6.606965	Scatto 30m	4	Braccio
251	 3282759640	 0.999833131714157	 0.012743292952195846	 -0.009290121980860934	 -0.0092201325899568	 -0.018983655334261443	 -0.010834238230579989	 -0.02819691653328823	 -1.622802734375	 -0.593994140625	 -1.912841796875	 0.450511	 0.6696894	 -0.41912532	 0.4158003	 0.027033836	 1.96299	 -10.667137	Scatto 30m	4	Braccio
252	 3282776307	 0.999887576035358	 0.011541542170862876	 -0.004635311793737523	 -0.008375080837159933	 -0.05828828506104353	 0.015165243535514877	 -0.03906804103452708	 -1.625	 -0.623779296875	 -1.88427734375	 0.4446979	 0.6819078	 -0.40905327	 0.41221493	 -2.3374271	 2.6621125	 -12.263383	Scatto 30m	4	Braccio
255	 3282826308	 0.9995480737819279	 -0.029032134494590967	 -0.006879557056504484	 0.003668113988389205	 -0.10314168534105786	 0.1141416201698695	 -0.10464721027202274	 -1.632568359375	 -0.60791015625	 -1.891357421875	 0.46121007	 0.67484426	 -0.4214566	 0.39274007	 -2.7891202	 1.8631235	 -7.862999	Scatto 30m	4	Braccio
256	 3282842975	 0.999549525910762	 -0.024688186888593915	 -0.002050968242623762	 0.016942024937784794	 0.11043604147190457	 0.05528526675883193	 -0.031667604323998004	 -1.64453125	 -0.55322265625	 -1.903564453125	 0.47049394	 0.6584387	 -0.44182748	 0.38714683	 -1.1169314	 -0.28536704	 -2.2503538	Scatto 30m	4	Braccio
257	 3282859642	 0.9995201482114823	 -0.017762916822606986	 0.0010942966867945325	 0.025352605783450225	 0.36735596183998837	 0.19702437110785387	 -0.021059021114768314	 -1.656494140625	 -0.48876953125	 -1.92041015625	 0.47297397	 0.63978195	 -0.46322235	 0.3903844	 -4.4397645	 -5.557283	 14.199377	Scatto 30m	4	Braccio
258	 3282876309	 0.9994743099618031	 -0.01502228227191249	 0.005142541785337241	 0.028266393928240624	 0.38472442181372707	 0.20215436710024506	 0.0023154315352300926	 -1.66357421875	 -0.421630859375	 -1.934814453125	 0.47407463	 0.61891025	 -0.48303154	 0.39860272	 -5.4815598	 -6.7911115	 14.759615	Scatto 30m	4	Braccio
259	 3282892976	 0.9997667854766453	 -0.001166517302453915	 -0.0025512884202448937	 0.021412725713349488	 0.28577457872205714	 0.10252051987868877	 0.056638964261776115	 -1.67138671875	 -0.379150390625	 -1.935302734375	 0.46535555	 0.6105746	 -0.4963416	 0.40532467	 -2.1575866	 -7.587266	 6.953985	Scatto 30m	4	Braccio
260	 3282909643	 0.999853406881432	 0.007245828819626973	 -7.028511688584872E-4	 0.015497377602181853	 0.26827512257414693	 0.18253350193072426	 0.05710332129580849	 -1.67333984375	 -0.3544921875	 -1.93310546875	 0.45469	 0.6081282	 -0.50157374	 0.41456127	 -7.7532516	 -7.8210707	 6.6032925	Scatto 30m	4	Braccio
261	 3282926310	 0.9998484844638156	 0.012305667901875914	 -0.0043566031400130295	 0.011515149238291557	 0.24221590432897175	 0.14853734533863988	 0.002161068542740289	 -1.681396484375	 -0.348876953125	 -1.92333984375	 0.44069034	 0.61135364	 -0.5037426	 0.42223504	 -6.540942	 -4.2516546	 5.346568	Scatto 30m	4	Braccio
262	 3282942977	 0.9999473106580195	 0.007289283528347505	 -0.005712726387079759	 0.004427980427239922	 0.15254058544171611	 0.06977096501823572	 0.026090601232699864	 -1.690185546875	 -0.34814453125	 -1.9052734375	 0.43199915	 0.61640733	 -0.504175	 0.4233514	 -2.7638884	 -4.1728992	 -0.941844	Scatto 30m	4	Braccio
263	 3282959644	 0.999972183740532	 0.0023921510764160145	 -0.00704411639198372	 -5.383146620798891E-4	 0.11870585315478381	 0.03042939283460075	 0.0284073204727545	 -1.703369140625	 -0.3564453125	 -1.88916015625	 0.42772067	 0.62234	 -0.5041543	 0.41901866	 -0.6948043	 -3.6695673	 -3.2542305	Scatto 30m	4	Braccio
264	 3282976311	 0.9999771300368123	 -0.00270731365602446	 -0.004775988204002817	 -0.003949657299498546	 0.0986122963040127	 0.0015063238100620664	 0.035484189122878186	 -1.707275390625	 -0.35693359375	 -1.882568359375	 0.42915106	 0.6267826	 -0.5031617	 0.41206956	 0.94320387	 -3.632108	 -4.766249	Scatto 30m	4	Braccio
265	 3282992978	 0.9999572652480165	 -0.005819769479684309	 -0.0020735130826764966	 -0.006877390813916488	 0.07603224881625613	 -0.011416680899752299	 0.04337430067873922	 -1.7099609375	 -0.36279296875	 -1.876220703125	 0.4350435	 0.6301481	 -0.5004358	 0.4039983	 1.6041856	 -3.6530998	 -6.329848	Scatto 30m	4	Braccio
266	 3283009645	 0.999941596242749	 -0.0066654747849386395	 -6.181819318940713E-4	 -0.008484892485670553	 0.04674814629302636	 -0.021090239761371796	 0.061822791462827	 -1.7109375	 -0.36669921875	 -1.876953125	 0.44277328	 0.6332319	 -0.49636722	 0.3957132	 2.005278	 -4.1613336	 -8.438772	Scatto 30m	4	Braccio
267	 3283026312	 0.9999441616409002	 -0.005762934064076339	 5.062909672094094E-4	 -0.008843407754190681	 0.017785259991673335	 -0.031617478719956016	 0.07300741887548617	 -1.705322265625	 -0.377197265625	 -1.882080078125	 0.45055243	 0.63630927	 -0.49116537	 0.3884196	 2.336654	 -4.2545004	 -10.417181	Scatto 30m	4	Braccio
268	 3283042979	 0.9999637754655137	 -0.002386453757356563	 0.0019504806954919812	 -0.007933991446697111	 2.4554307390161825E-4	 -0.03646082633587547	 0.07236604624234856	 -1.70263671875	 -0.38671875	 -1.8837890625	 0.4564686	 0.6397791	 -0.48453957	 0.3841105	 2.363395	 -3.9060946	 -11.485793	Scatto 30m	4	Braccio
269	 3283059646	 0.9999707043684002	 0.002215937411774338	 0.0039890350274863345	 -0.006145537071905059	 -0.007392943767185826	 -0.036390104421015916	 0.07239446834687674	 -1.696533203125	 -0.39892578125	 -1.8896484375	 0.45968157	 0.6436034	 -0.47633582	 0.38415062	 2.2291136	 -3.7858992	 -11.939907	Scatto 30m	4	Braccio
270	 3283076313	 0.9999359527140794	 0.009012849908575107	 0.0057250829586765134	 -0.0037526565827527697	 -0.02673965537626304	 -0.04417687401911863	 0.06396057419361037	 -1.686279296875	 -0.415771484375	 -1.89892578125	 0.4583558	 0.6486431	 -0.46622193	 0.38962734	 2.3766115	 -2.931428	 -12.989008	Scatto 30m	4	Braccio
271	 3283092980	 0.9998665227915378	 0.015445897107581055	 0.004909579635434696	 0.0020632234741857496	 -0.017557581817529887	 -0.016614706347480208	 3.964250380164454E-4	 -1.680908203125	 -0.43359375	 -1.8994140625	 0.45009303	 0.6540779	 -0.4576734	 0.40016684	 0.6837518	 0.38264987	 -11.033025	Scatto 30m	4	Braccio
272	 3283109647	 0.9999457081845786	 0.0034497496949088824	 0.006347287596106589	 0.0075094507426532175	 0.4327382426590208	 0.032298553714948774	 -0.285091348818949	 -1.68017578125	 -0.431884765625	 -1.90234375	 0.44804162	 0.65093124	 -0.45679465	 0.40851697	 3.010678	 9.828402	 19.595337	Scatto 30m	4	Braccio
273	 3283126314	 0.9992515535778985	 -0.004219011884091822	 0.03196649767714117	 0.02136997045237674	 0.6553188490735625	 0.3124547363684322	 -0.35378075679997667	 -1.651611328125	 -0.40234375	 -1.949951171875	 0.45659938	 0.6270783	 -0.45640042	 0.43587685	 -10.815768	 7.934096	 36.74831	Scatto 30m	4	Braccio
274	 3283142981	 0.9992317612164369	 0.004944017725840223	 0.010671611072457317	 0.03738396423792811	 0.23089523803629505	 0.13158588345769381	 -0.241832167581489	 -1.63037109375	 -0.350341796875	 -1.97900390625	 0.4420608	 0.60859656	 -0.47116664	 0.4606456	 -6.7230945	 10.354481	 7.8613815	Scatto 30m	4	Braccio
275	 3283159648	 0.9981172339888228	 -0.0172764358692893	 0.024710574061749358	 0.05341254073431482	 0.3837214042502905	 -0.06704197353858247	 0.024676322125390893	 -1.611572265625	 -0.249267578125	 -2.012451171875	 0.4391676	 0.5648375	 -0.49864274	 0.48933214	 7.2016983	 -4.6004457	 11.99017	Scatto 30m	4	Braccio
276	 3283176315	 0.9996816503174827	 0.014624801878398805	 0.009941688522499355	 0.017996555721951288	 0.09947470205187921	 0.15732091513123128	 0.07662208291449665	 -1.59130859375	 -0.21923828125	 -2.03271484375	 0.4273	 0.55876124	 -0.49598283	 0.5091188	 -8.699812	 -6.426548	 -4.4411283	Scatto 30m	4	Braccio
277	 3283192982	 0.9998735187114967	 0.002122161967564578	 -0.004924301884016241	 0.014973117879344635	 0.15746888322921188	 0.17711880980429454	 -0.02010737333165984	 -1.58935546875	 -0.201171875	 -2.034423828125	 0.41646466	 0.5562391	 -0.50404686	 0.5129252	 -10.782057	 -1.4604926	 -0.5782261	Scatto 30m	4	Braccio
278	 3283209649	 0.9997873794943637	 0.0196478752513105	 -0.005118114633037907	 0.0036002367290659015	 0.058050711222978	 0.05520959634488682	 0.013944120869804986	 -1.5986328125	 -0.2109375	 -2.02587890625	 0.40152293	 0.56673	 -0.49665633	 0.5205085	 -3.262835	 -1.7662247	 -6.643609	Scatto 30m	4	Braccio
279	 3283226316	 0.9994328757248349	 0.0317207465870224	 -0.010964296149324983	 -0.0027395923599577124	 0.014393677814674863	 0.20154204414435808	 -0.06258888540617624	 -1.614013671875	 -0.260986328125	 -2.009521484375	 0.3798083	 0.5878068	 -0.48132223	 0.5277858	 -12.609496	 1.2923253	 -9.189053	Scatto 30m	4	Braccio
280	 3283242983	 0.9997896374267742	 0.019873688130025477	 -0.0034540587695060803	 0.0037130704500048205	 0.06848259683806317	 0.2677099692200071	 -0.055642702856455666	 -1.623291015625	 -0.293212890625	 -1.999755859375	 0.36498526	 0.59691256	 -0.4727628	 0.535702	 -16.459528	 -1.4842342	 -6.218421	Scatto 30m	4	Braccio
281	 3283259650	 0.999831327350652	 -0.007911176975387242	 0.011642007200597965	 0.011798042017148144	 0.07086740766159257	 0.14589603501023254	 0.018059444584643917	 -1.61376953125	 -0.278564453125	 -2.008544921875	 0.36947846	 0.58385175	 -0.4781582	 0.54218787	 -8.126708	 -4.269093	 -6.4070067	Scatto 30m	4	Braccio
282	 3283276317	 0.9994082217263363	 -0.025499488216743246	 0.018037822629465766	 0.014409004173582424	 0.01668377716057969	 0.038446975311468685	 0.040713560948467745	 -1.58837890625	 -0.2236328125	 -2.036376953125	 0.38566485	 0.5592095	 -0.4918562	 0.5446329	 -1.5714779	 -3.1016874	 -9.361843	Scatto 30m	4	Braccio
283	 3283292984	 0.9994052423570013	 -0.02466327730105689	 0.0170202499569454	 0.017064448233609017	 0.05735329048484858	 -0.013621047272148808	 0.038227551669259716	 -1.5625	 -0.15869140625	 -2.0634765625	 0.39902228	 0.5335121	 -0.5064271	 0.54742837	 1.0600681	 -2.484993	 -6.5771217	Scatto 30m	4	Braccio
284	 3283309651	 0.9994536628274617	 -0.019944271573599206	 0.010910410423143085	 0.02399093238220436	 0.2561922425011234	 -0.015007917732248589	 -0.004160272555967334	 -1.533203125	 -0.097900390625	 -2.077392578125	 0.40255353	 0.50895613	 -0.5240393	 0.55163157	 -0.87160575	 -1.1877829	 5.51593	Scatto 30m	4	Braccio
285	 3283326318	 0.9993987926635638	 -0.01707957728112861	 0.011247766028143676	 0.027996946652899493	 0.6002710874953512	 -0.042470595963680184	 -0.07393520977652067	 -1.50927734375	 -0.0322265625	 -2.08251953125	 0.40217608	 0.48273897	 -0.5414608	 0.5586036	 -3.7722247	 1.5031836	 26.337204	Scatto 30m	4	Braccio
289	 3283392986	 0.9989905065527261	 0.005464544542934543	 -0.03320640825826618	 0.029756361018296654	 1.4816542295082418	 -0.02931312703214836	 0.1801137282538821	 -1.52783203125	 0.026123046875	 -2.055419921875	 0.367412	 0.49434692	 -0.5601554	 0.5539453	 -7.237657	 -4.566897	 5.2313766	Scatto 30m	4	Braccio
290	 3283409653	 0.9996898955988932	 0.01751174802383849	 -0.01695556754049385	 -0.005095100391865338	 0.21926534728641206	 0.028625070277275934	 0.055207000454586735	 -1.553955078125	 -0.009765625	 -2.031005859375	 0.3526987	 0.5147451	 -0.5524442	 0.55267215	 -4.355329	 -5.3607087	 1.9894028	Scatto 30m	4	Braccio
291	 3283426320	 0.9997239246694216	 0.013785761176260037	 -0.016682094877371434	 -0.009150679912557969	 0.16476138786352112	 -0.0034835477148780283	 0.055192316767561964	 -1.583251953125	 -0.040771484375	 -2.011962890625	 0.34209025	 0.53558916	 -0.54421085	 0.54767966	 -1.3785774	 -4.9576206	 -0.7430153	Scatto 30m	4	Braccio
292	 3283442987	 0.9997621593861048	 0.011544323187159906	 -0.013130109098778764	 -0.013036621373545556	 0.12575990653848498	 -0.03316609275794734	 0.04230155092606862	 -1.609130859375	 -0.0751953125	 -1.99462890625	 0.3365502	 0.5555018	 -0.5335657	 0.5417188	 1.011266	 -3.6618779	 -2.5389824	Scatto 30m	4	Braccio
293	 3283459654	 0.9996655186786305	 0.016906876124973012	 -0.009413466826865183	 -0.01715794122203872	 0.084842469061668	 -0.05825083487611438	 0.04606356447128988	 -1.62939453125	 -0.121337890625	 -1.98291015625	 0.33201736	 0.5769979	 -0.51612574	 0.5389361	 3.229368	 -3.07225	 -4.7241635	Scatto 30m	4	Braccio
294	 3283476321	 0.9994506317019592	 0.023793198446112135	 -0.007630260450710747	 -0.021773782944471062	 0.05899666309816885	 -0.07688976841814774	 0.037825164188344224	 -1.645263671875	 -0.18212890625	 -1.9736328125	 0.32656467	 0.60157806	 -0.49121863	 0.53866845	 4.635313	 -1.8282497	 -6.052672	Scatto 30m	4	Braccio
295	 3283492988	 0.9992412754950315	 0.02951996390763248	 -0.005861192699321242	 -0.024720264927710258	 0.038476111988958284	 -0.07482331645634756	 0.03950864032683094	 -1.65478515625	 -0.26025390625	 -1.963134765625	 0.31961766	 0.62760293	 -0.46019694	 0.54053485	 4.866186	 -1.3667173	 -7.455562	Scatto 30m	4	Braccio
296	 3283509655	 0.9991392638814913	 0.03279009918744592	 -0.0036327020016938137	 -0.025146455849605558	 0.03628681953573694	 -0.05585519995929573	 0.03826307480577088	 -1.65869140625	 -0.343505859375	 -1.949951171875	 0.31128493	 0.6525018	 -0.42565912	 0.5442035	 3.9607246	 -1.3162305	 -7.858954	Scatto 30m	4	Braccio
297	 3283526322	 0.9991316416239936	 0.033876895423790604	 -4.3892987925940596E-4	 -0.02425130929971536	 0.040634811702685014	 -0.04431796405230884	 0.03671661376354136	 -1.6572265625	 -0.42626953125	 -1.937744140625	 0.30250368	 0.6743629	 -0.38934255	 0.54967135	 3.4716604	 -1.2595385	 -7.755559	Scatto 30m	4	Braccio
