2	 3311706986	 0.9942940899951124	 0.0649689357881778	 0.0719994346491193	 0.04443401167518267	 1.3356341876800473	 0.20538976678929005	 -0.11487623180814863	 -1.85546875	 -0.13671875	 -0.99658203125	 0.25900462	 0.44887745	 -0.38343757	 0.7644615	 -39.657616	 -1.6685171	 61.220715	Scatto 30m	5	Braccio
3	 3311723653	 0.9961034681306263	 0.06724978699343476	 0.05583362677171264	 0.011745341586911375	 1.1371909531660886	 0.13969122959748387	 -0.5694620651921916	 -1.873779296875	 -0.06982421875	 -1.140869140625	 0.25728786	 0.4429663	 -0.31303978	 0.7997436	 -50.894363	 27.52517	 40.636124	Scatto 30m	5	Braccio
4	 3311740320	 0.9977913480766033	 0.054136411026622866	 0.038466697259041664	 -0.0014099314212244196	 0.5677898378808717	 0.37226737623438094	 -0.8059342583724389	 -1.881103515625	 -0.055419921875	 -1.2587890625	 0.24976686	 0.43861252	 -0.2608334	 0.82292265	 -57.789215	 25.056215	 -4.315172	Scatto 30m	5	Braccio
5	 3311756987	 0.9985183209556355	 0.05319243796874712	 0.008570310472039794	 -0.007633939827651593	 -0.17146260520968265	 -0.01588651964630798	 -0.550548376118339	 -1.88427734375	 -0.072265625	 -1.313232421875	 0.23820968	 0.45943415	 -0.21304522	 0.82872695	 -14.434425	 20.611126	 -33.576607	Scatto 30m	5	Braccio
6	 3311773654	 0.997480067379556	 0.06768649182467396	 -0.020933117358334922	 0.003722714413857242	 -0.33345077535669687	 0.16225459903211537	 -0.5670947440650644	 -1.888427734375	 -0.07568359375	 -1.303955078125	 0.19912504	 0.49603063	 -0.16578446	 0.82874507	 -19.1803	 8.116511	 -44.726414	Scatto 30m	5	Braccio
7	 3311790321	 0.9970440014187153	 0.0670384575136776	 -0.0360784107124433	 0.010365940845289913	 -0.360455214504079	 0.35694064365504247	 -0.48129555952337494	 -1.880615234375	 -0.054931640625	 -1.254150390625	 0.15197976	 0.5409013	 -0.122402325	 0.8181356	 -23.482464	 -8.296174	 -43.577137	Scatto 30m	5	Braccio
8	 3311806988	 0.9978510566223949	 0.04172452809831312	 -0.04948397841785456	 0.010181769614584113	 -0.23930763513081027	 0.40314781242773173	 -0.34624827408664366	 -1.874755859375	 -0.031494140625	 -1.17919921875	 0.11805488	 0.5902241	 -0.09828836	 0.7924885	 -21.814478	 -16.473152	 -31.620352	Scatto 30m	5	Braccio
10	 3311840322	 0.9889658986696142	 -0.008945189693854216	 -0.1478447864874258	 -0.0028903215099468638	 0.48073281498700593	 0.3923215446660944	 -0.6497780929485053	 -1.808837890625	 -0.020263671875	 -0.89208984375	 0.11900976	 0.7082225	 -0.11251844	 0.6867293	 -25.492243	 2.2841513	 8.698648	Scatto 30m	5	Braccio
14	 3311906990	 0.9442102781959667	 -0.10603511888656392	 -0.265226862685456	 -0.1639457697588988	 2.50375095841997	 1.4918504829215362	 -0.3819965566096285	 -1.4873046875	 -0.3701171875	 -0.419189453125	 0.28153852	 0.8612999	 -0.08290529	 0.41475967	 -18.489105	 -37.640854	 43.81035	Scatto 30m	5	Braccio
15	 3311923657	 0.9884476094225079	 -0.11913752684422141	 -0.04575567945950413	 -0.08175567822219297	 0.7349669931104688	 0.4459699327593811	 -0.45689632709496625	 -1.361083984375	 -0.648193359375	 -0.424560546875	 0.41931218	 0.8414498	 -0.06767533	 0.33400542	 0.39508307	 -1.8916509	 48.56715	Scatto 30m	5	Braccio
21	 3312023659	 0.8874482427520658	 -0.26907562473321756	 -0.1696729638466723	 -0.3335341211183424	 0.4278157948318331	 -1.3558120396884654	 1.3045906204550024	 -0.563232421875	 -1.1572265625	 -0.865478515625	 0.69754016	 0.7146902	 0.0499064	 0.012863137	 -13.326337	 -13.201018	 -50.420776	Scatto 30m	5	Braccio
23	 3312056993	 0.9960950073391579	 0.07802748668765337	 -9.309525690651965E-4	 0.04129868039690204	 -0.2138536208102455	 -1.1566830097806462	 0.045658031776425245	 -0.5986328125	 -1.093505859375	 -0.718017578125	 0.64273006	 0.7651155	 0.02554494	 0.02904523	 -6.0188336	 1.4661555	 -39.41896	Scatto 30m	5	Braccio
24	 3312073660	 0.9972907062465778	 0.015472940919100148	 0.00869530542199737	 0.07138786309404666	 0.11711309931890156	 -0.4284259118496817	 0.015982928799082002	 -0.712158203125	 -1.09765625	 -0.683349609375	 0.6272474	 0.7746625	 -0.02088354	 0.07760652	 6.9224377	 3.9863732	 -35.253197	Scatto 30m	5	Braccio
28	 3312140328	 0.8992417136016965	 0.03644421639839324	 0.05443830385307442	 0.43251893679166464	 2.5165132792659177	 -0.5395651109315347	 0.16616504588962921	 -1.45361328125	 -0.842529296875	 -0.638671875	 0.4930332	 0.70454437	 -0.32274568	 0.3954378	 48.244114	 -4.421268	 20.267626	Scatto 30m	5	Braccio
29	 3312156995	 0.9915690116979471	 -0.002854974368863228	 0.023508162501251595	 0.1273974507497084	 1.027049548647124	 -0.18720842966779125	 0.057947888203897846	 -1.614990234375	 -0.67333984375	 -0.669921875	 0.4421425	 0.6425832	 -0.4023627	 0.47927168	 38.565857	 -3.642326	 39.53198	Scatto 30m	5	Braccio
33	 3312223663	 0.9489623895842537	 0.15535224204572357	 0.09202277238657197	 0.25858823137992787	 3.631666290488331	 1.9666898565478383	 -0.4964007769745896	 -1.766357421875	 -0.01123046875	 -0.807373046875	 0.22286174	 0.5197956	 -0.4287575	 0.7044945	 -58.189728	 -7.220931	 23.296406	Scatto 30m	5	Braccio
34	 3312240330	 0.9968277173024103	 0.0764449785475057	 0.0221316487993265	 -9.259557013483466E-4	 0.29362690226597526	 0.3699828322812216	 -0.3443718569289004	 -1.783935546875	 0.0615234375	 -0.899169921875	 0.19953401	 0.5277945	 -0.3641522	 0.7409538	 -34.252716	 3.2622046	 -3.0182142	Scatto 30m	5	Braccio
35	 3312256997	 0.9976964272705114	 0.06724690378186027	 -3.4853960280856196E-5	 -0.00892702238216428	 -0.059040776104732184	 0.21960887452284977	 -0.453208015821501	 -1.79150390625	 0.093017578125	 -0.953125	 0.17622852	 0.5518983	 -0.3060447	 0.7554395	 -25.211533	 12.152907	 -21.738697	Scatto 30m	5	Braccio
36	 3312273664	 0.9984814503971007	 0.053885155252967665	 -0.010980965880431197	 -0.0032560166766579246	 -0.15474783581975232	 0.24811356576039192	 -0.3935775012241479	 -1.7900390625	 0.119873046875	 -0.976806640625	 0.14951947	 0.5781491	 -0.26418155	 0.75736105	 -23.41175	 5.126019	 -26.872795	Scatto 30m	5	Braccio
37	 3312290331	 0.9989635596822981	 0.037192062888363575	 -0.026202782320581305	 0.0014039528624545663	 -0.23968188631494963	 0.24480209155226465	 -0.3167482580668537	 -1.778564453125	 0.1455078125	 -0.970947265625	 0.12340835	 0.6102079	 -0.24009408	 0.74483	 -19.211195	 0.1676014	 -30.175148	Scatto 30m	5	Braccio
38	 3312306998	 0.9987999131920832	 0.018091106426048553	 -0.04547233637644855	 0.0019266292418555209	 -0.1610484128357948	 0.33479999510560426	 -0.27559634178102177	 -1.74853515625	 0.165283203125	 -0.908935546875	 0.103172794	 0.6516847	 -0.23249185	 0.7145699	 -21.741077	 -7.6082325	 -25.297083	Scatto 30m	5	Braccio
39	 3312323665	 0.9982463111859703	 -0.008438557879950959	 -0.05701662029919564	 -0.013498072238913932	 0.20459796154398208	 0.37149010198878696	 -0.27427254788426275	 -1.71240234375	 0.15234375	 -0.80908203125	 0.10882411	 0.6994171	 -0.23352809	 0.66666174	 -26.085594	 -13.556923	 -2.4624896	Scatto 30m	5	Braccio
41	 3312356999	 0.97834383090849	 -0.13968047404611517	 -0.10125339595488225	 -0.11436985398764977	 1.2984593307956072	 0.6233574166631412	 -0.6774189641664309	 -1.647216796875	 -0.155029296875	 -0.572509765625	 0.26792032	 0.772154	 -0.24441075	 0.5217858	 -20.673567	 -15.042372	 40.128323	Scatto 30m	5	Braccio
42	 3312373666	 0.9918988267534135	 -0.08619896852161535	 -0.02964075928015607	 -0.08847531124730426	 1.0073137401469632	 0.22248403589541504	 -0.23291157629536138	 -1.5908203125	 -0.409912109375	 -0.51904296875	 0.3771666	 0.7828674	 -0.2215985	 0.44244567	 3.2117999	 -5.934975	 53.27964	Scatto 30m	5	Braccio
43	 3312390333	 0.9919314019350126	 -0.08961222461758195	 -0.008993621049652263	 -0.08922363943901788	 0.8367852105694861	 0.08461771888356408	 -0.13539911563523344	 -1.5302734375	 -0.6611328125	 -0.55859375	 0.4858369	 0.7675599	 -0.18830048	 0.37330613	 18.422356	 2.8765607	 37.77699	Scatto 30m	5	Braccio
44	 3312407000	 0.9936385888015934	 -0.0625001209051873	 -0.005584030875754043	 -0.09351421459004824	 0.6432288885152666	 0.029326781088781936	 -0.21968271831914854	 -1.430419921875	 -0.875244140625	 -0.632080078125	 0.5662993	 0.752052	 -0.13879094	 0.30734372	 18.90808	 13.843125	 23.610374	Scatto 30m	5	Braccio
45	 3312423667	 0.9954899217774918	 -0.03852465364110663	 -0.008899500210569733	 -0.08623494417739232	 0.6506495277400504	 -0.05349193169004304	 -0.13801676718069456	 -1.29541015625	 -1.01123046875	 -0.6826171875	 0.61747074	 0.74210864	 -0.0897406	 0.24484967	 29.347172	 14.224742	 13.409002	Scatto 30m	5	Braccio
46	 3312440334	 0.996666365837286	 -0.02939719093537166	 -0.017220437228122224	 -0.07413107928176277	 0.618867836109031	 -0.294266309599451	 -0.05177034767895279	 -1.156005859375	 -1.099609375	 -0.7236328125	 0.6518844	 0.7334072	 -0.053897403	 0.18508345	 38.940414	 13.224892	 -6.836593	Scatto 30m	5	Braccio
47	 3312457001	 0.9961694566406459	 -0.040270777342821196	 -0.026699687466691383	 -0.07288212975528453	 0.31054406947824686	 -0.31803311873361584	 0.14317716881880105	 -0.99609375	 -1.1669921875	 -0.7822265625	 0.68829674	 0.7148487	 -0.028871149	 0.120023206	 25.285248	 -2.4674714	 -21.629265	Scatto 30m	5	Braccio
48	 3312473668	 0.9982755016600359	 -0.02857686373574239	 -0.027218050504852324	 -0.04345760429600176	 -0.1580640216725372	 -0.5742285455953451	 0.20618465852528206	 -0.86669921875	 -1.20361328125	 -0.846923828125	 0.7101647	 0.6996073	 -0.024145821	 0.07505242	 0.20483543	 -11.553946	 -45.819897	Scatto 30m	5	Braccio
49	 3312490335	 0.9996803658157076	 0.016519184313011276	 -0.01837202074363181	 -0.005362052405691265	 -0.4960476395617126	 -1.0042550603101352	 0.3004158265071086	 -0.81787109375	 -1.2001953125	 -0.841064453125	 0.6978304	 0.71269715	 -0.034789372	 0.062332597	 -18.824553	 -20.789587	 -73.48848	Scatto 30m	5	Braccio
50	 3312507002	 0.9982895982782166	 0.05372731316770296	 -0.01951726925905298	 0.012260913096751314	 -0.44595092176182966	 -1.035254720569359	 0.2257891894575031	 -0.81201171875	 -1.158935546875	 -0.7529296875	 0.65827787	 0.74850535	 -0.05378546	 0.05930462	 -17.142374	 -13.405697	 -75.264786	Scatto 30m	5	Braccio
51	 3312523669	 0.9975831261602502	 0.051403536731362526	 -0.012152434022666777	 0.04514311862481791	 -0.18694574729259217	 -0.6499780119445872	 0.04111488799143301	 -0.849853515625	 -1.09765625	 -0.6572265625	 0.6171829	 0.7773341	 -0.09086829	 0.081117995	 -4.870164	 2.286509	 -50.109562	Scatto 30m	5	Braccio
52	 3312540336	 0.9963659911626157	 0.022757739046504466	 0.007305733991722131	 0.08175281780386284	 0.2654932883799411	 -0.3435487620365442	 -0.020113512700594985	 -0.971435546875	 -1.05712890625	 -0.60693359375	 0.59286374	 0.77998585	 -0.14593025	 0.13725527	 20.391748	 5.0222597	 -25.273643	Scatto 30m	5	Braccio
53	 3312557003	 0.9952267063778317	 0.010062413461225883	 0.02491005425271864	 0.09381918750871306	 0.5877514503258086	 -0.2772372010616022	 0.17110238406629225	 -1.14794921875	 -1.00830078125	 -0.5966796875	 0.5731859	 0.7649958	 -0.20164457	 0.213492	 39.367867	 -7.9386725	 -13.38838	Scatto 30m	5	Braccio
54	 3312573670	 0.9948923816196071	 0.01617993038476956	 0.028266745758771503	 0.09554239861035052	 0.5597775212751647	 -0.37391002337746404	 0.14281395922646534	 -1.315185546875	 -0.921142578125	 -0.5927734375	 0.54263186	 0.7436595	 -0.25469238	 0.29606307	 41.044033	 -4.432315	 -10.495217	Scatto 30m	5	Braccio
55	 3312590337	 0.9935763690062773	 0.023071630297303858	 0.032140647237778104	 0.10602206196289067	 0.8390707499236978	 -0.3307582476703809	 0.15083542742299796	 -1.48291015625	 -0.778076171875	 -0.600830078125	 0.49679017	 0.7121354	 -0.30904248	 0.3880153	 50.00571	 -5.7315707	 12.022329	Scatto 30m	5	Braccio
56	 3312607004	 0.9933057330604667	 0.020645899834671577	 0.03720322842299482	 0.10739360914007917	 0.8733538669576099	 -0.2305183705745948	 0.150653868787749	 -1.62255859375	 -0.60400390625	 -0.630615234375	 0.44471875	 0.6652402	 -0.35883597	 0.48053882	 39.37368	 -6.7315474	 27.912361	Scatto 30m	5	Braccio
57	 3312623671	 0.993615829629686	 0.023858567783393847	 0.04110785886846252	 0.10231566738230631	 0.8073693393756636	 -0.20833033401831647	 0.20053741592676755	 -1.721923828125	 -0.404296875	 -0.686279296875	 0.38653338	 0.6087905	 -0.39622936	 0.5683031	 27.655321	 -9.017122	 32.630363	Scatto 30m	5	Braccio
58	 3312640338	 0.9938258606557966	 0.051073436453752785	 0.04273160157350856	 0.0887449886333451	 0.9687415575342739	 -0.2940085217625789	 0.13369047137205342	 -1.77734375	 -0.188232421875	 -0.763916015625	 0.31451726	 0.5579499	 -0.40227428	 0.65417624	 20.137894	 -2.6403334	 47.99211	Scatto 30m	5	Braccio
60	 3312673672	 0.9904037527468762	 0.09327441911052592	 0.07612068657343048	 0.06786700494414061	 2.4487963025919264	 0.7864236684719388	 -0.8508697294785803	 -1.802734375	 0.068603515625	 -0.954833984375	 0.23923801	 0.49292436	 -0.3493328	 0.7601036	 -66.18239	 9.913879	 40.584652	Scatto 30m	5	Braccio
62	 3312707006	 0.9866270291555075	 0.11042853890952214	 0.10819117972056237	 -0.05164602370714165	 1.079927620009424	 0.10265256956097701	 -0.6806963609843684	 -1.86376953125	 0.02685546875	 -1.233154296875	 0.26273566	 0.45701656	 -0.20621598	 0.824367	 -4.1070113	 24.421505	 1.5878582	Scatto 30m	5	Braccio
63	 3312723673	 0.9972631739233926	 0.0687506655017191	 0.023753901711162515	 -0.013238583111818027	 -0.30961911291574884	 -0.30850977134378843	 -0.5474966727606577	 -1.87451171875	 -0.022216796875	 -1.341552734375	 0.24776809	 0.46305314	 -0.13716376	 0.83986866	 -1.7065911	 29.072401	 -40.12175	Scatto 30m	5	Braccio
64	 3312740340	 0.9969720635871334	 0.07576198732790418	 -0.01616529651053786	 0.006746027843531566	 -0.4122472492465522	 0.2447100963465484	 -0.6501205283238809	 -1.875244140625	 -0.020263671875	 -1.360107421875	 0.20375173	 0.49871644	 -0.08308208	 0.8383702	 -24.95774	 -1.0578743	 -51.344364	Scatto 30m	5	Braccio
65	 3312757007	 0.9972016753035831	 0.06316770598901822	 -0.03995283576608155	 0.0015590401087866026	 -0.5976779332748345	 0.5925225771796847	 -0.6302237974629018	 -1.87890625	 -0.025634765625	 -1.314453125	 0.16715074	 0.5499663	 -0.040628374	 0.8172805	 -31.038115	 -27.969324	 -57.076916	Scatto 30m	5	Braccio
66	 3312773674	 0.9964705453106351	 0.05881392717255912	 -0.058944620118811235	 0.01062572623003244	 -0.08776519697261576	 0.4835318794900818	 -0.34979636790758445	 -1.87451171875	 -0.005859375	 -1.226318359375	 0.12504995	 0.612596	 -0.0071766316	 0.78040856	 -26.236284	 -23.16075	 -19.038307	Scatto 30m	5	Braccio
67	 3312790341	 0.9972164265929004	 0.014517591588108336	 -0.0729473596437863	 -0.0052269291909612945	 0.370000559592928	 0.3378258048462792	 -0.3550853073943348	 -1.857666015625	 0.0029296875	 -1.0927734375	 0.12271279	 0.6766406	 0.0010010389	 0.7260154	 -28.993698	 -11.837505	 9.598032	Scatto 30m	5	Braccio
68	 3312807008	 0.9960694026238166	 -0.028366479318042037	 -0.07731469623303129	 -0.032611742580336084	 0.458274467768148	 0.42743364827826336	 -0.3892840660245549	 -1.833251953125	 -0.0625	 -0.92578125	 0.16919112	 0.7334412	 -0.0033648983	 0.6583519	 -28.41599	 -15.840866	 20.202013	Scatto 30m	5	Braccio
69	 3312823675	 0.9953150155968495	 -0.04453988591942604	 -0.06830443549937348	 -0.05194922887627288	 0.7042039089067111	 0.3377742885148126	 -0.4018410378067049	 -1.790771484375	 -0.187744140625	 -0.77734375	 0.23973839	 0.7738086	 -0.0011706831	 0.5862974	 -21.172585	 -3.3824198	 38.32733	Scatto 30m	5	Braccio
70	 3312840342	 0.9952157600995837	 -0.049972564488796944	 -0.059352571467760705	 -0.059376812881673374	 0.7952373363216427	 0.2335220465043785	 -0.32904620335996504	 -1.72265625	 -0.345947265625	 -0.666015625	 0.31621185	 0.7982313	 0.006607334	 0.5126337	 -5.7211456	 8.653445	 42.675964	Scatto 30m	5	Braccio
71	 3312857009	 0.9948896503667028	 -0.0577070110468032	 -0.05439267169151505	 -0.06249737382900931	 0.7128421243448841	 0.2921123462427306	 -0.2686663036535431	 -1.635498046875	 -0.517333984375	 -0.59521484375	 0.39574233	 0.8074258	 0.014678544	 0.43730563	 2.5353532	 8.51042	 38.32634	Scatto 30m	5	Braccio
72	 3312873676	 0.9945928261171602	 -0.0654869364079042	 -0.04800943501086242	 -0.06474307334476317	 0.6534666367021624	 0.21072043722115807	 -0.27515231422963227	 -1.521484375	 -0.694091796875	 -0.568359375	 0.4768425	 0.80016774	 0.02382178	 0.36302298	 8.982424	 16.208538	 30.513653	Scatto 30m	5	Braccio
73	 3312890343	 0.9947430186432832	 -0.07128751037904785	 -0.03814820789521314	 -0.06284211930536433	 0.4988046758705979	 -0.022333101625319526	 -0.17960655524827043	 -1.400146484375	 -0.86669921875	 -0.5966796875	 0.5548239	 0.77694494	 0.03361162	 0.2956309	 16.185232	 20.206179	 8.716539	Scatto 30m	5	Braccio
74	 3312907010	 0.9951547835730831	 -0.08148799467731671	 -0.03293317935751267	 -0.04406891367489918	 0.43559658448648786	 -0.3453128278654188	 0.05962048562184996	 -1.285888671875	 -1.00927734375	 -0.67333984375	 0.62791	 0.7390798	 0.027797	 0.24231723	 28.95896	 14.843647	 -17.948809	Scatto 30m	5	Braccio
75	 3312923677	 0.9956872004725928	 -0.083345060351735	 -0.02265573909084662	 -0.03387207133116988	 0.18780052424717977	 -0.434469886247116	 0.27605090511456365	 -1.200439453125	 -1.122802734375	 -0.804931640625	 0.69330084	 0.69103134	 0.0189602	 0.20359352	 23.27231	 -5.6357613	 -32.338676	Scatto 30m	5	Braccio
76	 3312940344	 0.998706139378021	 -0.0492996794396188	 -0.007849882345211502	 -0.0096937156429317	 -0.19627468486562955	 -0.7237874769070081	 0.23867745960125383	 -1.156494140625	 -1.1875	 -0.90234375	 0.7269497	 0.6592973	 0.009633459	 0.19177727	 4.8891845	 -15.375339	 -54.189384	Scatto 30m	5	Braccio
77	 3312957011	 0.9999249420024247	 0.0016898345438329798	 -0.0031893643659748894	 0.011708235375288036	 -0.43301822105589505	 -0.9364436666881075	 0.28322431262726877	 -1.162353515625	 -1.1904296875	 -0.922607421875	 0.7230194	 0.6618568	 -4.5119948E-4	 0.1979608	 -4.3423815	 -26.926548	 -67.92207	Scatto 30m	5	Braccio
78	 3312973678	 0.999084301850774	 0.027237982982627862	 -0.006406538143792163	 0.03236674755673674	 -0.18059423775064198	 -0.6508215411579384	 0.22012907040668633	 -1.20263671875	 -1.15869140625	 -0.8720703125	 0.69904995	 0.68123895	 -0.020487275	 0.21638642	 4.7733116	 -17.647232	 -48.315025	Scatto 30m	5	Braccio
79	 3312990345	 0.9981260769877034	 0.029531415498741304	 -0.00682166060960765	 0.05315726556459722	 0.09403669306956552	 -0.3989740529331036	 0.03640273290165319	 -1.27978515625	 -1.100341796875	 -0.813720703125	 0.66801375	 0.6991769	 -0.054051727	 0.24897337	 13.661801	 -0.1424609	 -30.378876	Scatto 30m	5	Braccio
80	 3313007012	 0.9977460227548193	 0.020900193271009226	 9.704620360717066E-4	 0.06375824810650499	 0.3142458872330151	 -0.2065470389645872	 -0.07926529647238031	 -1.380126953125	 -1.017333984375	 -0.767822265625	 0.6376908	 0.7061463	 -0.092062645	 0.29365352	 20.158068	 10.683251	 -13.164878	Scatto 30m	5	Braccio
81	 3313023679	 0.9968487762538416	 -0.014431735217927066	 0.007505644844174597	 0.07763960068992633	 0.44118707373198723	 -0.04403207564274754	 0.02752479677162356	 -1.48779296875	 -0.9384765625	 -0.783447265625	 0.62410283	 0.68399394	 -0.14644274	 0.3481419	 23.178394	 5.414544	 2.1798382	Scatto 30m	5	Braccio
82	 3313040346	 0.9954078464860522	 -0.03455798612832145	 0.00638266145871963	 0.08904058839348547	 0.4153492528357876	 -0.15313885881417144	 0.1903822755691797	 -1.606689453125	 -0.849853515625	 -0.831298828125	 0.61404264	 0.64246845	 -0.21606648	 0.4043528	 26.89607	 -3.3737662	 0.24522305	Scatto 30m	5	Braccio
83	 3313057013	 0.9952187110921898	 -0.029083732015128205	 0.0014841587109556134	 0.0932290238981044	 0.42595593275928123	 -0.3894815170166582	 0.3485824784177243	 -1.708251953125	 -0.7255859375	 -0.87060546875	 0.5907771	 0.59839547	 -0.28776285	 0.45836446	 38.14279	 -10.880025	 -1.8504581	Scatto 30m	5	Braccio
84	 3313073680	 0.9966888995063393	 0.0035642160415820245	 0.0038813211317735023	 0.08113858090405149	 0.611803801353158	 -0.46563030467274563	 0.48722472487685825	 -1.77880859375	 -0.580322265625	 -0.877197265625	 0.54807234	 0.5692852	 -0.33382192	 0.5139008	 45.655407	 -17.089476	 14.805092	Scatto 30m	5	Braccio
85	 3313090347	 0.9966075733799431	 0.03662802971394258	 0.019803702009072693	 0.07098975635788428	 0.7467863520204384	 -0.1331202784089164	 0.41424792535698907	 -1.82080078125	 -0.413818359375	 -0.8916015625	 0.49220523	 0.54696923	 -0.34558177	 0.5823505	 23.128609	 -14.050951	 34.422844	Scatto 30m	5	Braccio
86	 3313107014	 0.9969629786448625	 0.04665359244798645	 0.031231606991805026	 0.05397080922100499	 0.8341327114330404	 0.14670587954215292	 0.24113074720883587	 -1.855712890625	 -0.267333984375	 -0.94140625	 0.44150528	 0.5234898	 -0.33252612	 0.6484273	 -1.239593	 -5.878987	 42.67862	Scatto 30m	5	Braccio
87	 3313123681	 0.9989033855132725	 0.03747141332716558	 0.01693729820174703	 0.022384090846233277	 1.1016463115769772	 0.27740455240850787	 -0.20733573402604408	 -1.86279296875	 -0.17138671875	 -0.992431640625	 0.41038236	 0.51356214	 -0.31202674	 0.68591523	 -25.681389	 19.849777	 51.400738	Scatto 30m	5	Braccio
88	 3313140348	 0.9985239049894394	 -0.0012773905182371093	 0.05424938232350413	 0.002320335239398147	 0.7800749975585024	 0.7825356876650386	 -0.6085213885449001	 -1.880859375	 -0.15576171875	 -1.08349609375	 0.42414618	 0.46944523	 -0.29172862	 0.7173673	 -64.79632	 20.313723	 23.60646	Scatto 30m	5	Braccio
89	 3313157015	 0.9988730371929045	 0.023707822882823026	 0.031103480477597506	 -0.02689178694989675	 0.3775708371307192	 0.24785309044601714	 -0.1937945761338422	 -1.896484375	 -0.193359375	 -1.162353515625	 0.4410542	 0.46436948	 -0.24821377	 0.726789	 -22.659744	 10.071177	 6.144332	Scatto 30m	5	Braccio
90	 3313173682	 0.9978569962807017	 0.04735406528592523	 0.023174395266174572	 -0.03875506261895628	 0.1181611168498842	 0.19212555089581693	 -0.05793201529908505	 -1.9033203125	 -0.259765625	 -1.22216796875	 0.4525841	 0.47856182	 -0.18456498	 0.72943956	 -12.903855	 -0.042602465	 -4.4550347	Scatto 30m	5	Braccio
91	 3313190349	 0.9983249332898424	 0.03700135136034949	 0.02557167102378505	 -0.0363911694012577	 0.004803516271069987	 0.17119293955395928	 -0.0725827548298227	 -1.90185546875	 -0.33837890625	 -1.27099609375	 0.46623185	 0.48468497	 -0.12732339	 0.7290386	 -10.948884	 -2.16195	 -9.919395	Scatto 30m	5	Braccio
92	 3313207016	 0.9995046955982133	 0.009758091858085072	 0.02217380641092021	 -0.020086448906243726	 -0.1995903709553535	 0.08383668404147701	 -0.10763112451231219	 -1.893798828125	 -0.39208984375	 -1.319091796875	 0.47987303	 0.47786018	 -0.098625936	 0.72913975	 -6.743607	 -5.2107587	 -21.550137	Scatto 30m	5	Braccio
93	 3313223683	 0.99959077815663	 -0.02480795281962317	 -0.0012626928794338133	 -0.014186166071716135	 -0.25235429003115795	 -0.07159086074811957	 -0.2538314553828883	 -1.890625	 -0.419189453125	 -1.3359375	 0.50321877	 0.4705088	 -0.10855104	 0.71666515	 -4.6048417	 2.2437727	 -31.106089	Scatto 30m	5	Braccio
94	 3313240350	 0.9995077794346372	 -0.01144148379380372	 -0.023875068378350576	 -0.01683069838616047	 -0.14756153249640935	 -0.11844141257444858	 -0.21708246871359416	 -1.88720703125	 -0.4521484375	 -1.301025390625	 0.5191965	 0.4859244	 -0.118948884	 0.6929387	 -1.1301945	 6.05897	 -25.95368	Scatto 30m	5	Braccio
95	 3313257017	 0.9993616234805242	 -4.4996734998620225E-4	 -0.02065747497358345	 -0.02914466969226018	 0.14565124230421775	 -0.055703221067255275	 -0.23607046098395282	 -1.876953125	 -0.504150390625	 -1.254638671875	 0.53782517	 0.5054842	 -0.11428966	 0.6649571	 -4.8953314	 16.209404	 -11.021961	Scatto 30m	5	Braccio
96	 3313273684	 0.9984234443314915	 0.03113960753573386	 -0.0157971823674703	 -0.04394769255615666	 0.2582135475605596	 0.5436161675104939	 0.03642591283980367	 -1.856689453125	 -0.583740234375	 -1.213623046875	 0.54902506	 0.53952557	 -0.078799225	 0.6334623	 -24.424868	 -5.1836257	 16.363344	Scatto 30m	5	Braccio
97	 3313290351	 0.9976402919934922	 -0.02802237091590415	 -0.0271473061645065	 -0.05649440934642675	 0.5013589530094531	 0.7987308301094648	 -0.19156598757035315	 -1.813720703125	 -0.685302734375	 -1.164794921875	 0.59726584	 0.54704994	 -0.07892511	 0.5811892	 -38.49037	 7.8519554	 32.500557	Scatto 30m	5	Braccio
98	 3313307018	 0.9953651214388727	 -0.06678552722667958	 -0.015669080198363942	 -0.06739768765892457	 0.622253054293928	 0.6917720115203352	 -0.19157758316607665	 -1.740234375	 -0.818603515625	 -1.19384765625	 0.6697613	 0.52213514	 -0.0872698	 0.52074844	 -26.629232	 19.832626	 36.51391	Scatto 30m	5	Braccio
99	 3313323685	 0.9952699105324055	 -0.07106124286985765	 -0.013079525458995657	 -0.06493867079311101	 0.49576147411581467	 0.2581327482460764	 0.19832153310723694	 -1.65966796875	 -0.933837890625	 -1.267333984375	 0.7368333	 0.48795736	 -0.09612463	 0.45796785	 6.281365	 7.173128	 24.470837	Scatto 30m	5	Braccio
100	 3313340352	 0.9974073212629163	 -0.029761330434190103	 -0.0062783796643556275	 -0.06521871396087806	 0.31021291873830764	 -0.024436354037551285	 0.30319646713983905	 -1.561767578125	 -1.029541015625	 -1.326416015625	 0.7788567	 0.4766008	 -0.08042289	 0.39970756	 17.230986	 -4.081579	 9.317068	Scatto 30m	5	Braccio
101	 3313357019	 0.998588033760521	 0.006039559198920408	 3.3250349010000013E-4	 -0.052776434100916376	 0.2157392545564922	 -0.23428453358047674	 0.2182232886289286	 -1.468994140625	 -1.105224609375	 -1.323486328125	 0.796058	 0.48651317	 -0.05129054	 0.3563226	 21.825527	 -6.6863294	 -5.8768177	Scatto 30m	5	Braccio
102	 3313373686	 0.9988661424019654	 0.015306913714436626	 -0.005573106259893935	 -0.04473330350165833	 0.2177527311623608	 -0.47316859555706503	 0.11011123130928743	 -1.387939453125	 -1.157958984375	 -1.292236328125	 0.803442	 0.50344557	 -0.027828837	 0.31662172	 28.949825	 -6.3282022	 -21.737377	Scatto 30m	5	Braccio
103	 3313390353	 0.998796382246177	 0.017275853316956025	 -0.019207276621397987	 -0.04169427093629172	 0.06980830110110844	 -0.32914393935795966	 0.15781283704110433	 -1.3056640625	 -1.197509765625	 -1.249755859375	 0.80653876	 0.52443546	 -0.01671046	 0.27236664	 16.55729	 -11.583445	 -19.240772	Scatto 30m	5	Braccio
104	 3313407020	 0.9991304412914943	 0.0313861715880466	 -0.023087190588959198	 -0.014840860770806402	 -0.21021309340077193	 -0.5136952753225447	 0.032326967580275395	 -1.2548828125	 -1.21630859375	 -1.173095703125	 0.7932567	 0.5559427	 -0.019028144	 0.2476077	 3.917829	 -16.286257	 -38.659843	Scatto 30m	5	Braccio
105	 3313423687	 0.999318300415321	 0.028847672907528488	 -0.020741672134250877	 0.010026428074330991	 -0.4027061963416716	 -0.6545871286082299	 0.08111112118137698	 -1.25732421875	 -1.20458984375	 -1.0966796875	 0.7742237	 0.5832547	 -0.03367121	 0.24342966	 -3.6440887	 -23.553152	 -49.586063	Scatto 30m	5	Braccio
106	 3313440354	 0.9992837826481168	 0.02314101717219208	 -0.01398840266929491	 0.0264714875190111	 -0.13700738640066396	 -0.34577288326551603	 -0.0022050589882956217	 -1.290283203125	 -1.17529296875	 -1.046142578125	 0.75399446	 0.6028749	 -0.053651813	 0.2552566	 1.4062535	 -6.8744903	 -30.99739	Scatto 30m	5	Braccio
107	 3313457021	 0.9989625918153354	 0.00892067658130763	 -0.008533417405915624	 0.043833120699941004	 0.1095693114136825	 -0.19239698999694219	 -0.027859396666169954	 -1.35595703125	 -1.135009765625	 -0.998779296875	 0.7369111	 0.6085431	 -0.083405554	 0.28227848	 10.498722	 2.009128	 -17.875668	Scatto 30m	5	Braccio
108	 3313473688	 0.9981831353628359	 0.0018141170002720641	 -0.0057785201750543145	 0.059947860356431015	 0.2749883393319856	 -0.15573131611809704	 0.025300706197573006	 -1.444580078125	 -1.072021484375	 -0.98779296875	 0.7176228	 0.6053724	 -0.122820824	 0.32164717	 18.808762	 2.829272	 -9.662048	Scatto 30m	5	Braccio
109	 3313490355	 0.9976624639468193	 -0.007664387227485914	 -0.0024222841745012436	 0.06786013365273082	 0.3762365355231478	 -0.18742919116326537	 0.10742040358342556	 -1.54638671875	 -0.99462890625	 -0.989013671875	 0.6988228	 0.5909951	 -0.16737925	 0.36654592	 25.448668	 0.29751247	 -4.3460355	Scatto 30m	5	Braccio
110	 3313507022	 0.9970595806123422	 -0.01451376981367658	 0.0015292697888810716	 0.0752276845905063	 0.3934449593742922	 -0.18238658590217466	 0.27872104553094657	 -1.645263671875	 -0.892822265625	 -1.00634765625	 0.6782139	 0.56603277	 -0.21543303	 0.41619906	 27.013708	 -8.774196	 2.4327555	Scatto 30m	5	Braccio
111	 3313523689	 0.9961417126532041	 -0.001503009074784345	 0.010211231251373633	 0.0871502153318834	 0.48084993414091953	 -0.30257951680725215	 0.4255028680402688	 -1.744384765625	 -0.756591796875	 -1.03076171875	 0.6424954	 0.53966165	 -0.2575597	 0.4791952	 35.36523	 -15.113696	 8.477518	Scatto 30m	5	Braccio
112	 3313540356	 0.9941396793387804	 0.05432167013295747	 0.013941465868423488	 0.09241801581722356	 0.5707078924010354	 -0.7133522080220243	 0.2980780860007196	 -1.828125	 -0.56298828125	 -1.016845703125	 0.5688472	 0.5403236	 -0.27080342	 0.5577894	 55.487453	 -3.3946745	 5.479356	Scatto 30m	5	Braccio
114	 3313573690	 0.9838313045547089	 0.071529452273359	 0.0651563912063078	 0.15071213063527272	 1.9775268068018677	 0.454947562700036	 -0.2348144557804751	 -1.8935546875	 -0.209228515625	 -1.12255859375	 0.4539333	 0.49283355	 -0.27107826	 0.69106877	 -27.457748	 23.100746	 47.09372	Scatto 30m	5	Braccio
115	 3313590357	 0.9980986052686006	 -0.010715911026856484	 0.024950352141401542	 0.05533374503644884	 0.7366939351422988	 0.4916651112366447	 -0.34199123850088153	 -1.88525390625	 -0.0791015625	 -1.177490234375	 0.42668095	 0.45471594	 -0.2940742	 0.72435987	 -39.99209	 19.718975	 25.638042	Scatto 30m	5	Braccio
116	 3313607024	 0.9985915473993263	 0.032149140003111754	 0.02336376575673269	 0.035149519333043416	 0.5510547247248627	 0.03758992296257689	 0.06622385705900842	 -1.867919921875	 0.0078125	 -1.234375	 0.3930805	 0.44146296	 -0.27637327	 0.7577704	 -7.7800875	 7.2565856	 21.822742	Scatto 30m	5	Braccio
117	 3313623691	 0.9971610560017102	 0.06754929109527441	 0.02278595782392767	 0.024242974077580446	 0.16839556226762778	 0.21669022414698175	 0.14648943134857098	 -1.855224609375	 0.065185546875	 -1.320068359375	 0.35045886	 0.44385415	 -0.22603378	 0.79314625	 -9.998571	 -10.199747	 2.2026243	Scatto 30m	5	Braccio
118	 3313640358	 0.9980875250949008	 0.05878799854804534	 0.01893295018311381	 0.002608998661224715	 -0.15750387682301825	 0.3082409647011565	 -0.02928715072729371	 -1.8427734375	 0.0732421875	 -1.40478515625	 0.32664803	 0.4490373	 -0.17293864	 0.8134856	 -11.540163	 -14.233882	 -19.74522	Scatto 30m	5	Braccio
119	 3313657025	 0.9996088822201807	 0.0263384673756632	 0.0029316410142395948	 -0.008931584617839551	 -0.37254388765036567	 0.45301530938861767	 -0.2608378726618328	 -1.843017578125	 0.04931640625	 -1.44189453125	 0.32353088	 0.45765913	 -0.1454666	 0.81530094	 -19.769142	 -19.163816	 -36.742935	Scatto 30m	5	Braccio
120	 3313673692	 0.9987475861194639	 -0.012168666994747668	 -0.04834371839800842	 -0.0042506064942701705	 -0.17243880917795157	 0.4006703638149517	 -0.488672986642529	 -1.85693359375	 0.03564453125	 -1.37353515625	 0.32654288	 0.4943526	 -0.16738163	 0.78801584	 -31.184292	 -6.449918	 -32.84684	Scatto 30m	5	Braccio
121	 3313690359	 0.9980494889405527	 -0.011097148984515748	 -0.055882918147174526	 -0.02551804007507447	 0.21041007718331534	 0.08660085228226871	 -0.597904130046996	 -1.86962890625	 0.005615234375	 -1.236572265625	 0.34373033	 0.53964573	 -0.17962459	 0.7472396	 -31.33143	 21.658163	 -14.561865	Scatto 30m	5	Braccio
122	 3313707026	 0.9976490818446471	 0.01843528808186523	 -0.04522445887150898	 -0.048074920360314494	 0.18621243703583887	 0.2582495050514048	 -0.2216608619750173	 -1.8837890625	 -0.087646484375	 -1.146728515625	 0.36201984	 0.589226	 -0.15341195	 0.70584655	 -22.045599	 1.2486326	 -2.4499044	Scatto 30m	5	Braccio
123	 3313723693	 0.9974607581395563	 -1.2957334426366707E-4	 -0.05070947358849504	 -0.05000568438475634	 0.38289204421475637	 0.36722755523599726	 -0.22188147636772426	 -1.8798828125	 -0.18701171875	 -1.044677734375	 0.38985774	 0.63325113	 -0.14021593	 0.6537152	 -25.744637	 0.93293816	 13.139383	Scatto 30m	5	Braccio
124	 3313740360	 0.9965778982047223	 -0.02726710107166236	 -0.049355223445994224	 -0.06044054870367943	 0.618719047666642	 0.32381008686177254	 -0.226409804086672	 -1.854248046875	 -0.315673828125	 -0.936279296875	 0.43946937	 0.6633113	 -0.13649417	 0.5901309	 -18.993996	 8.7668495	 28.948349	Scatto 30m	5	Braccio
125	 3313757027	 0.9962451104152413	 -0.03939554737036366	 -0.04148043574941335	 -0.06498495419057974	 0.6581675447345227	 0.4281259995420724	 -0.15344215061890262	 -1.810791015625	 -0.469970703125	 -0.86328125	 0.49746895	 0.6789613	 -0.1322458	 0.52349555	 -13.33765	 5.352625	 35.985004	Scatto 30m	5	Braccio
126	 3313773694	 0.9957253584655718	 -0.05021522608184037	 -0.0386179348883049	 -0.06721678869985526	 0.6953356478067136	 0.4078410078159746	 -0.019224047860195326	 -1.73779296875	 -0.62890625	 -0.82080078125	 0.5601236	 0.6821571	 -0.12933926	 0.4518789	 -0.17766374	 3.6361105	 38.42972	Scatto 30m	5	Braccio
127	 3313790361	 0.9955421853269097	 -0.06329099859825021	 -0.030286038684134712	 -0.06302985476566082	 0.7763048651218609	 0.18951585054311493	 0.03662155122712499	 -1.651611328125	 -0.79150390625	 -0.822021484375	 0.6257573	 0.66723824	 -0.12919588	 0.38279182	 19.454035	 9.523342	 33.01761	Scatto 30m	5	Braccio
128	 3313807028	 0.996210377890996	 -0.05192744214321743	 -0.017928576773130925	 -0.06743137155383716	 0.45688747074222047	 -0.04214944549453888	 0.03403883901403042	 -1.55419921875	 -0.940185546875	 -0.861328125	 0.68153304	 0.6493022	 -0.11311745	 0.31800008	 20.87127	 6.9392242	 6.8681145	Scatto 30m	5	Braccio
129	 3313823695	 0.9978824599913815	 -0.037684730949388234	 -0.018337672133829974	 -0.04974119897563268	 0.3218905262189446	 -0.325250060218037	 -0.0016897955933798808	 -1.458740234375	 -1.03857421875	 -0.90234375	 0.7180621	 0.6350424	 -0.10383579	 0.26519075	 26.205584	 6.523411	 -14.767101	Scatto 30m	5	Braccio
130	 3313840362	 0.9985390915568068	 -0.03215423577370219	 -0.017009380671425215	 -0.039955834666427104	 0.23161999801969546	 -0.36182997110226944	 0.17545375089581106	 -1.375	 -1.107666015625	 -0.9365234375	 0.7458214	 0.620904	 -0.0983306	 0.22036274	 24.750528	 -7.847793	 -19.864462	Scatto 30m	5	Braccio
131	 3313857029	 0.999114895543713	 -0.02844429942090343	 -0.010232802710491542	 -0.029251274875083808	 0.035905765069097484	 -0.3397649447912103	 0.19659367189624466	 -1.30712890625	 -1.1552734375	 -0.97900390625	 0.7678789	 0.60518795	 -0.09365571	 0.18798476	 12.612892	 -13.660468	 -24.429398	Scatto 30m	5	Braccio
132	 3313873696	 0.9998306012056711	 -0.013364970977211066	 -0.0030461277614548536	 -0.012282815196258512	 -0.1704297919145455	 -0.5448524800467371	 0.1632560308652468	 -1.272216796875	 -1.179931640625	 -1.01318359375	 0.777655	 0.59714997	 -0.090878665	 0.17437269	 4.6958694	 -17.6698	 -40.389183	Scatto 30m	5	Braccio
133	 3313890363	 0.9999415366360161	 0.008719968489973612	 -0.004126354857962478	 0.004884532231730216	 -0.2206043828512014	 -0.5656566561098818	 0.2159533723172132	 -1.26953125	 -1.182373046875	 -1.00390625	 0.7712136	 0.6044526	 -0.09525077	 0.17548199	 1.6026331	 -22.28835	 -41.36489	Scatto 30m	5	Braccio
134	 3313907030	 0.9994405282714056	 0.014974290074936975	 -0.005913492555406575	 0.02931606540998033	 0.023888833495046943	 -0.38265750514867536	 0.16113328166681384	 -1.304443359375	 -1.1533203125	 -0.968994140625	 0.7563739	 0.6138575	 -0.11445441	 0.19487917	 10.839434	 -13.906642	 -27.469305	Scatto 30m	5	Braccio
135	 3313923697	 0.9989368584069122	 0.016549984788283983	 0.0012791893688279823	 0.04300714585036914	 0.21605685395211538	 -0.25680986370147035	 0.05625255983173944	 -1.370361328125	 -1.10498046875	 -0.935546875	 0.737663	 0.6203427	 -0.1361246	 0.22912635	 18.585434	 -3.9192634	 -17.30204	Scatto 30m	5	Braccio
136	 3313940364	 0.9985363319631314	 0.0043542547510508345	 0.008133927695390232	 0.0532923393690328	 0.24621867690165777	 -0.21466207058879164	 0.06934843957420388	 -1.4599609375	 -1.045654296875	 -0.9296875	 0.7232124	 0.6132979	 -0.16170484	 0.27327877	 19.55927	 -3.1790578	 -12.770429	Scatto 30m	5	Braccio
137	 3313957031	 0.9975301156188441	 -0.00556602952504448	 0.011936363681764706	 0.06899428216046981	 0.329082542497652	 -0.1486923301868718	 0.14590493710050492	 -1.561279296875	 -0.961181640625	 -0.949462890625	 0.7082711	 0.59307003	 -0.19636536	 0.32872576	 21.930288	 -5.506518	 -3.9107432	Scatto 30m	5	Braccio
138	 3313973698	 0.9973169361092843	 -0.008394714948796955	 0.01317986291163903	 0.07151747285907625	 0.4564468919266487	 -0.21156105717791704	 0.34045670119525406	 -1.66845703125	 -0.8583984375	 -0.97900390625	 0.69069576	 0.56677383	 -0.2316591	 0.38476104	 30.461998	 -14.398349	 4.0854063	Scatto 30m	5	Braccio
139	 3313990365	 0.9979500994762331	 0.0017721349963621402	 0.016014319361342514	 0.06193545082038201	 0.5439100821230494	 -0.041536275321261626	 0.36864397292747475	 -1.74658203125	 -0.748779296875	 -1.00634765625	 0.6683924	 0.54557866	 -0.2546531	 0.4367466	 23.88642	 -12.549203	 19.037895	Scatto 30m	5	Braccio
140	 3314007032	 0.998680596284353	 0.016306660181798494	 0.019322101223602454	 0.044696933263359606	 0.5513846414486682	 0.00942449495121639	 0.3101959615285965	 -1.802734375	 -0.652099609375	 -1.02734375	 0.6442752	 0.53490144	 -0.25876036	 0.4814907	 18.046547	 -7.4748454	 22.73804	Scatto 30m	5	Braccio
141	 3314023699	 0.9987456071981384	 0.03591582283428513	 0.024345742733382802	 0.02499101004997691	 0.6219966877468243	 0.12679361613060447	 0.23947401348317765	 -1.8349609375	 -0.578857421875	 -1.0615234375	 0.61885965	 0.5379767	 -0.23883244	 0.5201471	 10.57898	 -0.8153359	 29.487556	Scatto 30m	5	Braccio
142	 3314040366	 0.9988335350211598	 0.03439739526545782	 0.03209230565260974	 0.010884504305889942	 0.8264133616786014	 0.26880629232901	 -0.130457308602819	 -1.853271484375	 -0.537109375	 -1.087158203125	 0.60206634	 0.5381214	 -0.20657618	 0.5525107	 0.22092691	 24.521038	 36.86276	Scatto 30m	5	Braccio
143	 3314057033	 0.9986956649074766	 0.02384382249542133	 0.0441478982602992	 0.009455374292876297	 0.7473508883363168	 0.6391049902482521	 -0.16997856120949423	 -1.8720703125	 -0.51025390625	 -1.16015625	 0.59260625	 0.52465296	 -0.17172116	 0.58657396	 -24.198639	 21.563572	 40.530807	Scatto 30m	5	Braccio
145	 3314090367	 0.9965345310658161	 0.014073224158052566	 0.07800105903990828	 -0.025233064496488104	 0.19600002607875666	 0.4635197522824212	 -0.5664988477989104	 -1.866455078125	 -0.5390625	 -1.32421875	 0.61199445	 0.49024272	 -0.10330893	 0.61192495	 -12.178969	 10.036851	 -15.941069	Scatto 30m	5	Braccio
146	 3314107034	 0.9987608602724118	 0.030534781424726987	 0.0380489691458682	 -0.009830923567630434	 -0.1554868034486356	 0.10551760476914009	 -0.2403750963061912	 -1.852294921875	 -0.572509765625	 -1.384033203125	 0.606574	 0.4868817	 -0.056212097	 0.6259827	 -14.344091	 2.9908934	 -20.786217	Scatto 30m	5	Braccio
147	 3314123701	 0.9997274681246797	 0.012961088766077433	 0.01932469387437225	 -0.0018856992541873287	 -0.31756493469304603	 0.06076551971177234	 -0.21277514559945815	 -1.84375	 -0.580078125	 -1.42529296875	 0.60284203	 0.48362595	 -0.035057712	 0.6336075	 -13.872874	 -5.908432	 -27.47496	Scatto 30m	5	Braccio
149	 3314157035	 0.9951869451484222	 0.09082458847813418	 -0.025289930888517498	 -0.026725600640267303	 -0.31597506943719306	 -0.03062884517656045	 -0.4844046353062136	 -1.83447265625	 -0.642822265625	 -1.33349609375	 0.5731617	 0.5550646	 0.021862311	 0.602421	 -11.739	 5.6794996	 -16.717815	Scatto 30m	5	Braccio
150	 3314173702	 0.9990948207008197	 0.03056090032994252	 -0.024968180694267043	 -0.0158795646237177	 9.390026859987521E-4	 0.3307057642674831	 -0.3520414683875857	 -1.82080078125	 -0.673828125	 -1.258056640625	 0.56625277	 0.58791715	 0.03578313	 0.5765681	 -27.854652	 6.131037	 -4.677121	Scatto 30m	5	Braccio
151	 3314190369	 0.9985708926914848	 0.03169921535447551	 -0.03572731256834622	 -0.02397688786905972	 0.08126915689243787	 0.4337770781521151	 -0.40142521021963784	 -1.799560546875	 -0.714111328125	 -1.161865234375	 0.56222796	 0.6262279	 0.049201056	 0.5378826	 -31.546848	 9.150383	 4.4102364	Scatto 30m	5	Braccio
152	 3314207036	 0.9981963225699655	 -0.009041646726502539	 -0.0475536986054978	 -0.03551050522321886	 0.3940700715529528	 0.8648723531110798	 -0.3265925948364467	 -1.75537109375	 -0.7724609375	 -1.074951171875	 0.5884377	 0.64562345	 0.041450515	 0.48496744	 -32.4379	 9.619321	 40.097267	Scatto 30m	5	Braccio
153	 3314223703	 0.9965466030152702	 -0.06086117142789477	 -0.04422096723511093	 -0.03514671944778414	 0.5724715322270167	 0.8464190287030126	 -0.2944465713931286	 -1.6982421875	 -0.853759765625	 -1.053466796875	 0.6445861	 0.629682	 0.010591128	 0.43347114	 -19.827095	 18.618557	 47.90209	Scatto 30m	5	Braccio
154	 3314240370	 0.9946417199983248	 -0.08660017852232121	 -0.038276414303535906	 -0.04151113135943457	 0.5263976294584567	 0.39662795448184474	 -0.06296259334470258	 -1.632568359375	 -0.9453125	 -1.09228515625	 0.7138835	 0.58909196	 -0.02322286	 0.37789115	 4.815014	 16.994566	 25.7701	Scatto 30m	5	Braccio
155	 3314257037	 0.9960637701062675	 -0.06510719582001656	 -0.03495197187255695	 -0.0489528201063329	 0.2503140996009478	 -0.08269046387946431	 0.11357929998723637	 -1.548583984375	 -1.037353515625	 -1.154296875	 0.76669645	 0.55716544	 -0.0417612	 0.3162265	 16.358608	 1.7192185	 -4.7100034	Scatto 30m	5	Braccio
156	 3314273704	 0.9979356580169626	 -0.034569001516947584	 -0.03517346559077717	 -0.041136770786094956	 0.2707523245946457	 -0.35215197887997957	 0.034906486943358545	 -1.46923828125	 -1.101806640625	 -1.178466796875	 0.79542714	 0.5445971	 -0.05493979	 0.2601757	 24.73553	 1.5167893	 -19.838814	Scatto 30m	5	Braccio
157	 3314290371	 0.9985570049319837	 -0.022202237724866014	 -0.03496810685196233	 -0.03417894153516849	 0.27015821681789715	 -0.405420381557179	 0.09307690242731555	 -1.397705078125	 -1.148193359375	 -1.1796875	 0.8127599	 0.5391017	 -0.06863352	 0.20995317	 26.508877	 -5.828823	 -22.01553	Scatto 30m	5	Braccio
158	 3314307038	 0.9990047818551722	 -0.018658640748333732	 -0.028709684699598285	 -0.02858417324979362	 0.11515252493442621	 -0.30243903829718755	 0.061629467278732745	 -1.33203125	 -1.18359375	 -1.187744140625	 0.82545304	 0.53302974	 -0.07970161	 0.16779196	 14.188736	 -7.471204	 -21.36933	Scatto 30m	5	Braccio
159	 3314323705	 0.9995386134033837	 -0.006916642869296913	 -0.027915327274690153	 -0.009770100828880692	 -0.11315137493577185	 -0.5045222344122083	 0.02403972996814628	 -1.297607421875	 -1.198486328125	 -1.181884765625	 0.8276351	 0.53392076	 -0.09821263	 0.14248963	 4.709932	 -13.927774	 -37.16815	Scatto 30m	5	Braccio
160	 3314340372	 0.9995103214545425	 -0.011815634387332699	 -0.02842577852573908	 0.005610989669153771	 0.007101884077152058	 -0.5054185156747711	 0.13170010278239078	 -1.2939453125	 -1.19970703125	 -1.173095703125	 0.82958037	 0.52845436	 -0.12597032	 0.12908912	 10.661416	 -18.929394	 -32.400673	Scatto 30m	5	Braccio
161	 3314357039	 0.9989967188139656	 -0.021979116756672246	 -0.029325410999140766	 0.025738968418694556	 0.16542434962917563	 -0.292497827205445	 0.18642076949813263	 -1.3232421875	 -1.184326171875	 -1.178955078125	 0.83318543	 0.51093847	 -0.16636434	 0.13064073	 14.571965	 -16.525885	 -16.605318	Scatto 30m	5	Braccio
162	 3314373706	 0.9986887684357603	 -0.024001708185561466	 -0.02864316867204442	 0.03498900817205913	 0.17063195851970342	 -0.28287796404729215	 0.20826390479547613	 -1.38037109375	 -1.155029296875	 -1.200439453125	 0.83496875	 0.48860392	 -0.21102206	 0.13986933	 14.117619	 -18.224806	 -14.005983	Scatto 30m	5	Braccio
163	 3314390373	 0.9987941470042276	 -0.0028823577254974628	 -0.031536579326698296	 0.0375151714431731	 0.056644497035403266	 -0.4518012820691844	 0.17290943077803697	 -1.440673828125	 -1.119873046875	 -1.18017578125	 0.82350034	 0.48220927	 -0.25602764	 0.1541794	 12.682243	 -22.108322	 -24.109085	Scatto 30m	5	Braccio
165	 3314423707	 0.9888694195407903	 0.06776457916692558	 -0.05703710842524956	 0.11954915796389438	 0.6705564430090961	 -0.7678982739558227	 0.2919979445280547	 -1.589111328125	 -0.956787109375	 -1.01611328125	 0.7490941	 0.5099924	 -0.34779882	 0.24042064	 32.676216	 -13.497916	 -1.2297564	Scatto 30m	5	Braccio
166	 3314440374	 0.9954578193260587	 0.05727128593065772	 -0.014371152341218081	 0.07468065164982379	 0.7450822729348776	 -0.1977969181379977	 -0.003054989833036509	 -1.67529296875	 -0.8056640625	 -0.905517578125	 0.6936722	 0.52721226	 -0.38160887	 0.30861127	 37.131813	 -3.7810624	 17.504978	Scatto 30m	5	Braccio
167	 3314457041	 0.9962561236570675	 0.05507631413031322	 -0.014560298763632714	 0.06502563646383304	 0.8298277588448908	 -0.11985709938823468	 -0.09099604903694272	 -1.728759765625	 -0.64892578125	 -0.82958984375	 0.63623685	 0.5420868	 -0.40798938	 0.36727312	 32.651375	 4.9077253	 28.531242	Scatto 30m	5	Braccio
168	 3314473708	 0.9971259673676943	 0.048789685781369996	 -0.015362312043330608	 0.0558871284919719	 0.8078704164996543	 0.1406320446298718	 -0.18135638663205783	 -1.7548828125	 -0.5	 -0.766845703125	 0.58058554	 0.55329233	 -0.42946276	 0.4151503	 12.543401	 13.349552	 37.127922	Scatto 30m	5	Braccio
169	 3314490375	 0.9984132380991263	 0.018600057492858924	 -0.016681962569079695	 0.050465393831055146	 0.7667680737104565	 0.37947902441883885	 -0.23781023136111484	 -1.75390625	 -0.37646484375	 -0.723876953125	 0.54034054	 0.5475541	 -0.45912772	 0.44431782	 -8.44789	 15.670137	 40.40329	Scatto 30m	5	Braccio
170	 3314507042	 0.999128438293961	 0.009717177283219636	 -0.012343493174832786	 0.03867270916499016	 0.5966534210101727	 0.257124015654966	 -0.03777011960463403	 -1.744873046875	 -0.28857421875	 -0.7001953125	 0.51068157	 0.53957987	 -0.48255104	 0.46389917	 -8.824562	 1.596199	 28.189903	Scatto 30m	5	Braccio
171	 3314523709	 0.9989358934102718	 0.04107754954542436	 -0.008264239168400718	 0.01927221136592192	 0.34619499405985565	 0.10359499620159891	 0.14650875947438513	 -1.733154296875	 -0.21142578125	 -0.683349609375	 0.47422573	 0.55421543	 -0.47758687	 0.4897612	 -4.07118	 -9.806854	 11.03471	Scatto 30m	5	Braccio
172	 3314540376	 0.9984636202914448	 0.05206066310079471	 0.01887291987196159	 0.0019746411100878825	 0.1109211719068314	 0.41592185212913313	 0.0017373911331568723	 -1.73876953125	 -0.137939453125	 -0.711181640625	 0.45225	 0.5674825	 -0.44311368	 0.5263879	 -24.405846	 -2.879954	 -1.8710294	Scatto 30m	5	Braccio
173	 3314557043	 0.999039434223313	 0.027077375018709715	 0.03394858391925348	 -0.005875225845532906	 -0.11731503914466075	 0.3102065378664093	 0.029882491544443182	 -1.774169921875	 -0.111083984375	 -0.778564453125	 0.4546406	 0.56380236	 -0.40895194	 0.5551461	 -18.217934	 -5.2774916	 -16.091991	Scatto 30m	5	Braccio
174	 3314573710	 0.9995239390455034	 0.012094576379693633	 0.02818894755832058	 -0.0033165844947534717	 -0.07452720835152826	 0.2993620264876444	 -0.14004163813273837	 -1.80322265625	 -0.105712890625	 -0.83935546875	 0.46144864	 0.5547927	 -0.38630447	 0.57449037	 -19.69619	 3.386505	 -13.5301	Scatto 30m	5	Braccio
175	 3314590377	 0.9998063922545127	 0.0028556442333796395	 0.01905562650161333	 -0.003988283046482217	 0.13485932120899313	 0.2858940047012266	 -0.24251888164194935	 -1.818115234375	 -0.1044921875	 -0.88525390625	 0.47010955	 0.54698735	 -0.37236965	 0.5840743	 -20.212404	 10.010983	 -1.8981671	Scatto 30m	5	Braccio
176	 3314607044	 0.9997578642071833	 -0.00593590491889856	 0.013070937439759596	 -0.016677187506624003	 0.22304501885712652	 0.0803839054604643	 -0.16256400782023453	 -1.835205078125	 -0.133056640625	 -0.914306640625	 0.48861292	 0.5434395	 -0.35920957	 0.5804304	 -6.8958654	 9.815697	 2.5806952	Scatto 30m	5	Braccio
177	 3314623711	 0.9996913496938432	 0.001627802092051267	 0.0030299041907475843	 -0.024604375388252223	 0.08797288099790142	 0.021443447423245318	 -0.067211457948719	 -1.845947265625	 -0.181396484375	 -0.927490234375	 0.5036224	 0.55215174	 -0.3421174	 0.569604	 -2.000984	 4.41898	 -5.096	Scatto 30m	5	Braccio
178	 3314640378	 0.9996573656755833	 0.00606477654967541	 0.008562255886980593	 -0.023980356754679383	 -0.00758877178094744	 0.15900638750221205	 -0.07639820715792148	 -1.8515625	 -0.224853515625	 -0.939208984375	 0.51730365	 0.55940855	 -0.3198587	 0.5631603	 -10.435289	 1.7779245	 -9.384001	Scatto 30m	5	Braccio
179	 3314657045	 0.9995355812353696	 -0.004948189311057172	 0.009099784087088449	 -0.028658876401253617	 -0.08675247863100854	 0.24979824514397422	 -0.1082148625203945	 -1.861572265625	 -0.27587890625	 -0.96240234375	 0.5395408	 0.5618252	 -0.30051443	 0.55039936	 -16.87888	 1.0248603	 -12.629433	Scatto 30m	5	Braccio
183	 3314723713	 0.9853977398579933	 -0.09710236061987987	 -0.03027769426487623	 -0.13654921118339766	 1.716861053385391	 0.8748023886898916	 -0.4461335336756865	 -1.79541015625	 -0.6025390625	 -0.94140625	 0.6547544	 0.5653394	 -0.28234303	 0.41469353	 6.0349555	 8.251957	 29.897812	Scatto 30m	5	Braccio
184	 3314740380	 0.9974882401319144	 -0.06300435608696514	 -0.007169956594835381	 -0.03156348578708096	 0.40681508582733894	 0.16022452224279884	 0.00951865082074016	 -1.76611328125	 -0.69482421875	 -0.978515625	 0.7000209	 0.53662664	 -0.2931507	 0.3688704	 3.9557304	 5.0270066	 15.635439	Scatto 30m	5	Braccio
185	 3314757047	 0.9980742874685334	 -0.05741969684842452	 -0.006910710155258709	 -0.022426261239096443	 0.10651804259683956	 0.008702413750137115	 0.02573275425781186	 -1.737548828125	 -0.77685546875	 -1.02392578125	 0.73583466	 0.5066182	 -0.3052653	 0.32969496	 3.1112297	 -0.13509816	 -3.997911	Scatto 30m	5	Braccio
188	 3314807048	 0.9973940944355083	 -0.06971269261974686	 -0.01193238183812176	 -0.014240053951669635	 0.3831443924248471	 -0.9316234133934516	 0.35091513040258837	 -1.711669921875	 -0.841796875	 -1.088134765625	 0.77026266	 0.46738893	 -0.32656544	 0.2856543	 12.367849	 -10.643262	 -12.991428	Scatto 30m	5	Braccio
189	 3314823715	 0.9999623015132636	 -0.005677378997132637	 0.00656521570258739	 2.467038677263778E-4	 -0.1499877614232935	 -0.15973274219918424	 -9.187531441335467E-5	 -1.707275390625	 -0.845703125	 -1.118408203125	 0.77488106	 0.46205956	 -0.32299966	 0.28588766	 1.5454906	 -5.0403333	 -21.85622	Scatto 30m	5	Braccio
190	 3314840382	 0.9999407080441255	 0.0038715330539836057	 0.006250901153133593	 0.008032301214388325	 -0.2402253929557503	 -0.24024776304083673	 0.013693517175160853	 -1.718994140625	 -0.8388671875	 -1.118896484375	 0.7727545	 0.4615596	 -0.32049984	 0.29511526	 1.4646312	 -8.730875	 -28.192535	Scatto 30m	5	Braccio
191	 3314857049	 0.9998669357160868	 -0.011949526209119349	 0.00577116957921825	 0.009487533229896658	 0.03721203573375331	 -0.25635872978073654	 0.06305457537659395	 -1.72802734375	 -0.81884765625	 -1.1357421875	 0.7773181	 0.448257	 -0.32361427	 0.30019358	 12.114654	 -9.205975	 -14.748666	Scatto 30m	5	Braccio
192	 3314873716	 0.9993711520590147	 -0.03261307025249645	 0.010553331942668167	 0.00907277608293975	 0.29901910090440514	 -0.10470585249262294	 0.12196881928862227	 -1.741943359375	 -0.809814453125	 -1.18212890625	 0.7922441	 0.41701546	 -0.3289667	 0.3003804	 13.9713	 -5.9611	 3.7563295	Scatto 30m	5	Braccio
193	 3314890383	 0.9993436798168678	 -0.03388418981836237	 0.010316045443799104	 0.007592792426793727	 0.26473660224259793	 -0.061186902732357995	 0.13933524178469275	 -1.751953125	 -0.797607421875	 -1.24951171875	 0.8070009	 0.38461053	 -0.33411756	 0.29864675	 10.04206	 -5.6844163	 4.418353	Scatto 30m	5	Braccio
194	 3314907050	 0.9996660275469713	 -0.025009130174527133	 0.005935260684437783	 0.0026738468503975515	 0.07686756896336253	 -0.1131640294473436	 0.14193888520204465	 -1.75732421875	 -0.792236328125	 -1.28759765625	 0.81751305	 0.3618029	 -0.33811343	 0.29402483	 5.131971	 -9.509214	 -5.001907	Scatto 30m	5	Braccio
195	 3314923717	 0.999855621774739	 -0.01534406528058952	 0.006192282359918756	 0.0038666400517857057	 -0.0426413442930544	 -0.11169726685284113	 0.13829092429187248	 -1.7607421875	 -0.78759765625	 -1.316650390625	 0.8239167	 0.34605563	 -0.33937484	 0.29365242	 0.5121522	 -10.950589	 -10.151812	Scatto 30m	5	Braccio
197	 3314957051	 0.9974831095504317	 0.050320105897166546	 0.02410740818524937	 0.04375118255189368	 -0.0607675095775756	 -0.429542981967647	 0.24771587833163147	 -1.79296875	 -0.71875	 -1.3330078125	 0.80029595	 0.36397076	 -0.31951496	 0.35349983	 10.565273	 -11.60906	 -9.011231	Scatto 30m	5	Braccio
198	 3314973718	 0.9979681051781162	 0.05244015332060338	 0.012175289681518821	 0.034080106925936854	 0.27740584556524095	 -0.1073063565778911	 0.07707994793146068	 -1.82275390625	 -0.662109375	 -1.298828125	 0.7719391	 0.3891912	 -0.30301353	 0.4010278	 13.012746	 -1.2661095	 3.1848688	Scatto 30m	5	Braccio
199	 3314990385	 0.99769550697083	 0.051426057804173586	 0.0024737682975343183	 0.04419181394048561	 0.8349011648780198	 0.061557499272622135	 0.10510813513658535	 -1.84814453125	 -0.58349609375	 -1.27734375	 0.7337192	 0.41268334	 -0.2969896	 0.4507171	 20.483437	 15.422455	 33.837128	Scatto 30m	5	Braccio
200	 3315007052	 0.9985812731681766	 0.036536507969876286	 0.0035957930945018095	 0.03856934968614581	 0.9038831196906334	 0.305515583088214	 0.09658018718428607	 -1.876708984375	 -0.496826171875	 -1.254638671875	 0.7015802	 0.42499256	 -0.2936913	 0.4908278	 5.4007373	 22.295113	 42.954594	Scatto 30m	5	Braccio
201	 3315023719	 0.9996536993891664	 -0.001519416411454727	 -0.005012330261048581	 0.02578854816923554	 0.49149728349073374	 0.34456091802951605	 0.11613623697622763	 -1.89208984375	 -0.43701171875	 -1.24072265625	 0.68787605	 0.418206	 -0.30934498	 0.50619775	 -9.329384	 10.073027	 24.203354	Scatto 30m	5	Braccio
202	 3315040386	 0.9998585185598233	 -8.980061277154006E-4	 0.004255935357293795	 0.016248798804360615	 0.3213379596093392	 0.2336799437588505	 0.20482171075018002	 -1.892578125	 -0.402099609375	 -1.2470703125	 0.6812564	 0.41023746	 -0.31405777	 0.51861614	 -7.8097143	 -0.5302952	 15.839451	Scatto 30m	5	Braccio
203	 3315057053	 0.9991837656906863	 0.03410040795079128	 -0.005561848472033727	 0.020929175792259867	 0.22879845627026457	 -0.026995320256178665	 0.1836272367343534	 -1.8994140625	 -0.3564453125	 -1.23486328125	 0.6542415	 0.42944714	 -0.30869344	 0.540603	 5.11643	 -3.771752	 6.682148	Scatto 30m	5	Braccio
204	 3315073720	 0.998422959587429	 0.05270633552878767	 -0.0032235728160559534	 0.019058975368719505	 0.27591915487994106	 0.08796744415244534	 0.08131992036374175	 -1.9013671875	 -0.3125	 -1.2158203125	 0.6194896	 0.45897725	 -0.29007387	 0.566948	 -1.1788815	 3.2145395	 7.906849	Scatto 30m	5	Braccio
205	 3315090387	 0.9980614893555335	 0.05946980335671104	 0.004405014919801553	 0.017810159956744374	 0.14599360944429837	 0.26897896429607865	 0.051054900749352136	 -1.90234375	 -0.265380859375	 -1.217041015625	 0.5824629	 0.48716882	 -0.26114795	 0.5959911	 -13.5279	 0.040926564	 2.9754753	Scatto 30m	5	Braccio
206	 3315107054	 0.9993031221458055	 0.03488046923470561	 0.011255038129831143	 0.007067322852972929	 -0.017093647992915115	 0.32846230143573474	 -0.010703682651676615	 -1.906005859375	 -0.2392578125	 -1.236083984375	 0.564276	 0.49866384	 -0.23664807	 0.6139421	 -19.040638	 -3.5364475	 -5.966046	Scatto 30m	5	Braccio
207	 3315123721	 0.9998399447659072	 -5.775833567347455E-4	 0.01788088998499993	 -1.5818128219918795E-4	 -0.15800074057730717	 0.35451386253830447	 -0.056588453875658265	 -1.903076171875	 -0.236083984375	 -1.27197265625	 0.5695148	 0.48761302	 -0.22602183	 0.62193316	 -22.194263	 -6.7845488	 -13.712133	Scatto 30m	5	Braccio
208	 3315140388	 0.9993154930402373	 -0.028846811408931416	 0.023100486861245	 -0.0016656374331165125	 -0.14058039852371568	 0.3070509698895705	 -0.0927475393628499	 -1.900390625	 -0.23681640625	 -1.3203125	 0.59040874	 0.4574025	 -0.22868343	 0.6244233	 -20.100197	 -4.058043	 -14.398761	Scatto 30m	5	Braccio
209	 3315157055	 0.9986675499524379	 -0.045523310806893424	 0.023910032465935205	 -0.004366141620705922	 0.0341959560754591	 0.18064241200099238	 -0.11525204250510526	 -1.896728515625	 -0.239013671875	 -1.371337890625	 0.6197694	 0.41678438	 -0.23925285	 0.6204311	 -12.10373	 4.645703	 -8.624617	Scatto 30m	5	Braccio
210	 3315173722	 0.9984786806352346	 -0.04929275323681656	 0.021155609804754064	 -0.012766713321934547	 0.20720798981329797	 0.05827628861916119	 -0.14055377023336368	 -1.891845703125	 -0.24365234375	 -1.417724609375	 0.6534948	 0.37658504	 -0.24958248	 0.6073196	 -3.8006947	 13.539207	 -3.4756312	Scatto 30m	5	Braccio
211	 3315190389	 0.9987881270620386	 -0.038638180234943253	 0.021692232239556578	 -0.02141997498836568	 0.10443611724860738	 0.004161426102389768	 -0.1250492043224431	 -1.886962890625	 -0.27392578125	 -1.46630859375	 0.6866668	 0.34438473	 -0.24927214	 0.58970445	 -0.3660129	 9.757663	 -9.299322	Scatto 30m	5	Braccio
212	 3315207056	 0.9990160183036679	 -0.031798903569311726	 0.01563991632755896	 -0.026668669290797864	 -3.240779249695444E-4	 -0.0020069905448308646	 -0.12411444034168154	 -1.873779296875	 -0.31298828125	 -1.50634765625	 0.7174281	 0.32112384	 -0.24682382	 0.56679314	 -0.36787248	 5.690949	 -14.602964	Scatto 30m	5	Braccio
213	 3315223723	 0.9991501051185327	 -0.027912869852281502	 0.009335680521639023	 -0.02885800075251996	 -0.011998790125256988	 7.318039751072584E-4	 -0.13012508092349165	 -1.864013671875	 -0.353271484375	 -1.537109375	 0.74522567	 0.30422005	 -0.24556918	 0.54017115	 -0.29796278	 5.3190355	 -15.56492	Scatto 30m	5	Braccio
214	 3315240390	 0.9993421007290177	 -0.01927735077854853	 -0.00269081637894969	 -0.030602433966751358	 0.017575773106592484	 -0.02993074273139474	 -0.14810528910855675	 -1.856201171875	 -0.406494140625	 -1.54296875	 0.76716304	 0.30025238	 -0.2477215	 0.5098467	 2.3496182	 6.666375	 -15.587223	Scatto 30m	5	Braccio
215	 3315257057	 0.9992835109393786	 -0.021308697774429855	 -0.005915838210860448	 -0.030714931582044167	 0.06690333614043296	 -0.02830596799781969	 -0.18208835325594694	 -1.850341796875	 -0.45703125	 -1.541748046875	 0.78777784	 0.2960145	 -0.2530706	 0.47721803	 3.816474	 9.832301	 -15.021027	Scatto 30m	5	Braccio
216	 3315273724	 0.9991723980940803	 -0.027072763582862744	 -0.004250477796534536	 -0.03005857277736987	 0.039454628600155854	 0.12243951433128827	 -0.06409170665831514	 -1.837890625	 -0.501953125	 -1.542236328125	 0.8088348	 0.28590605	 -0.25977093	 0.44335425	 -5.192904	 6.858145	 -9.213206	Scatto 30m	5	Braccio
217	 3315290391	 0.9987893752264896	 -0.0431134460893268	 -0.0023057504102153574	 -0.02357325213090683	 0.07446440402824375	 0.33286270605282514	 0.10593793049938975	 -1.824462890625	 -0.53466796875	 -1.560302734375	 0.8304368	 0.25983703	 -0.27322164	 0.4101334	 -16.227903	 6.9698496	 2.3226042	Scatto 30m	5	Braccio
221	 3315357059	 0.9770790075799196	 -0.1315423019810118	 -0.1005360215474344	 -0.13381234661864957	 1.7063635637058323	 -0.358953133825564	 1.7450736671387996	 -1.775634765625	 -0.7109375	 -1.489990234375	 0.87363344	 0.23111922	 -0.36755297	 0.219666	 -0.73552436	 -26.728153	 1.8500872	Scatto 30m	5	Braccio
222	 3315373726	 0.9986824212825763	 0.043664659950070406	 -0.014222744207782053	 -0.022902673202389312	 -0.09111869966276169	 -0.21474171725309266	 0.23220330455478294	 -1.749267578125	 -0.77734375	 -1.4326171875	 0.86205846	 0.28182256	 -0.3647386	 0.21070643	 -3.8573678	 -19.310843	 -8.33221	Scatto 30m	5	Braccio
223	 3315390393	 0.9990365402120795	 0.03941629008200201	 -0.018681966869370323	 -0.0048302702969039305	 0.07933834165668618	 -0.26077290577143386	 0.00997973331011864	 -1.74609375	 -0.80224609375	 -1.343994140625	 0.84434986	 0.32216865	 -0.37069497	 0.21416353	 11.667747	 -11.402463	 -11.097667	Scatto 30m	5	Braccio
224	 3315407060	 0.9993743354014054	 0.028516506031718084	 -0.017957151821476423	 -0.010737193450924526	 0.15891770668232996	 -0.1922104468807024	 0.013471256128223547	 -1.735107421875	 -0.820556640625	 -1.279541015625	 0.8302857	 0.35454017	 -0.3760219	 0.20864941	 12.56936	 -7.4727254	 -6.5356402	Scatto 30m	5	Braccio
225	 3315423727	 0.9990281139377355	 0.034345240185935606	 -0.018859782563261627	 -0.02018763582611774	 0.07572971137577073	 -0.06630728651126676	 0.0013742422782787	 -1.71826171875	 -0.850341796875	 -1.201904296875	 0.8143632	 0.39472905	 -0.3770832	 0.19700232	 5.2610793	 -2.3269875	 -7.9724007	Scatto 30m	5	Braccio
226	 3315440394	 0.9995144876498198	 0.020097800737998616	 -0.01577664932211839	 -0.017831565264465905	 0.09832374596869303	 -0.06230455416851844	 0.027282272306784493	 -1.69140625	 -0.8798828125	 -1.14501953125	 0.8034995	 0.421196	 -0.37884614	 0.1829162	 5.320679	 -3.4369957	 -6.4461594	Scatto 30m	5	Braccio
227	 3315457061	 0.9997170419828786	 0.01030159155463	 -0.012979627024658132	 -0.01706582733844717	 0.10942698058847326	 -0.1416305901376582	 0.04332725307814815	 -1.66455078125	 -0.901611328125	 -1.106689453125	 0.7970086	 0.43859667	 -0.3802308	 0.16683859	 8.267595	 -7.1962214	 -8.422051	Scatto 30m	5	Braccio
228	 3315473728	 0.9998087753177693	 0.008197603110472462	 -0.007376104680696328	 -0.016149463785670733	 0.02585177969549814	 -0.18447114048900165	 0.037406817094673944	 -1.639892578125	 -0.92578125	 -1.08056640625	 0.7930015	 0.4527023	 -0.37780088	 0.15321885	 6.6299896	 -8.158841	 -14.219028	Scatto 30m	5	Braccio
229	 3315490395	 0.9998884184968334	 0.011049127027594356	 -0.001612855892471149	 -0.009923005779476092	 -0.06465825651216836	 -0.16170832322605114	 0.07515646803908527	 -1.619873046875	 -0.941650390625	 -1.06201171875	 0.7887012	 0.4655521	 -0.37312737	 0.14828321	 1.0277575	 -8.660955	 -17.124317	Scatto 30m	5	Braccio
230	 3315507062	 0.999764538215051	 0.02154264031169506	 0.0021010454143548522	 0.0015389555593538547	 -0.07812598946211305	 -0.1442323187181457	 0.11054151941167419	 -1.620849609375	 -0.93798828125	 -1.042236328125	 0.77902603	 0.48156017	 -0.3691094	 0.15804051	 -1.1179063	 -9.61046	 -16.68505	Scatto 30m	5	Braccio
231	 3315523729	 0.9993453654485602	 0.033777623157984576	 0.004503224880738206	 0.012150460730127538	 -0.024817699612102107	 -0.13950002016465443	 0.10936537654350223	 -1.63134765625	 -0.907958984375	 -1.002197265625	 0.76213735	 0.50224453	 -0.36592588	 0.1816467	 1.2624453	 -9.608673	 -14.440143	Scatto 30m	5	Braccio
232	 3315540396	 0.998998527101859	 0.03955562401204327	 0.00702028551774997	 0.01969799605502008	 0.019388681187138445	 -0.1240023752084104	 0.0761765983741658	 -1.65966796875	 -0.858642578125	 -0.9697265625	 0.7408073	 0.52316445	 -0.36281517	 0.21417016	 3.8610575	 -7.415933	 -12.586706	Scatto 30m	5	Braccio
233	 3315557063	 0.9988084278056053	 0.040541916097111635	 0.011755303011098228	 0.02449266083517659	 0.050227898500784185	 -0.10618399839975401	 0.0522853722731961	 -1.6923828125	 -0.796142578125	 -0.9326171875	 0.71817315	 0.5408398	 -0.35757023	 0.25271174	 5.40286	 -5.409259	 -10.842652	Scatto 30m	5	Braccio
234	 3315573730	 0.9983542889411967	 0.05155415293725574	 0.009676440338547367	 0.023178644697527062	 0.07812834533533218	 -0.0028380993041690335	 0.057291162779262286	 -1.722412109375	 -0.721435546875	 -0.902099609375	 0.687268	 0.56584	 -0.3491916	 0.29249486	 2.1826353	 -3.437824	 -5.6610007	Scatto 30m	5	Braccio
235	 3315590397	 0.9971789884548155	 0.06728823696530747	 0.010363949008501546	 0.031606118257085265	 0.406917780933294	 0.19537371639377485	 -0.11138283964716081	 -1.751220703125	 -0.625244140625	 -0.86376953125	 0.6423197	 0.59602207	 -0.3387212	 0.3427117	 5.873338	 9.02806	 15.919079	Scatto 30m	5	Braccio
236	 3315607064	 0.9962602714992006	 0.062393219940710565	 0.0332598508933249	 0.049662257865738094	 0.9753438365579202	 0.47715287985455057	 -0.34421406358456647	 -1.799072265625	 -0.488525390625	 -0.871337890625	 0.59762186	 0.60537237	 -0.32362908	 0.4142908	 7.5727334	 24.491074	 53.539482	Scatto 30m	5	Braccio
237	 3315623731	 0.99804735449579	 0.046364005063023794	 0.019063834302005367	 0.03726160812654921	 0.5855362175763985	 0.3012666739845648	 -0.2765689815764413	 -1.83349609375	 -0.370849609375	 -0.91015625	 0.55950695	 0.6119016	 -0.31438324	 0.4622681	 -2.3315423	 18.778015	 28.635162	Scatto 30m	5	Braccio
238	 3315640398	 0.9986729714231557	 0.04271244110743205	 0.0015157517168598868	 0.028734056800625726	 0.45624684806061366	 0.3782117625237096	 -0.19718407230981466	 -1.842041015625	 -0.27490234375	 -0.908935546875	 0.5200523	 0.6254538	 -0.31038743	 0.49194804	 -12.82191	 11.197677	 23.570702	Scatto 30m	5	Braccio
239	 3315657065	 0.9998336065504989	 0.007427266583982184	 -0.006722354182652852	 0.015244831175038083	 0.3685315631081286	 0.44754519096552847	 -0.09971542314490622	 -1.8369140625	 -0.222900390625	 -0.89794921875	 0.5059337	 0.62824994	 -0.31902522	 0.49755034	 -18.824816	 1.3053881	 20.015118	Scatto 30m	5	Braccio
240	 3315673732	 0.999460175079888	 -0.030726865287152794	 -0.006644088719557546	 0.00954328371113633	 0.2678619840034884	 0.2602676971187936	 -0.014855509880863788	 -1.83251953125	 -0.216552734375	 -0.88232421875	 0.5184026	 0.613332	 -0.34261793	 0.48754057	 -9.569525	 -1.9378519	 10.375914	Scatto 30m	5	Braccio
241	 3315690399	 0.9993720279728359	 -0.035169856105769615	 -0.0032119747079935868	 0.0028834259893469887	 0.16154632856082018	 0.09788103719134897	 0.09422320829992646	 -1.826904296875	 -0.237548828125	 -0.87353515625	 0.5375112	 0.59611773	 -0.36202896	 0.47398347	 -1.2615302	 -5.9909134	 1.2738752	Scatto 30m	5	Braccio
242	 3315707066	 0.9998890478983085	 -0.014502810502476926	 -7.29957178561197E-4	 -0.003320774467044152	 0.01860690480422622	 -0.011299691711527176	 0.11783272741803479	 -1.828369140625	 -0.2568359375	 -0.8701171875	 0.5478201	 0.5906098	 -0.3662947	 0.4657271	 2.204039	 -6.760358	 -8.750354	Scatto 30m	5	Braccio
243	 3315723733	 0.9999599645846015	 0.0056741074434937255	 0.001589138844420607	 -0.0067341198694168	 -0.09705443367029007	 -0.02226556726732026	 0.09693165414340166	 -1.826904296875	 -0.270263671875	 -0.87060546875	 0.5486248	 0.5961419	 -0.3577883	 0.4643418	 0.3948784	 -6.028949	 -15.558343	Scatto 30m	5	Braccio
244	 3315740400	 0.9997484263204455	 0.021523251844793867	 0.004453651981864482	 -0.004471988801758114	 -0.18920823427000244	 0.006059554418531451	 0.06413667049893482	 -1.830078125	 -0.2666015625	 -0.878173828125	 0.5398605	 0.6079822	 -0.341534	 0.4714475	 -3.263581	 -4.800889	 -20.30663	Scatto 30m	5	Braccio
245	 3315757067	 0.9993744058750571	 0.03489357546108751	 0.005488009956010537	 -0.0017655084652908606	 -0.20571116318342125	 7.877903552239232E-4	 -0.0012914566427687096	 -1.83349609375	 -0.24609375	 -0.8916015625	 0.52165526	 0.6250756	 -0.3196655	 0.4847375	 -4.030643	 -1.1044682	 -21.426632	Scatto 30m	5	Braccio
246	 3315773734	 0.9996909877739937	 0.02363692445107185	 0.006993162782058222	 -0.0032125442027823303	 -0.07470136895495627	 0.0400551087157861	 -0.1733396997522496	 -1.838134765625	 -0.229248046875	 -0.899169921875	 0.5112131	 0.63548195	 -0.30118644	 0.49407554	 -6.468958	 8.921044	 -13.362118	Scatto 30m	5	Braccio
247	 3315790401	 0.9996238749124329	 -0.02084377778163987	 0.017488438805011112	 -0.00343513333159351	 0.06935853894666591	 0.0952326434454153	 -0.2744528884856667	 -1.845703125	 -0.240234375	 -0.931640625	 0.53187203	 0.617753	 -0.29898542	 0.49608603	 -8.969967	 14.423275	 -4.098492	Scatto 30m	5	Braccio
248	 3315807068	 0.9989460894910043	 -0.04465048657467413	 0.010264692417616435	 -0.0027713586644428634	 0.0842027761731427	 0.08053257998636547	 -0.10958251999004633	 -1.857421875	 -0.27294921875	 -0.970458984375	 0.56386477	 0.5901077	 -0.31246898	 0.48599663	 -4.6103997	 5.8373685	 -3.7491908	Scatto 30m	5	Braccio
249	 3315823735	 0.9986084238425822	 -0.05254390196725628	 -0.003798548455911044	 -0.0024341787767679928	 0.18911078955807126	 0.02072796695427805	 -0.07791384260080181	 -1.858642578125	 -0.307373046875	 -0.96240234375	 0.5945498	 0.56342167	 -0.33715105	 0.4641078	 1.6005421	 6.356419	 0.6368551	Scatto 30m	5	Braccio
250	 3315840402	 0.9987687667033083	 -0.04667076977687479	 -0.016778026648378717	 -0.0011347811122247309	 0.3618726791308884	 -0.013400721510734487	 0.0015961359263790414	 -1.849853515625	 -0.340087890625	 -0.94775390625	 0.6153398	 0.54439694	 -0.366749	 0.43644497	 8.190396	 3.6897979	 9.969547	Scatto 30m	5	Braccio
251	 3315857069	 0.9982826250946262	 -0.03584554344881852	 -0.045865423670144796	 0.0065772608735731606	 0.6300041586940763	 0.05219853808693904	 0.049847991965778195	 -1.82470703125	 -0.3603515625	 -0.87353515625	 0.6143102	 0.54027873	 -0.41274884	 0.4004502	 10.370066	 2.321654	 26.7205	Scatto 30m	5	Braccio
252	 3315873736	 0.998203768784923	 -0.01987305036416792	 -0.05501616148813438	 0.012942945101897058	 0.6093867305909219	 0.13182202100589402	 0.11496194848130703	 -1.77880859375	 -0.364501953125	 -0.77392578125	 0.5960745	 0.5450597	 -0.46009102	 0.36867538	 4.434946	 -4.4346867	 27.705662	Scatto 30m	5	Braccio
253	 3315890403	 0.9989452121657426	 -0.017448553179148674	 -0.03812690654831771	 0.018717640880990236	 0.37494684033668346	 0.15411738118595064	 0.16631542712389774	 -1.730712890625	 -0.34765625	 -0.69091796875	 0.58047867	 0.5407763	 -0.49833176	 0.34967288	 -3.3176565	 -10.030998	 14.260273	Scatto 30m	5	Braccio
254	 3315907070	 0.9996267907021327	 -0.017600062268182726	 -0.015222001924957646	 0.014311106739426649	 0.16342816552160142	 0.15972041409276838	 0.12258902682764959	 -1.715087890625	 -0.34375	 -0.665283203125	 0.5772348	 0.52976596	 -0.520151	 0.33998692	 -7.994428	 -6.849583	 1.6434088	Scatto 30m	5	Braccio
255	 3315923737	 0.9999152271899013	 -0.006688849789640572	 -0.009650723357397266	 0.005626834006667276	 0.1466464934103491	 0.033620522864054994	 0.09228686113580233	 -1.702880859375	 -0.338623046875	 -0.6484375	 0.5739428	 0.5274414	 -0.53009325	 0.33376142	 -1.2305249	 -6.3180256	 -1.4038601	Scatto 30m	5	Braccio
256	 3315940404	 0.9999714336292141	 0.0023370372194563838	 -0.0026644852154179143	 -0.00667612920080371	 0.2370232579244033	 -0.05211034076673583	 0.03177002386696234	 -1.691650390625	 -0.3427734375	 -0.638671875	 0.5737017	 0.5343641	 -0.5264236	 0.32893723	 5.518447	 -5.0151825	 2.8387165	Scatto 30m	5	Braccio
258	 3315973738	 0.9994447445258139	 -0.013127250900801912	 0.008980828933513972	 -0.029278364626206255	 0.4586156853819105	 -0.18265794485917808	 0.058403022147199016	 -1.697509765625	 -0.39794921875	 -0.653076171875	 0.5950826	 0.5410375	 -0.5079565	 0.30844045	 9.257953	 -6.0826564	 1.9032965	Scatto 30m	5	Braccio
259	 3315990405	 0.9994105523298036	 -0.02588591547692387	 0.0034283444980465695	 -0.022287075307481034	 0.21768609297108912	 -0.11321345352465613	 0.0715714841535504	 -1.6923828125	 -0.46044921875	 -0.668701171875	 0.61745316	 0.53644	 -0.5008325	 0.283109	 8.893643	 -8.008362	 -0.22445297	Scatto 30m	5	Braccio
260	 3316007072	 0.9992499672794959	 -0.029344418150265728	 0.0029978342169318804	 -0.02508826429541683	 0.1430632161324917	 -0.10343574627000213	 0.0991592669031191	 -1.688720703125	 -0.53466796875	 -0.68798828125	 0.64139307	 0.5303656	 -0.49286446	 0.25379494	 6.5289855	 -8.871619	 -4.689827	Scatto 30m	5	Braccio
261	 3316023739	 0.999436613596426	 -0.021188688083941976	 0.0036419729247761934	 -0.025772678041001407	 0.09159995910810348	 -0.11966508845118645	 0.11187758475944964	 -1.675048828125	 -0.603759765625	 -0.70947265625	 0.6606439	 0.5288613	 -0.48146603	 0.22813573	 5.770151	 -9.543191	 -8.250374	Scatto 30m	5	Braccio
