2	 3340418148	 0.9927483248379328	 0.04799489748288707	 0.03818989389051917	 0.10338658206806228	 1.3419473666305783	 -0.3201920291274215	 0.0676132473629863	 -1.733154296875	 -0.301513671875	 -1.853759765625	 -0.22940366	 -0.119190164	 -0.17798	 -0.9494688	 -47.167694	 67.57628	 -1.0428791	Scatto 30m	5	Braccio
3	 3340434815	 0.9944109224723077	 0.059074397472793444	 0.058727059804431166	 0.0648711436443601	 1.4197760070229326	 -0.010293370641032529	 -0.17411135443189066	 -1.674072265625	 -0.23583984375	 -1.940673828125	 0.07490195	 -0.8784071	 0.02393102	 -0.47140035	 47.021698	 2.2975621	 61.9481	Scatto 30m	5	Braccio
4	 3340451482	 0.9953679274848588	 0.060946055473266175	 0.0674974984647611	 0.03118260665412592	 1.1837948021907962	 0.33454497535067146	 -0.27488234290071284	 -1.5869140625	 -0.254638671875	 -2.049560546875	 0.6230681	 -0.15573238	 0.2819754	 -0.71275777	 -6.537646	 -71.05994	 -34.859833	Scatto 30m	5	Braccio
5	 3340468149	 0.9953400414588733	 0.05357286574373671	 0.08016170947862916	 -0.0015000860361384929	 0.7668092225621936	 0.3578921715395935	 -0.2236453315384122	 -1.45703125	 -0.3310546875	 -2.149169921875	 0.6296629	 -0.3479814	 -0.5974409	 -0.35425723	 23.601791	 1.9620674	 37.05955	Scatto 30m	5	Braccio
6	 3340484816	 0.9955476049658989	 0.07094770671260406	 0.0586645541299849	 -0.020244980800559975	 0.6084098595107627	 0.08766148514094832	 -0.2058288084928715	 -1.33740234375	 -0.461669921875	 -2.203857421875	 -0.06809587	 -0.3654359	 -0.6489772	 -0.6638136	 -30.099302	 13.247674	 10.952644	Scatto 30m	5	Braccio
8	 3340518150	 0.9893674931390255	 0.10888736090546561	 0.08093735432447553	 -0.05238941524580609	 0.31061575643256467	 0.05757930044967867	 -0.7301271400116294	 -1.1337890625	 -0.709716796875	 -2.195556640625	 0.30476698	 -0.756192	 -0.4487054	 -0.36599758	 -7.8779306	 -17.292204	 4.5242786	Scatto 30m	5	Braccio
10	 3340551484	 0.9893909019509564	 0.11780707470166293	 -0.061725660070423134	 -0.0584557882145173	 -0.8381398867266824	 0.38308147977127655	 -0.9783536343917086	 -1.1318359375	 -0.91943359375	 -2.044677734375	 0.32426795	 -0.7215906	 -0.5772626	 -0.20230113	 -1.779358	 -48.369274	 -11.305447	Scatto 30m	5	Braccio
12	 3340584818	 0.9833072616008848	 0.12136545098393609	 -0.1194628569373863	 -0.06407715975909367	 0.36784790104134224	 0.7375108466634016	 -0.8531332686026651	 -1.18701171875	 -1.12890625	 -1.738525390625	 0.28122997	 -0.6907038	 -0.6656489	 -0.027381442	 30.185944	 10.0306425	 10.092068	Scatto 30m	5	Braccio
14	 3340618152	 0.9863767515788744	 0.014504354763172855	 -0.13762788663978323	 -0.08893307852918586	 0.819662978196728	 0.6389476143668357	 0.046746790040844394	 -1.13671875	 -1.193359375	 -1.62255859375	 0.18118778	 -0.6538489	 -0.7345884	 0.005715351	 24.395517	 26.087015	 0.6675663	Scatto 30m	5	Braccio
15	 3340634819	 0.9958265720601142	 8.667452961957922E-4	 -0.0712826505865067	 -0.0569865848858826	 0.48627827028004245	 0.4546355167949452	 -0.17945248538842234	 -1.072509765625	 -1.221435546875	 -1.58544921875	 0.12817436	 -0.62234735	 -0.7720994	 0.010850495	 27.613506	 27.818039	 3.4132671	Scatto 30m	5	Braccio
17	 3340668153	 0.980770955165237	 -0.029154633408834396	 -0.13754641831598274	 -0.13534889605574865	 1.121282005698609	 1.0027685452686592	 -0.14841477588873564	 -0.8916015625	 -1.241943359375	 -1.591064453125	 -0.005203643	 -0.5477179	 -0.83655226	 -0.012589937	 23.376562	 39.128498	 -1.702179	Scatto 30m	5	Braccio
19	 3340701487	 0.978577343621666	 -0.08234929496656163	 -0.1306559855731382	 -0.13613959601374606	 0.9763569566172801	 -0.02583519130904499	 0.211895596864135	 -0.70849609375	 -1.1552734375	 -1.773681640625	 -0.16345438	 -0.44983116	 -0.87496835	 -0.07324751	 -24.800037	 21.677174	 -20.264248	Scatto 30m	5	Braccio
22	 3340751488	 0.9816149490302277	 -0.03366273993287673	 -0.1542393236653329	 -0.10728067307700712	 -0.027677263733202947	 -0.8400629602336767	 0.8619152392988121	 -0.658203125	 -1.05419921875	 -1.91455078125	 -0.29043067	 -0.3189196	 -0.90094197	 -0.04737218	 -2.0871701	 -33.564198	 -25.798838	Scatto 30m	5	Braccio
26	 3340818156	 0.9576020827107508	 0.20389220954148166	 -0.05059452870590353	 0.19714566122882973	 0.5046975028819332	 -2.2250002184299684	 0.18817812832030342	 -1.049072265625	 -1.23828125	 -1.537841796875	 -0.27142006	 -0.48915315	 -0.8055268	 0.19541483	 -35.538445	 2.8097653	 -23.420807	Scatto 30m	5	Braccio
28	 3340851490	 0.9759419443692422	 0.023655263352571898	 0.06815090868066088	 0.2057503423630288	 1.4220932166046185	 -0.09734861979597281	 -0.09333047789049793	 -1.404052734375	 -1.1064453125	 -1.51416015625	 -0.22208346	 -0.6107673	 -0.74684536	 0.14094117	 -16.874584	 28.144026	 -34.362278	Scatto 30m	5	Braccio
32	 3340918158	 0.8932923641480289	 0.026174799751411182	 0.21659645911425804	 0.3929753248131036	 3.4685395137324257	 1.025357508173986	 0.1376251224000261	 -1.728759765625	 -0.462158203125	 -1.836181640625	 0.030556249	 -0.8272757	 -0.5528935	 -0.09481693	 27.90968	 63.534985	 -10.823534	Scatto 30m	5	Braccio
33	 3340934825	 0.9965563022626156	 0.02209603073247174	 0.06644867280170619	 0.044405807383988034	 1.1167878992294131	 0.4363804288826146	 -0.15130313291020597	 -1.668701171875	 -0.409423828125	 -1.93017578125	 0.12281619	 -0.83282095	 -0.51284385	 -0.16827483	 46.938683	 47.284298	 18.800005	Scatto 30m	5	Braccio
35	 3340968159	 0.9901074017140351	 0.06756899224213275	 0.12287923717675149	 0.00473892702248735	 1.8118151112133352	 0.5069916089435866	 -0.6625832866042423	 -1.49365234375	 -0.456298828125	 -2.102294921875	 0.27166525	 -0.778321	 -0.46267053	 -0.32611427	 20.057817	 11.022038	 31.774391	Scatto 30m	5	Braccio
37	 3341001493	 0.990326442506826	 0.11813169863206677	 0.06810365504766325	 -0.025696910694198053	 -0.2901898405029854	 0.14963283467069857	 -0.7960025392069092	 -1.3447265625	 -0.673828125	 -2.114501953125	 0.38048637	 -0.6908468	 -0.47884125	 -0.38558003	 -15.458374	 -35.62544	 -14.212668	Scatto 30m	5	Braccio
39	 3341034827	 0.9921936791370762	 0.08841363148129094	 -0.08377730294900694	 -0.026759976818251128	 -1.0318302273347544	 0.6798049698528172	 -1.46543707783936	 -1.4091796875	 -0.841552734375	 -1.947998046875	 0.36549357	 -0.68540514	 -0.5636271	 -0.28099594	 13.566144	 -54.233116	 -10.177868	Scatto 30m	5	Braccio
41	 3341068161	 0.9868480197882611	 0.09443724591667718	 -0.12199534249738231	 -0.0482672646066385	 0.6002898382814243	 0.7071463719776092	 -0.3329894524598822	 -1.48193359375	 -0.9990234375	 -1.663818359375	 0.30873954	 -0.67328894	 -0.6562512	 -0.1438627	 25.630936	 8.021477	 4.5506477	Scatto 30m	5	Braccio
42	 3341084828	 0.9951099617510447	 -0.02451243483514165	 -0.08491059415168463	 -0.0441077721393322	 0.610786823610185	 0.268849595821492	 -0.3308852075130997	 -1.4775390625	 -1.04296875	 -1.578125	 0.21764465	 -0.66769683	 -0.7016189	 -0.120593175	 23.292082	 17.760693	 23.94114	Scatto 30m	5	Braccio
43	 3341101495	 0.994906804022399	 -0.033160822256079636	 -0.07602645588813207	 -0.05727817369929384	 0.7292043105135881	 0.3518501985514853	 -0.38666570176921644	 -1.428955078125	 -1.091796875	 -1.536376953125	 0.12652168	 -0.6456781	 -0.7443632	 -0.114085846	 23.510199	 29.050753	 28.934845	Scatto 30m	5	Braccio
44	 3341118162	 0.9958144367112824	 -0.014823943602963519	 -0.06808444440446366	 -0.05914699285325414	 0.6823056086239483	 0.4172591745419524	 -0.27263119417863685	 -1.35888671875	 -1.146728515625	 -1.497314453125	 0.054177057	 -0.61310816	 -0.7815748	 -0.10150925	 20.003948	 35.35898	 20.515192	Scatto 30m	5	Braccio
45	 3341134829	 0.995171017772532	 -0.04106276083020527	 -0.06766880792879518	 -0.0580467698677531	 0.7279618570149988	 0.46154617420646304	 -0.22288169427046164	 -1.277587890625	 -1.187744140625	 -1.487548828125	 -0.03259706	 -0.5777861	 -0.8079669	 -0.11086112	 15.850075	 43.77527	 16.375559	Scatto 30m	5	Braccio
46	 3341151496	 0.9927832849860994	 -0.0764926967825657	 -0.05714078440496274	 -0.07256133370277495	 0.6774221608884159	 0.4038108558523492	 -0.14353229369884177	 -1.17578125	 -1.19970703125	 -1.5791015625	 -0.13154739	 -0.52259034	 -0.8280052	 -0.154926	 7.594568	 43.792038	 8.565504	Scatto 30m	5	Braccio
47	 3341168163	 0.993708877648549	 -0.07594294211507738	 -0.04391962149624091	 -0.06961611072872458	 0.7320567342418856	 -0.09263729780346473	 -0.09955101069718	 -1.065673828125	 -1.182861328125	 -1.70654296875	 -0.21653268	 -0.46144626	 -0.835839	 -0.20384896	 -25.114931	 36.899445	 -7.9609995	Scatto 30m	5	Braccio
48	 3341184830	 0.9956456431710129	 -0.058235424861803664	 -0.04235280142362675	 -0.059199904875905485	 0.584611765631525	 -0.40305768236814554	 0.09510116320674247	 -0.99072265625	 -1.1435546875	 -1.806884765625	 -0.2823946	 -0.40445745	 -0.8370871	 -0.2365436	 -30.408352	 19.607237	 -33.01966	Scatto 30m	5	Braccio
49	 3341201497	 0.9966771365283765	 -0.05074402382248125	 -0.04025345204377381	 -0.04939017277211084	 0.21245449649053053	 -0.1670952363971841	 0.23360204603239623	 -0.931396484375	 -1.096435546875	 -1.893798828125	 -0.33614403	 -0.3525532	 -0.8331973	 -0.26171777	 -3.0213096	 7.5980215	 -29.626509	Scatto 30m	5	Braccio
50	 3341218164	 0.9984083070404614	 -0.04261343879104228	 -0.03301345717061866	 -0.016584900139753944	 -0.055997854037017805	 -0.47429501728861345	 0.21123242614858223	 -0.9326171875	 -1.04052734375	 -1.968017578125	 -0.37465057	 -0.32933742	 -0.8169599	 -0.2893968	 -0.3911119	 -16.966282	 -36.151466	Scatto 30m	5	Braccio
51	 3341234831	 0.9995523559443538	 -0.01876497717256978	 -0.023282112584668283	 -9.521509332006685E-4	 -0.22347988036448924	 -0.8956365066802049	 0.3491108984803889	 -0.959716796875	 -1.005126953125	 -2.01220703125	 -0.39635643	 -0.3253639	 -0.8047096	 -0.29913628	 6.4020457	 -38.09936	 -54.686275	Scatto 30m	5	Braccio
52	 3341251498	 0.9993636423577411	 0.026743549991558122	 -0.014961001358290482	 0.018255445918281658	 -0.3221939897235484	 -0.8796845051052459	 0.38135900369482445	 -0.999267578125	 -1.020751953125	 -1.9755859375	 -0.3957029	 -0.3520955	 -0.80271393	 -0.27404124	 12.976808	 -42.18104	 -51.47064	Scatto 30m	5	Braccio
53	 3341268165	 0.9975407070213148	 0.05216349040568978	 -0.008974808214451818	 0.04594519476098367	 -0.15069136234278527	 -0.6506716150084342	 0.12550285696779848	 -1.077392578125	 -1.067138671875	 -1.889892578125	 -0.378099	 -0.4096225	 -0.7962924	 -0.23488066	 -3.6570773	 -29.93214	 -37.256683	Scatto 30m	5	Braccio
54	 3341284832	 0.9957792639701378	 0.055067113762964776	 0.00535046151416209	 0.07323006889586164	 0.2735863486245671	 -0.4699026657041579	 -0.04732714102776168	 -1.1923828125	 -1.09619140625	 -1.790771484375	 -0.33971837	 -0.48324597	 -0.7798613	 -0.20707795	 -21.90338	 -2.6386886	 -34.01342	Scatto 30m	5	Braccio
55	 3341301499	 0.9951663388781994	 0.026245377766417277	 0.019587786965780524	 0.09258216195057255	 0.4761361795102208	 -0.2809860787288643	 0.014384503266425756	 -1.325927734375	 -1.05908203125	 -1.74560546875	 -0.29338226	 -0.5538766	 -0.7485058	 -0.21653368	 -18.55596	 17.562096	 -30.985886	Scatto 30m	5	Braccio
56	 3341318166	 0.9935632581750019	 0.003233082030193679	 0.034168979687588134	 0.10795406436243957	 0.5156796935896708	 -0.22832980637579803	 0.06840064228654612	 -1.45654296875	 -0.955810546875	 -1.76708984375	 -0.23822883	 -0.62051904	 -0.7012464	 -0.25779206	 -13.923398	 25.310524	 -27.90595	Scatto 30m	5	Braccio
57	 3341334833	 0.9911242378181461	 0.006305393500347367	 0.04395833057234644	 0.12530224417582106	 0.6858042338843408	 -0.36709537387534286	 0.11109864892004319	 -1.572509765625	 -0.799072265625	 -1.82568359375	 -0.16250539	 -0.68946	 -0.63607174	 -0.30602232	 -17.680708	 38.99809	 -29.540102	Scatto 30m	5	Braccio
58	 3341351500	 0.9909289449158885	 0.01159191468780657	 0.047997218023185885	 0.12498688212684339	 0.97551770491621	 -0.29941335073163045	 0.1360179017756019	 -1.63916015625	 -0.613037109375	 -1.882080078125	 -0.07203242	 -0.74613184	 -0.56216884	 -0.34937814	 -9.898688	 60.86566	 -13.342328	Scatto 30m	5	Braccio
59	 3341368167	 0.9924678239152024	 0.02195644557713	 0.045920221796457474	 0.1114309930890212	 0.960660730040746	 -0.044869067488276654	 0.22175890048738672	 -1.6484375	 -0.44677734375	 -1.94580078125	 0.028266925	 -0.7837642	 -0.49037868	 -0.38005728	 11.879889	 55.821117	 5.9768066	Scatto 30m	5	Braccio
60	 3341384834	 0.993896890584544	 0.0461229474701117	 0.04227419938806649	 0.09085448073233487	 1.1283194795374303	 -0.3061824337672748	 0.12572603246320405	 -1.621337890625	 -0.34521484375	 -2.002685546875	 0.13914731	 -0.79936945	 -0.43278384	 -0.39286736	 4.3425045	 61.974007	 23.620674	Scatto 30m	5	Braccio
61	 3341401501	 0.9953538441716007	 0.0666400536825891	 0.04630941298016583	 0.051819556225723824	 1.4292517759569416	 -0.07158899833783272	 -0.1511127587100867	 -1.568359375	 -0.342041015625	 -2.058837890625	 0.2538543	 -0.78024	 -0.40713158	 -0.40128204	 18.260387	 44.094254	 62.13499	Scatto 30m	5	Braccio
62	 3341418168	 0.9969428802510513	 0.05052296813897636	 0.048495133327001096	 0.03464888527445481	 0.7526390926251728	 0.6038599411337966	 -0.2909142808862522	 -1.50048828125	 -0.373779296875	 -2.114013671875	 0.34464082	 -0.7471786	 -0.3824479	 -0.4203337	 38.45873	 -14.633749	 34.496098	Scatto 30m	5	Braccio
63	 3341434835	 0.9978419152728812	 0.046886558572696024	 0.04450204448999468	 0.011520884773659036	 0.3637756651562155	 0.14849202852018367	 -0.2765631560168952	 -1.427001953125	 -0.4267578125	 -2.160400390625	 0.40653977	 -0.7056494	 -0.37253267	 -0.44497633	 8.835192	 -12.783128	 14.469891	Scatto 30m	5	Braccio
64	 3341451502	 0.9985522335569555	 0.04852550925867538	 0.01900183363088515	 0.013328245505904113	 -0.007553813129558273	 0.19706025926542334	 -0.40580565241728883	 -1.38427734375	 -0.49365234375	 -2.16552734375	 0.45413288	 -0.6748909	 -0.37396756	 -0.44545934	 2.132652	 -26.831537	 -6.9247303	Scatto 30m	5	Braccio
65	 3341468169	 0.9992317518152514	 0.038659845883099564	 0.002374858385913531	 0.0059734854286084835	 -0.19192062447827657	 0.34494051063643905	 -0.5595084683290411	 -1.38232421875	 -0.560302734375	 -2.145751953125	 0.48036858	 -0.65546405	 -0.38573304	 -0.4368328	 6.0602703	 -39.288372	 -20.18525	Scatto 30m	5	Braccio
66	 3341484836	 0.9995472258748215	 0.02375494442322762	 -0.018247580451045246	 0.002841068299211269	 -0.2821085852762286	 0.41231063049669947	 -0.4998785227088077	 -1.395263671875	 -0.60107421875	 -2.1220703125	 0.48223856	 -0.65470344	 -0.40435493	 -0.41869646	 11.124827	 -36.69498	 -27.91548	Scatto 30m	5	Braccio
67	 3341501503	 0.998133435880161	 0.01976143295935806	 -0.057756369134498615	 0.0018253136325154242	 0.029439689023836535	 0.24457577994389157	 -0.35300326453838715	 -1.476318359375	 -0.63330078125	 -2.044921875	 0.46047243	 -0.67375416	 -0.4403309	 -0.37433836	 10.554637	 -23.50617	 -8.052957	Scatto 30m	5	Braccio
68	 3341518170	 0.9978927072718085	 0.011367464441631503	 -0.059755616540157576	 -0.022587426099818453	 0.17671601822758018	 0.2700214524939605	 -0.0801327988108809	 -1.552734375	 -0.67138671875	 -1.950927734375	 0.4200657	 -0.68524384	 -0.4876764	 -0.34081885	 18.104336	 -5.144286	 -3.1975012	Scatto 30m	5	Braccio
69	 3341534837	 0.996359704225823	 -0.008805429714455026	 -0.06925232294280836	 -0.04892770145428261	 0.358179389113129	 0.3967472685959599	 -0.14636706442207575	 -1.59521484375	 -0.7353515625	 -1.84375	 0.35056368	 -0.69051325	 -0.54584205	 -0.31992668	 28.24897	 -4.0490174	 7.2519054	Scatto 30m	5	Braccio
70	 3341551504	 0.9942427895897237	 -0.041359747419418946	 -0.072502414943674	 -0.06718665395435225	 0.6135432874614108	 0.20250980984238923	 -0.29576393011438296	 -1.611083984375	 -0.791748046875	 -1.767822265625	 0.24712044	 -0.69117486	 -0.599764	 -0.3185784	 17.668474	 2.858019	 28.88218	Scatto 30m	5	Braccio
71	 3341568171	 0.9946480316212774	 -0.024137036827970637	 -0.05951844982094746	 -0.08093361956563704	 0.7781864141259469	 0.15702197028394727	 -0.3151132272388958	 -1.5771484375	 -0.8818359375	 -1.7138671875	 0.15760778	 -0.6664346	 -0.65747976	 -0.31423736	 9.798083	 16.31324	 37.769894	Scatto 30m	5	Braccio
72	 3341584838	 0.9956643845566655	 -0.007617403403108902	 -0.056565856425912726	 -0.07344870575846701	 0.8182602673132873	 0.26700899283548085	 0.015529065499867795	 -1.51416015625	 -0.9814453125	 -1.6396484375	 0.08466895	 -0.6357025	 -0.70788604	 -0.2959917	 12.855983	 37.204765	 23.628948	Scatto 30m	5	Braccio
73	 3341601505	 0.9945420881958574	 -0.04796297729472904	 -0.056252927962663346	 -0.07362876959230093	 0.8003824118169198	 0.4228272945249884	 0.07961793812543794	 -1.4462890625	 -1.046875	 -1.63330078125	 -0.011649787	 -0.60112023	 -0.7384599	 -0.30528012	 16.882153	 43.341484	 18.630415	Scatto 30m	5	Braccio
74	 3341618172	 0.9944221317480479	 -0.044201809722587415	 -0.03895755420521122	 -0.08748218605672947	 0.5222179641075876	 0.027245238149196334	 0.0931480585106498	 -1.3349609375	 -1.099365234375	 -1.669189453125	 -0.096009426	 -0.5450944	 -0.7686968	 -0.32056168	 -4.931248	 30.551428	 -2.2015324	Scatto 30m	5	Braccio
75	 3341634839	 0.9971110691641651	 -0.014551816122467476	 -0.031447105897166656	 -0.06759319439504126	 0.3455059982899437	 -0.23825937851782883	 0.02976911558886345	 -1.222412109375	 -1.142822265625	 -1.6865234375	 -0.14951156	 -0.500152	 -0.7924132	 -0.31555662	 -18.138586	 16.641596	 -15.407196	Scatto 30m	5	Braccio
76	 3341651506	 0.998787093859688	 -0.0063367063296488335	 -0.024877442217582816	 -0.04201547525521314	 0.37047584599667926	 -0.07245241259654234	 0.08301802221658947	 -1.155517578125	 -1.173583984375	 -1.67236328125	 -0.18307354	 -0.47189027	 -0.8055428	 -0.30806565	 -10.430368	 20.209105	 -14.35378	Scatto 30m	5	Braccio
77	 3341668173	 0.9990238908062667	 -0.032154118836425605	 -0.011243150496414611	 -0.028124185447340192	 0.2318285746040101	 -0.06104799575571084	 0.12110543327379392	 -1.107421875	 -1.17138671875	 -1.714111328125	 -0.21231811	 -0.4447222	 -0.80543095	 -0.32927868	 -4.95748	 13.259134	 -17.513971	Scatto 30m	5	Braccio
78	 3341684840	 0.9991245343070875	 -0.041209226675527066	 2.564090800755981E-4	 -0.007204084732590599	 -0.13197264894859168	 -0.5048817004925741	 0.20311887889287072	 -1.08154296875	 -1.138427734375	 -1.7919921875	 -0.22920959	 -0.4280376	 -0.7939204	 -0.36597478	 -5.6046686	 -13.963028	 -39.853947	Scatto 30m	5	Braccio
79	 3341701507	 0.9997872510342241	 -0.016143149681663	 0.006534672781141033	 0.011052123751950223	 -0.26625994648445384	 -0.7717259331695874	 0.30852200766168336	 -1.084228515625	 -1.107177734375	 -1.83544921875	 -0.22458577	 -0.42873827	 -0.7852354	 -0.38619974	 -2.7041574	 -23.009192	 -56.77064	Scatto 30m	5	Braccio
80	 3341718174	 0.9993646134203527	 0.010476627991078596	 0.014270852133195596	 0.03093464867293763	 -0.16389467496460713	 -0.5588225816609768	 0.21855067341285764	 -1.11083984375	 -1.101806640625	 -1.8359375	 -0.19616954	 -0.44771624	 -0.7803452	 -0.39003763	 -2.6021698	 -14.0796175	 -44.27723	Scatto 30m	5	Braccio
81	 3341734841	 0.9980015817959574	 0.013143241926944299	 0.02310819912634926	 0.05732459382807408	 0.08389868046886098	 -0.3252057794880291	 0.06384850837384766	 -1.17578125	 -1.087890625	 -1.818603515625	 -0.14971898	 -0.48338118	 -0.7649096	 -0.39854792	 -10.805992	 0.13436526	 -27.246616	Scatto 30m	5	Braccio
82	 3341751508	 0.9959909684743034	 -0.016058619209314368	 0.03204003918614518	 0.08196064516376086	 0.35212011924964115	 -0.16477351615000427	 0.05637522555948479	 -1.27099609375	 -1.026611328125	 -1.849365234375	 -0.09901857	 -0.52716005	 -0.72330487	 -0.43488827	 -14.44496	 17.528547	 -16.105202	Scatto 30m	5	Braccio
83	 3341768175	 0.9932282214265412	 -0.051462252952706566	 0.03546651069085555	 0.09793601636944697	 0.4032718311166108	 -0.04229850692236326	 0.1680721141610561	 -1.362060546875	 -0.88720703125	 -1.947509765625	 -0.054445572	 -0.57207674	 -0.6506898	 -0.49635366	 -6.084186	 25.62221	 -10.038591	Scatto 30m	5	Braccio
84	 3341784842	 0.9914017642547985	 -0.06765574894225732	 0.032194713997213305	 0.10727880432859352	 0.3682890158210152	 -0.19296360113998465	 0.32333197097018346	 -1.432861328125	 -0.675537109375	 -2.068115234375	 -0.014212784	 -0.6156214	 -0.5539025	 -0.56035745	 -3.3667023	 30.69162	 -16.546295	Scatto 30m	5	Braccio
85	 3341801509	 0.9942776055334962	 0.0012464967199944388	 0.032931373070165304	 0.10161699684707325	 0.542227031230285	 -0.5242800758977801	 0.7302706462988163	 -1.455322265625	 -0.50732421875	 -2.117919921875	 0.06729676	 -0.648015	 -0.49015373	 -0.57904845	 1.5797412	 61.444405	 -23.59125	Scatto 30m	5	Braccio
86	 3341818176	 0.9948797432203371	 0.048242003655443955	 0.037995220452164837	 0.08027059758053162	 0.9346351955839595	 -0.5938361719234341	 0.4074258296386931	 -1.446044921875	 -0.4755859375	 -2.134765625	 0.17135137	 -0.65514344	 -0.4592724	 -0.57488674	 -17.619598	 64.88465	 12.349798	Scatto 30m	5	Braccio
87	 3341834843	 0.9953403957953891	 0.03657894591166114	 0.06501338551921564	 0.06109612849600194	 1.2802722522541474	 0.5784739247392292	 0.193693163114376	 -1.376708984375	 -0.47265625	 -2.18408203125	 0.2712855	 -0.6307448	 -0.42377523	 -0.5907453	 28.320374	 20.0247	 67.88629	Scatto 30m	5	Braccio
88	 3341851510	 0.9975345694423612	 0.009996304208090917	 0.06323699979900023	 0.02873914623025159	 1.0192881898000157	 0.3733365118945801	 -0.040108343031050125	 -1.279052734375	 -0.449951171875	 -2.241943359375	 0.32804525	 -0.5948818	 -0.38880345	 -0.62236166	 14.272675	 -1.5364656	 53.760456	Scatto 30m	5	Braccio
89	 3341868177	 0.9970525144846636	 0.03778462008471903	 0.0646699973977724	 0.016625200192332715	 0.6839199275649024	 -0.09432478159672955	 -0.14930736310900794	 -1.159912109375	 -0.490478515625	 -2.285888671875	 0.38876474	 -0.54088265	 -0.3764685	 -0.64387864	 -12.60357	 -3.6808774	 30.481945	Scatto 30m	5	Braccio
90	 3341884844	 0.9966249899991079	 0.06380767861032557	 0.049830361970404975	 0.013569984728730056	 0.19195714685929163	 -0.011308702720153002	 -0.3199372603438714	 -1.060302734375	 -0.594970703125	 -2.273681640625	 0.45239773	 -0.4824274	 -0.38729367	 -0.64234257	 -9.621548	 -18.32744	 -1.2603874	Scatto 30m	5	Braccio
91	 3341901511	 0.9978345734994177	 0.060896568969588394	 0.023693534373404827	 0.007509210735058975	 -0.12499951326582803	 -0.05982499287778878	 -0.42895484711541365	 -1.00732421875	 -0.712890625	 -2.233154296875	 0.4965141	 -0.4384479	 -0.4105668	 -0.62663555	 -9.360527	 -21.364126	 -23.503922	Scatto 30m	5	Braccio
92	 3341918178	 0.9984342973880438	 0.054117703132235406	 -0.014143236209794687	 4.437076160725417E-4	 -0.5114207645191045	 -0.08893567980856154	 -0.5748993305673478	 -1.015869140625	 -0.80859375	 -2.162353515625	 0.51477134	 -0.41853794	 -0.45127162	 -0.596817	 -6.393173	 -23.747452	 -49.246716	Scatto 30m	5	Braccio
93	 3341934845	 0.996727057031191	 0.06795167357656492	 -0.04334492472267926	 -0.006241902023423591	 -0.29990677870314475	 0.37725045993712486	 -0.8126127166652691	 -1.075927734375	 -0.913330078125	 -2.075927734375	 0.518152	 -0.40518546	 -0.51682615	 -0.54793626	 22.944813	 -44.432514	 -36.50583	Scatto 30m	5	Braccio
94	 3341951512	 0.996808297987934	 0.07572767273663569	 -0.021882778048669452	 0.012636481676631617	 -1.4360477377134417E-4	 0.676764572800429	 -0.315167965291818	 -1.12744140625	 -1.024169921875	 -1.942626953125	 0.53895503	 -0.38538814	 -0.5660164	 -0.49053958	 41.750904	 -15.838604	 -6.2973013	Scatto 30m	5	Braccio
95	 3341968179	 0.9984692196016403	 -0.004788978922289244	 -0.05486297098592414	 -0.005132017495197817	 0.2223619468759008	 0.5881800603686708	 -0.034746424762096786	 -1.18505859375	 -1.0478515625	 -1.87255859375	 0.49524647	 -0.41377616	 -0.59767944	 -0.47570968	 32.824303	 4.4453297	 8.368351	Scatto 30m	5	Braccio
96	 3341984846	 0.9967211996291576	 -0.03375469082880178	 -0.06785130105720523	 -0.02834910936360363	 0.5225633968484922	 0.12005647292280452	 -0.2517011839452805	 -1.228759765625	 -1.02294921875	 -1.883056640625	 0.41632715	 -0.4461151	 -0.62716967	 -0.48405728	 4.181564	 -12.396866	 23.229782	Scatto 30m	5	Braccio
97	 3342001513	 0.997015711611327	 0.019998914520772848	 -0.06414580871412273	 -0.038013542883574065	 0.5149847532422676	 -0.22749051129723086	 -0.296719368023509	 -1.245361328125	 -1.05712890625	 -1.8203125	 0.35658452	 -0.44562358	 -0.68059224	 -0.45941436	 -19.870993	 -13.945216	 19.659122	Scatto 30m	5	Braccio
98	 3342018180	 0.9959587379322175	 0.04053630058694224	 -0.07287381128926874	 -0.03335278548136067	 0.47160288008826057	 0.20866562769412905	 -0.23867750090581863	 -1.251708984375	 -1.123779296875	 -1.69677734375	 0.30229297	 -0.4416884	 -0.7393964	 -0.40844017	 2.7508862	 -3.0705307	 24.032337	Scatto 30m	5	Braccio
99	 3342034847	 0.9968880743677948	 -1.0767067081618453E-4	 -0.07300156648481011	 -0.029747720602770426	 0.37411655964795126	 0.6241023961136065	 -0.36881510578320564	 -1.253173828125	 -1.15869140625	 -1.617919921875	 0.23003559	 -0.44882393	 -0.77403	 -0.38277712	 25.866503	 0.36404338	 31.738419	Scatto 30m	5	Braccio
100	 3342051514	 0.9959896054665779	 -0.05025275087886216	 -0.06618821682863187	 -0.03314342747338325	 0.4140151456046073	 0.722506186589908	 -0.3275331755852726	 -1.241455078125	 -1.1591796875	 -1.630126953125	 0.13611951	 -0.45897418	 -0.78250563	 -0.39811975	 25.56207	 10.405367	 36.238216	Scatto 30m	5	Braccio
101	 3342068181	 0.9935807761264409	 -0.09013142692958126	 -0.05549124764467178	 -0.03992854400619412	 0.688487423718654	 0.38971540587890013	 -0.19108215483561838	 -1.2177734375	 -1.12158203125	 -1.73681640625	 0.027412033	 -0.45938954	 -0.7669334	 -0.44723946	 -4.96049	 22.885931	 33.038055	Scatto 30m	5	Braccio
102	 3342084848	 0.993766490907829	 -0.08646029504491154	 -0.047161668428790444	 -0.05223558136461698	 0.6020910186107636	 0.006776187437328175	 -0.028930666674804734	 -1.177001953125	 -1.064453125	 -1.86279296875	 -0.07624841	 -0.43871954	 -0.74812436	 -0.49195692	 -21.170807	 23.478315	 7.7580338	Scatto 30m	5	Braccio
103	 3342101515	 0.9963078197692277	 -0.054929617027621364	 -0.0444689539844313	 -0.048744000363302585	 0.4945171824449902	 -0.29901883027374604	 0.05980057183688109	 -1.14697265625	 -1.019287109375	 -1.93505859375	 -0.15853435	 -0.41698393	 -0.73584276	 -0.5094376	 -26.347197	 21.800602	 -16.57245	Scatto 30m	5	Braccio
104	 3342118182	 0.997654612869225	 -0.034523810138605227	 -0.03965718219967863	 -0.04382565292442282	 0.2697050588130799	 -0.31073224574984487	 0.20277431767879997	 -1.13330078125	 -0.9921875	 -1.9716796875	 -0.2226664	 -0.39714077	 -0.72860783	 -0.5116931	 -10.244797	 17.655926	 -28.27218	Scatto 30m	5	Braccio
105	 3342134849	 0.9987224106126426	 -0.03031470929024964	 -0.030769924940652282	 -0.026225496370259425	 0.03465140577596404	 -0.3788607404186303	 0.1701058619241688	 -1.12841796875	 -0.968505859375	 -2.000732421875	 -0.26810583	 -0.3852667	 -0.7159147	 -0.51687056	 -1.8061255	 3.9903893	 -34.430656	Scatto 30m	5	Braccio
106	 3342151516	 0.9995194502945756	 -0.021147455161176554	 -0.022524401504308015	 -0.002510967922576157	 -0.14339961115816152	 -0.7013997909848719	 0.26888788037011385	 -1.146240234375	 -0.939453125	 -2.025146484375	 -0.29195514	 -0.38826382	 -0.6998168	 -0.5237079	 5.81002	 -5.3374715	 -55.012146	Scatto 30m	5	Braccio
107	 3342168183	 0.9996976029391739	 0.009300209225839254	 -0.015412668035548529	 0.01675286393580522	 -0.16012046732916518	 -0.7139242821814776	 0.3135721371178912	 -1.18798828125	 -0.9326171875	 -2.016845703125	 -0.28980795	 -0.40967506	 -0.6938309	 -0.5165043	 10.201117	 -4.8490515	 -56.219017	Scatto 30m	5	Braccio
108	 3342184850	 0.9990221668764876	 0.024525090676294548	 -0.011467283460238344	 0.03495327490764716	 -0.023322824059915235	 -0.4238817797020373	 0.14708031165410185	 -1.24755859375	 -0.941162109375	 -1.966552734375	 -0.27001825	 -0.44556254	 -0.68846774	 -0.50455564	 1.1461731	 -0.23819843	 -36.742935	Scatto 30m	5	Braccio
109	 3342201517	 0.9983032913233434	 0.01908398251452076	 -0.004567929511079649	 0.054822205029961275	 0.224632677224769	 -0.22682648322411808	 0.02103354588493475	 -1.32666015625	 -0.926513671875	 -1.927734375	 -0.23730557	 -0.48900408	 -0.6717571	 -0.50329274	 -9.76136	 11.260892	 -21.910423	Scatto 30m	5	Braccio
110	 3342218184	 0.9974928750248283	 -0.00245822781769503	 0.00571666855493272	 0.07049284425621935	 0.3823970093909028	 -0.1409747285522689	 0.04400676648378407	 -1.41455078125	 -0.86669921875	 -1.925537109375	 -0.1983386	 -0.5306417	 -0.636554	 -0.523336	 -10.8166685	 21.596672	 -14.450556	Scatto 30m	5	Braccio
111	 3342234851	 0.9968726846421738	 -0.020958916524300486	 0.015065637945959444	 0.07469003270660539	 0.4183166272747808	 -0.033200664080929254	 0.22137921608434705	 -1.48095703125	 -0.75244140625	 -1.960205078125	 -0.15862294	 -0.5635209	 -0.58778375	 -0.55838454	 0.72732633	 28.438032	 -8.77932	Scatto 30m	5	Braccio
112	 3342251518	 0.996977204763889	 -0.02957633506209964	 0.013779938962678042	 0.07051104075009718	 0.5286558598647454	 0.08862062718382353	 0.36875491009661154	 -1.524658203125	 -0.619873046875	 -2.005615234375	 -0.12519561	 -0.59001815	 -0.53200364	 -0.59428686	 10.559053	 35.76964	 1.7151537	Scatto 30m	5	Braccio
113	 3342268185	 0.9980460737611244	 -0.014907448944256246	 0.0265658062347692	 0.05455328179931155	 0.6318559571503449	 0.010206612329427489	 0.4533970867607915	 -1.534423828125	 -0.503173828125	 -2.058349609375	 -0.08466402	 -0.5991049	 -0.49213237	 -0.6258685	 12.549354	 42.252567	 5.512413	Scatto 30m	5	Braccio
114	 3342284852	 0.9983589281762731	 0.026904751790140388	 0.03650366209078396	 0.034972382186462314	 0.6572289675836455	 0.012368918014092373	 0.4327520310432107	 -1.50048828125	 -0.475341796875	 -2.087158203125	 -0.025913183	 -0.59321314	 -0.48775578	 -0.6399383	 11.3307905	 40.14006	 12.32398	Scatto 30m	5	Braccio
115	 3342301519	 0.9988080882486181	 0.020633136669432894	 0.03867885313991496	 0.021462125712566674	 0.8558671979519683	 0.2866843238440399	 0.10703996888424706	 -1.44970703125	 -0.486083984375	 -2.13525390625	 0.021765871	 -0.5765346	 -0.48518926	 -0.6570584	 -0.9044899	 25.475853	 38.397224	Scatto 30m	5	Braccio
116	 3342318186	 0.9984800707534329	 -0.0028030102739868834	 0.0525552929025886	 0.01635948133488896	 0.7636530909887529	 0.6671841829627506	 -0.15894555408596822	 -1.38330078125	 -0.464599609375	 -2.18701171875	 0.059156798	 -0.54668707	 -0.4683289	 -0.6915938	 1.0347338	 -4.121584	 51.625267	Scatto 30m	5	Braccio
117	 3342334853	 0.9977122579693998	 -0.02802653670131411	 0.06124862374199508	 -0.00577664503353087	 0.41552490182173085	 0.15096106186116878	 -0.17829386982471224	 -1.2705078125	 -0.42724609375	 -2.2587890625	 0.06997972	 -0.49977148	 -0.44440305	 -0.74016035	 -12.030536	 -2.2557306	 16.03691	Scatto 30m	5	Braccio
118	 3342351520	 0.9984690709272599	 -0.011947076378564195	 0.053995345212305985	 0.0011333415474897302	 0.11068555167082408	 0.00534461688701084	 -0.14443426880421942	 -1.154541015625	 -0.39208984375	 -2.2998046875	 0.09012538	 -0.45861715	 -0.42836052	 -0.7733403	 -8.949647	 -4.2988496	 -5.2602544	Scatto 30m	5	Braccio
119	 3342368187	 0.9987376337412408	 0.013587706529965979	 0.048203154325881466	 0.0038689912429448197	 -0.07198251206251347	 0.003290880513353432	 -0.2548707026670083	 -1.053955078125	 -0.399169921875	 -2.3330078125	 0.12110392	 -0.41969484	 -0.43086603	 -0.7896485	 -7.0976973	 -12.580609	 -16.43731	Scatto 30m	5	Braccio
120	 3342384854	 0.9989544902745382	 0.026650650814423964	 0.03704544000534899	 -0.002702692419687902	 -0.26390804237938853	 -0.020432007141864855	 -0.3141959737108311	 -0.971435546875	 -0.447265625	 -2.33056640625	 0.14648362	 -0.38457713	 -0.44759184	 -0.79391724	 -1.3990054	 -16.620071	 -27.963137	Scatto 30m	5	Braccio
121	 3342401521	 0.9983607069818387	 0.056094768635690975	 -0.004333869271268165	 -0.01051157759669036	 -0.41363805962268857	 -0.022480588075941527	 -0.10050503590025549	 -0.935302734375	 -0.534912109375	 -2.3056640625	 0.15736827	 -0.37358245	 -0.49651068	 -0.76756024	 12.727971	 -6.912499	 -30.891014	Scatto 30m	5	Braccio
122	 3342418188	 0.9945673770684262	 0.09351290887734447	 -0.0426895828135862	 -0.016391090986577404	 -0.05677829472747349	 0.06113835410325162	 -0.23148850485271827	 -1.005126953125	 -0.708984375	 -2.2255859375	 0.15639943	 -0.3802999	 -0.57912755	 -0.7039338	 -1.2520438	 -14.334866	 -13.115774	Scatto 30m	5	Braccio
123	 3342434855	 0.9953124852068745	 0.07783488246260353	 -0.04958853032238065	 -0.02890960954101893	 0.056929420591686625	 0.11566238308195062	 -0.3587083750768723	 -1.05810546875	 -0.861083984375	 -2.110107421875	 0.1345787	 -0.3835228	 -0.6511242	 -0.64096504	 -5.298126	 -21.296688	 -3.3791928	Scatto 30m	5	Braccio
124	 3342451522	 0.9945587911580576	 0.06778740155744031	 -0.07375141630430689	 -0.028607826086974875	 0.14369856087798927	 0.3464459801156621	 -0.7594903220772635	 -1.1220703125	 -0.98583984375	 -1.986083984375	 0.09180546	 -0.4000425	 -0.71370476	 -0.5675945	 -6.1934295	 -42.250492	 17.744587	Scatto 30m	5	Braccio
125	 3342468189	 0.9979316606727211	 0.03455200815650711	 -0.05014081131920134	 -0.020602388201133085	 0.3593005040977877	 0.6316315363602745	 -0.4984231193635868	 -1.1630859375	 -1.062255859375	 -1.8662109375	 0.05571334	 -0.40918678	 -0.7474253	 -0.5204014	 1.707089	 -14.647309	 40.959316	Scatto 30m	5	Braccio
126	 3342484856	 0.9974687368179498	 -0.030699403831159933	 -0.0618758109973352	 -0.016883414602421404	 0.38545277919605925	 0.6516702451425965	 -0.37120586906056624	 -1.196533203125	 -1.06005859375	 -1.8515625	 -0.0145551255	 -0.42854095	 -0.7427507	 -0.5142591	 3.373623	 -0.32165694	 40.66692	Scatto 30m	5	Braccio
127	 3342501523	 0.9964185638125576	 -0.06708788111093311	 -0.04964177957481842	 -0.01359983891119765	 0.5201509031463706	 0.4557683660979919	 -0.4675683367697774	 -1.2392578125	 -0.998046875	 -1.911376953125	 -0.08968698	 -0.4402865	 -0.71332055	 -0.5378458	 -15.673107	 2.414607	 37.69791	Scatto 30m	5	Braccio
128	 3342518190	 0.9945318526308344	 -0.0888399755041025	 -0.05211620793972894	 -0.017255541866125837	 0.3464657485924605	 0.2688079223234225	 -0.11367317599593242	 -1.281494140625	 -0.908203125	 -1.984619140625	 -0.17606793	 -0.44411856	 -0.66758555	 -0.57104146	 -7.8858194	 11.028898	 13.744274	Scatto 30m	5	Braccio
129	 3342534857	 0.9931935533680577	 -0.10166283430085357	 -0.05064886496972379	 -0.025805544894981523	 0.19702236288274028	 0.17092297050538247	 -0.011859270005738963	 -1.32470703125	 -0.780029296875	 -2.064453125	 -0.269201	 -0.43353513	 -0.61030036	 -0.6058974	 -2.9169629	 8.514776	 3.0087366	Scatto 30m	5	Braccio
130	 3342551524	 0.9961090474542837	 -0.0737325235101346	 -0.04481573822298807	 -0.01793962552773804	 0.23311678984122666	 -0.14374369682613722	 0.1357537148653119	 -1.37353515625	 -0.6728515625	 -2.101806640625	 -0.33856693	 -0.4269298	 -0.5614893	 -0.6227627	 -1.5576993	 17.019732	 -16.465261	Scatto 30m	5	Braccio
131	 3342568191	 0.9984679115151743	 -0.03750813928610447	 -0.03818676499343735	 -0.014026408704876698	 0.22298301909537294	 -0.40023510893578407	 0.18922447266767536	 -1.427734375	 -0.61376953125	 -2.098876953125	 -0.38439873	 -0.42878845	 -0.5320139	 -0.62075716	 3.4508693	 20.091185	 -31.469112	Scatto 30m	5	Braccio
132	 3342584858	 0.9994048056040669	 -0.013006537441470373	 -0.029787508112013392	 -0.011557200342542186	 0.09380634065212214	 -0.3837760765429437	 0.1323900773781843	 -1.46875	 -0.60205078125	 -2.068603515625	 -0.41278613	 -0.43548867	 -0.5180197	 -0.60960066	 6.0205855	 11.124928	 -31.375105	Scatto 30m	5	Braccio
133	 3342601525	 0.999766820242614	 7.28630758288773E-5	 -0.02138811297638238	 0.0029746354826091577	 0.014363992594410076	 -0.466585341659369	 0.13158014840220458	 -1.499755859375	 -0.6005859375	 -2.043701171875	 -0.42213684	 -0.44970858	 -0.50824475	 -0.6010409	 8.766972	 6.486832	 -36.790573	Scatto 30m	5	Braccio
134	 3342618192	 0.9996097471912081	 0.013011854154328137	 -0.019636473206668354	 0.015015122104044553	 0.0367236703405302	 -0.5259635206335455	 0.2612227713374258	 -1.539306640625	 -0.59765625	 -1.999267578125	 -0.41769668	 -0.47418502	 -0.5008801	 -0.5914367	 16.271492	 9.849859	 -39.555225	Scatto 30m	5	Braccio
135	 3342634859	 0.9995816869880711	 0.002682314675126009	 -0.007749113789090712	 0.02773458962286939	 0.18090472204096053	 -0.363268949017975	 0.28050898946565633	 -1.574462890625	 -0.573486328125	 -1.98291015625	 -0.40483278	 -0.4932475	 -0.4853234	 -0.597728	 14.761386	 17.130333	 -28.910872	Scatto 30m	5	Braccio
138	 3342684860	 0.9897968787139286	 0.0038160555641741853	 0.020633429374225232	 0.14093203397508497	 0.7613760295436531	 -0.7097234444372945	 0.3085477789817682	 -1.611083984375	 -0.370361328125	 -2.013671875	 -0.30739877	 -0.54476225	 -0.41743425	 -0.6591577	 1.3293397	 19.780567	 -19.958454	Scatto 30m	5	Braccio
139	 3342701527	 0.9977886063467265	 0.015327149474865645	 -3.7418114422616005E-4	 0.0646748445850756	 0.5083302173339282	 -0.06630505943377227	 0.1418689087187481	 -1.626220703125	 -0.29541015625	 -2.000244140625	 -0.25605935	 -0.57518023	 -0.38983995	 -0.67203146	 1.4575145	 29.830229	 1.4341936	Scatto 30m	5	Braccio
140	 3342718194	 0.9981187888070856	 0.01235844333326968	 0.005298032948770849	 0.05981708080079087	 0.5770692877506652	 -0.028673457749334247	 0.1732074595175485	 -1.623046875	 -0.215087890625	 -2.00390625	 -0.20564958	 -0.59665847	 -0.36269516	 -0.6856818	 2.7144043	 30.648401	 9.242134	Scatto 30m	5	Braccio
141	 3342734861	 0.9986449137341561	 0.022937838578842847	 0.007681951678958855	 0.04607797144659015	 0.5429642454510866	 -0.16529557603484143	 0.2312713323537139	 -1.60888671875	 -0.1650390625	 -2.018798828125	 -0.15618901	 -0.6115326	 -0.35008267	 -0.6921524	 5.2621927	 33.116257	 5.280383	Scatto 30m	5	Braccio
142	 3342751528	 0.9976912010394677	 0.051295109344760385	 0.016055569937187097	 0.041512622173567666	 0.644326583210229	 -0.07629096141549419	 0.08452472629449374	 -1.58056640625	 -0.159423828125	 -2.044921875	 -0.08854668	 -0.62073535	 -0.35968262	 -0.69099605	 -4.052507	 29.362833	 15.927446	Scatto 30m	5	Braccio
143	 3342768195	 0.9974748386896023	 0.06030361235748599	 0.0230961470931729	 0.02956329662335461	 0.8011353909065122	 0.11487626955182767	 -0.10227855323305865	 -1.546875	 -0.203125	 -2.083740234375	 -0.020005612	 -0.61800313	 -0.38206446	 -0.6868033	 -13.793699	 19.474884	 32.919975	Scatto 30m	5	Braccio
144	 3342784862	 0.9983814606824687	 0.04235614355987816	 0.030717328899841776	 0.022290396441833116	 0.7757014923183825	 0.30032563809262003	 -0.2261506903380951	 -1.497802734375	 -0.24951171875	 -2.125	 0.03569856	 -0.6040202	 -0.3955531	 -0.6909581	 -14.699368	 3.1571274	 39.673378	Scatto 30m	5	Braccio
145	 3342801529	 0.9988943666061557	 0.0283514821735808	 0.034278053613986836	 0.01520700041049511	 0.44673086880902946	 0.2841607250296969	 -0.10918113881280403	 -1.4404296875	 -0.2734375	 -2.1689453125	 0.079373114	 -0.5833821	 -0.40318096	 -0.7005787	 -3.4404778	 -4.3637314	 22.142645	Scatto 30m	5	Braccio
146	 3342818196	 0.9991133065500658	 0.016102165014581477	 0.038892922378177604	 8.133543646243746E-4	 0.04089304961999138	 0.2462813525788845	 -0.16017342806979862	 -1.38037109375	 -0.304931640625	 -2.210693359375	 0.10678036	 -0.55341285	 -0.40981996	 -0.7172028	 0.64788	 -15.2932	 -0.7349682	Scatto 30m	5	Braccio
147	 3342834863	 0.9989306957100982	 0.01446783342226203	 0.043491648300472203	 -0.006051734653227504	 -0.2909938347673345	 0.27465760900076686	 -0.14949780109950064	 -1.2998046875	 -0.3330078125	 -2.2490234375	 0.12893766	 -0.5164917	 -0.41824535	 -0.73599076	 10.065019	 -22.083113	 -18.05059	Scatto 30m	5	Braccio
148	 3342851530	 0.9992809046991585	 0.014879652251113762	 0.03487448425406415	 -1.995007026068807E-4	 -0.18691671903765913	 0.2813856975749374	 -0.11057577109000036	 -1.22119140625	 -0.3681640625	 -2.28076171875	 0.15053204	 -0.48735225	 -0.4249292	 -0.74783915	 11.045879	 -18.08265	 -12.229286	Scatto 30m	5	Braccio
149	 3342868197	 0.999840338099611	 0.016245710523536377	 0.007168490877264788	 -0.001996981968801548	 0.23129936813299443	 -0.03177091077189945	 -0.21336448780944084	 -1.194580078125	 -0.388916015625	 -2.285400390625	 0.15836932	 -0.47764838	 -0.43767098	 -0.74512786	 -15.578427	 -6.2631183	 -0.9711199	Scatto 30m	5	Braccio
150	 3342884864	 0.9986013928044835	 0.0460712737366315	 -0.012373778618043398	 -0.022794420982815478	 -0.037851004290248	 -0.09382141871675131	 -0.1832769708662223	 -1.19580078125	 -0.47607421875	 -2.265625	 0.1566934	 -0.46816128	 -0.48540127	 -0.7215663	 -8.863753	 -6.062441	 -16.328419	Scatto 30m	5	Braccio
151	 3342901531	 0.9978740369904046	 0.05517132136391992	 -0.01706698498264098	 -0.030203470380636647	 -0.07855297323701245	 0.0696084569796444	 -0.14302144807469017	 -1.21240234375	 -0.599853515625	 -2.21826171875	 0.15119009	 -0.45547184	 -0.5423202	 -0.6896201	 0.7733063	 -10.348784	 -12.17679	Scatto 30m	5	Braccio
152	 3342918198	 0.9968656340527399	 0.06119823302891858	 -0.03754885693436389	 -0.03322299296706671	 -0.09518929925119207	 0.12983432511103807	 -0.3162969774057466	 -1.242919921875	 -0.72021484375	 -2.152587890625	 0.13412273	 -0.45188075	 -0.605102	 -0.6416125	 -0.24291255	 -21.290972	 -9.50423	Scatto 30m	5	Braccio
153	 3342934865	 0.9953808401804057	 0.07556332287994733	 -0.04740821207533369	 -0.03549124772265339	 0.23624996268831733	 0.19569206973799477	 -0.35655096836015204	 -1.275146484375	 -0.87255859375	 -2.0234375	 0.11480459	 -0.447632	 -0.67507476	 -0.57508254	 -8.33416	 -16.568157	 11.45821	Scatto 30m	5	Braccio
154	 3342951532	 0.9964170092223316	 0.047694448207983076	 -0.057438998952026206	 -0.039738454196776546	 0.2109060562804279	 0.5768733305894241	 -0.3372768281630264	 -1.30029296875	 -0.97802734375	 -1.890625	 0.07281161	 -0.44574165	 -0.72648346	 -0.5179141	 11.023164	 -13.829629	 28.329754	Scatto 30m	5	Braccio
155	 3342968199	 0.9974342742146871	 0.011143987286618806	 -0.05812926304984784	 -0.04026995091203312	 0.15659623831888408	 0.7385836575384122	 -0.3975817756007638	 -1.298583984375	 -1.044677734375	 -1.796142578125	 0.012628645	 -0.443484	 -0.75449926	 -0.4836255	 18.010838	 -11.0075245	 36.82885	Scatto 30m	5	Braccio
156	 3342984866	 0.997349124572304	 -0.03800480695272124	 -0.05665248003535462	 -0.025315111478897118	 0.3740241150555356	 0.6097340655700169	 -0.37782187049654803	 -1.30908203125	 -1.0517578125	 -1.794921875	 -0.06198867	 -0.44996685	 -0.747707	 -0.48437762	 1.9949698	 3.2292113	 38.575974	Scatto 30m	5	Braccio
157	 3343001533	 0.9954719143208425	 -0.07932629255309584	 -0.0439487261268211	 -0.028487130076714207	 0.4925083263514581	 0.35021852665993836	 -0.2229093324552977	 -1.322509765625	 -0.998779296875	 -1.853515625	 -0.14653233	 -0.44160163	 -0.71756387	 -0.51828426	 -11.561838	 15.490896	 23.653877	Scatto 30m	5	Braccio
158	 3343018200	 0.9952197874478709	 -0.08676892509934642	 -0.03334426312042083	 -0.029948095536694197	 0.3576660445848594	 -0.036980294151388135	 -0.07808457191604692	 -1.317138671875	 -0.919921875	 -1.94921875	 -0.22517996	 -0.42116576	 -0.67897505	 -0.55758977	 -16.365007	 13.832151	 -4.5003242	Scatto 30m	5	Braccio
159	 3343034867	 0.9971852265109373	 -0.06718474383211213	 -0.02467073149128904	 -0.022342543101197807	 0.24245738616651152	 -0.3717389459205985	 0.08148761762992622	 -1.319580078125	 -0.843505859375	 -2.02978515625	 -0.28268045	 -0.40215805	 -0.644993	 -0.5851023	 -11.315665	 14.196574	 -29.896763	Scatto 30m	5	Braccio
160	 3343051534	 0.998681600406405	 -0.04665029354609554	 -0.015265956116031905	 -0.015025368735188945	 0.0740475356870697	 -0.40200195679680856	 0.13063028377027883	 -1.326904296875	 -0.780029296875	 -2.061767578125	 -0.31985566	 -0.38672632	 -0.6199413	 -0.60316485	 -0.33962077	 8.11455	 -34.245842	Scatto 30m	5	Braccio
161	 3343068201	 0.9994835092149184	 -0.031203183999833392	 -0.007404069340202879	 -0.002062976711030989	 -0.045760609869261004	 -0.5158810297786736	 0.1138241028792796	 -1.33056640625	 -0.73095703125	 -2.099853515625	 -0.3377894	 -0.37891895	 -0.6003639	 -0.6179662	 4.3096247	 1.9062138	 -41.2767	Scatto 30m	5	Braccio
162	 3343084868	 0.9997484799658246	 -0.016624077911549167	 -0.008788115415685582	 0.012222351126299212	 -0.008967460251420277	 -0.6099063728245595	 0.2532131807040134	 -1.350830078125	 -0.69140625	 -2.109130859375	 -0.3422643	 -0.38522366	 -0.5832914	 -0.6278765	 12.120543	 8.826952	 -46.49223	Scatto 30m	5	Braccio
163	 3343101535	 0.9995516197003242	 -0.01006244084235629	 -0.004750940195160203	 0.027798118749555643	 0.11731316464465084	 -0.3852300594553212	 0.25600504954962766	 -1.382080078125	 -0.65087890625	 -2.11279296875	 -0.3322867	 -0.40010646	 -0.56487966	 -0.6406336	 9.804591	 15.3947735	 -31.870876	Scatto 30m	5	Braccio
164	 3343118202	 0.9990384254804806	 -0.010410621920246044	 -0.0026116093989019544	 0.042509091510679414	 0.24039084965258867	 -0.232040648780134	 0.17792957046772873	 -1.41455078125	 -0.58984375	 -2.117919921875	 -0.3114464	 -0.4212653	 -0.53990203	 -0.65881914	 2.5001314	 19.538214	 -21.119808	Scatto 30m	5	Braccio
165	 3343134869	 0.9988266880744101	 -0.010554745769683582	 -0.0023071949997067187	 0.04720721749134985	 0.1386502100117135	 -0.15065123275835823	 0.11661390877618961	 -1.449951171875	 -0.52197265625	 -2.112060546875	 -0.286561	 -0.44393775	 -0.5115186	 -0.6776068	 2.0859127	 12.376643	 -16.319103	Scatto 30m	5	Braccio
166	 3343151536	 0.9981229737611583	 -0.01361688072302011	 -0.004016318330405528	 0.05957330775293422	 0.1634519207427337	 -0.24420558124841701	 0.08555035797003857	 -1.48095703125	 -0.430908203125	 -2.117431640625	 -0.25449523	 -0.47184375	 -0.47350496	 -0.6988483	 -0.69649094	 15.129578	 -20.195692	Scatto 30m	5	Braccio
167	 3343168203	 0.997040252877842	 0.0015613269318147409	 -0.006040104860067314	 0.07662775954430752	 0.4199511875761807	 -0.2791984977369339	 0.06708643410325671	 -1.511962890625	 -0.32958984375	 -2.107666015625	 -0.20279376	 -0.51084447	 -0.43525055	 -0.7130706	 -8.624208	 29.001968	 -13.839853	Scatto 30m	5	Braccio
168	 3343184870	 0.9971200211666027	 0.01097161561233662	 -0.012550998355559175	 0.07398485980149905	 0.5587201145152616	 -0.34223253226974876	 0.10406886243973627	 -1.532470703125	 -0.239013671875	 -2.090087890625	 -0.14898716	 -0.55235076	 -0.4011404	 -0.7154007	 -10.852716	 38.22562	 -7.490112	Scatto 30m	5	Braccio
169	 3343201537	 0.9976933451721764	 0.014590675768479604	 -0.028870251356434035	 0.05967922390905923	 0.4414469756888474	 -0.14158109836870192	 0.19578118237779119	 -1.568359375	 -0.171142578125	 -2.055908203125	 -0.108222514	 -0.5975738	 -0.37282896	 -0.7015641	 -0.45588642	 27.490297	 2.6666327	Scatto 30m	5	Braccio
170	 3343218204	 0.9978280376762387	 0.024351702448524346	 -0.0300376055861262	 0.053328642076255484	 0.6611619479025469	 0.14843615641990418	 0.0715356897942688	 -1.603759765625	 -0.120849609375	 -2.0078125	 -0.06545319	 -0.6394259	 -0.3534797	 -0.6796343	 -3.8750105	 18.887917	 26.237076	Scatto 30m	5	Braccio
171	 3343234871	 0.9990357433358583	 0.011229536120366604	 -0.009535810956602804	 0.04135878824736428	 0.8381415849410093	 0.26342575007525826	 -0.04412528402617247	 -1.619384765625	 -0.0732421875	 -1.98583984375	 -0.031602997	 -0.66019607	 -0.333203	 -0.6723973	 -5.42256	 14.040143	 40.774822	Scatto 30m	5	Braccio
172	 3343251538	 0.9995632792848794	 0.0054496112480816455	 0.008098053745776547	 0.02789218471245014	 0.7592740925034106	 0.3406412957678171	 0.00462457432052657	 -1.600341796875	 -0.03369140625	 -1.998046875	 -0.004463339	 -0.66338944	 -0.3183441	 -0.67716444	 2.641735	 5.8699293	 39.70203	Scatto 30m	5	Braccio
173	 3343268205	 0.9996654952008881	 0.020287977568584997	 0.011632014017611561	 0.011044995284465344	 0.5032177161579428	 0.1116172094303273	 0.11370027238308943	 -1.578857421875	 -0.027099609375	 -2.02001953125	 0.021781985	 -0.6582683	 -0.32448214	 -0.67891073	 5.3141513	 10.30571	 19.657713	Scatto 30m	5	Braccio
174	 3343284872	 0.9989967959598666	 0.019916544279880197	 0.040097309837787316	 -9.688496481933817E-4	 0.2784762254174916	 0.37292576662738713	 0.0449493308582976	 -1.5361328125	 -0.055908203125	 -2.07568359375	 0.04846534	 -0.6288143	 -0.337108	 -0.69900066	 10.395055	 -9.877538	 14.301155	Scatto 30m	5	Braccio
175	 3343301539	 0.9984664462245298	 -0.0019191299727512878	 0.05522401621870036	 -0.0033735347311883994	 -0.036199533261879795	 0.19547514552046547	 0.06437679067533175	 -1.451171875	 -0.06982421875	 -2.14697265625	 0.0637513	 -0.5872645	 -0.33449495	 -0.7342816	 9.483558	 -7.7327867	 -7.084661	Scatto 30m	5	Braccio
176	 3343318206	 0.9981592456410198	 -0.02014689402758711	 0.05629762936433481	 0.010139030049644449	 -0.15074252847115985	 0.22441368792630012	 0.03521863512334594	 -1.34716796875	 -0.035888671875	 -2.210205078125	 0.07766778	 -0.5485166	 -0.30947813	 -0.77286536	 11.020194	 -11.841008	 -12.247995	Scatto 30m	5	Braccio
177	 3343334873	 0.9979824840448636	 -0.02678607862736035	 0.05398199858853528	 0.01998527857699201	 -0.0541504237911017	 0.2068032672137207	 -0.07097984400958861	 -1.233154296875	 0.02978515625	 -2.24658203125	 0.09376892	 -0.5129317	 -0.27311832	 -0.8084028	 3.541793	 -12.999331	 -8.757775	Scatto 30m	5	Braccio
178	 3343351540	 0.9988602352144544	 -0.032416698301309235	 0.033423557930550414	 0.01050018827591187	 0.19930083304688762	 -0.02402094629433363	 -0.16651961457309344	 -1.145751953125	 0.10205078125	 -2.255126953125	 0.093085036	 -0.49030408	 -0.23856394	 -0.83308136	 -13.862853	 -2.638892	 -3.0495906	Scatto 30m	5	Braccio
179	 3343368207	 0.9995907875374305	 -0.0047872362308234925	 0.022600731911701036	 -0.016868513764563834	 0.09857399449556747	 -0.025727977586262746	 -0.043141958730471	 -1.097900390625	 0.127685546875	 -2.264404296875	 0.080651544	 -0.4671555	 -0.24132283	 -0.84677297	 -5.570208	 0.53657025	 -6.242218	Scatto 30m	5	Braccio
180	 3343384874	 0.9985737513690899	 0.02990678894920423	 0.009813002408745941	 -0.043124842436082285	 0.07067489497247459	 0.38492821635445795	 -0.1664515449337913	 -1.096923828125	 0.0625	 -2.2841796875	 0.059045136	 -0.44492626	 -0.2863836	 -0.8464862	 -1.4781736	 -24.570814	 -3.0898514	Scatto 30m	5	Braccio
181	 3343401541	 0.9987707834543991	 0.011795886909959606	 0.008591950616208432	 -0.04737042911460599	 0.13065054453428954	 0.47976268133066685	 -0.20292053883408107	 -1.106201171875	 -0.002685546875	 -2.2998046875	 0.024769751	 -0.42248657	 -0.3178264	 -0.8484562	 -3.229137	 -29.186794	 3.4516497	Scatto 30m	5	Braccio
182	 3343418208	 0.9989941165845277	 -0.012911007001021296	 0.011195376928815616	 -0.041457501892181226	 0.29477400600017045	 0.267645289188683	 -0.19678803124853333	 -1.104736328125	 -0.010009765625	 -2.298583984375	 -0.014393534	 -0.39937645	 -0.32570842	 -0.85685784	 -14.636654	 -15.372314	 6.2967987	Scatto 30m	5	Braccio
183	 3343434875	 0.9987148148023443	 -0.029021769942239276	 0.009850761720501202	 -0.04036605080095069	 0.2897284163458154	 0.1388321912601903	 -0.0027259998745066127	 -1.100341796875	 0.01513671875	 -2.295166015625	 -0.059200738	 -0.37673488	 -0.31898323	 -0.86764956	 -9.964579	 -1.6600181	 6.6054745	Scatto 30m	5	Braccio
184	 3343451542	 0.998202025332274	 -0.039815816000847895	 0.0023671048024428436	 -0.04474163870028702	 0.2250183755470904	 0.24767173842242893	 0.15350798614898278	 -1.1142578125	 0.064208984375	 -2.276611328125	 -0.11377111	 -0.35736203	 -0.30314687	 -0.87604254	 -1.1251189	 -2.3601594	 12.120409	Scatto 30m	5	Braccio
185	 3343468209	 0.9976237154101234	 -0.05921410395229218	 -0.003935557228412767	 -0.03500176758008267	 0.41139758057452336	 0.15820540826400137	 0.18823737761160492	 -1.140869140625	 0.139404296875	 -2.245849609375	 -0.168156	 -0.34259006	 -0.26483366	 -0.8855614	 -9.695778	 7.8983383	 16.08216	Scatto 30m	5	Braccio
186	 3343484876	 0.9978975593303923	 -0.05276339124963045	 -0.0027243239668257317	 -0.03753749705572368	 0.3470532914343439	 -0.0794745001608722	 0.3875510966305883	 -1.17431640625	 0.227294921875	 -2.183837890625	 -0.2211928	 -0.32568935	 -0.23196273	 -0.88949054	 1.9906064	 22.076082	 12.6743355	Scatto 30m	5	Braccio
187	 3343501543	 0.999209271225379	 -0.004959687291084841	 -0.0028904530157319868	 -0.03934309444598378	 0.1728179128186232	 -0.2729988597420905	 0.3536028655519987	 -1.21728515625	 0.227783203125	 -2.169921875	 -0.25942424	 -0.31806353	 -0.2408655	 -0.8794991	 11.269392	 24.375053	 0.4232893	Scatto 30m	5	Braccio
188	 3343518210	 0.9993507200839488	 0.021233109651616094	 -0.002501518510102691	 -0.029000615982409605	 0.19900285152201844	 -0.29746932254028335	 0.14949476785369326	 -1.24951171875	 0.175537109375	 -2.1845703125	 -0.27971616	 -0.318721	 -0.26850018	 -0.8649183	 3.6104972	 22.975515	 -8.993264	Scatto 30m	5	Braccio
189	 3343534877	 0.9989770654242155	 0.03528581569597547	 -0.009988763418009222	 -0.026456730192360337	 0.2290120773097035	 -0.24837805315480194	 0.04585094911051465	 -1.28125	 0.0986328125	 -2.2001953125	 -0.2947558	 -0.32994366	 -0.3043732	 -0.8435717	 -2.2257867	 20.212097	 -12.035983	Scatto 30m	5	Braccio
190	 3343551544	 0.9986774275680596	 0.038730549428890315	 -0.017913130573999295	 -0.02867856272581021	 0.11439186556177983	 -0.16632782884723543	 0.0230716727526114	 -1.32568359375	 -0.001953125	 -2.201904296875	 -0.31195423	 -0.34749046	 -0.34056342	 -0.81605846	 -0.21113972	 11.641031	 -13.426077	Scatto 30m	5	Braccio
191	 3343568211	 0.9993095717697598	 0.025705473284296038	 -0.014164583061819171	 -0.022780978891490448	 -0.004348373642990037	 -0.1263856933024526	 -0.06606982087171188	 -1.367919921875	 -0.07861328125	 -2.197998046875	 -0.3267895	 -0.3591844	 -0.36453336	 -0.79455066	 -0.88248503	 2.8365598	 -17.840939	Scatto 30m	5	Braccio
192	 3343584878	 0.9996787420611322	 0.019878273362129356	 -0.008078840844050307	 -0.013490709760030195	 -0.16143622593690954	 -0.2224589032416157	 -0.16193595664605848	 -1.393310546875	 -0.13427734375	 -2.192626953125	 -0.3338478	 -0.36712375	 -0.38227868	 -0.7795057	 0.6909555	 -3.9058213	 -28.53768	Scatto 30m	5	Braccio
193	 3343601545	 0.9997514114888292	 0.01761541313860912	 -0.012643737524951987	 -0.005191179774376027	 -0.0999902958536911	 -0.3362529518722832	 -0.12370142896987973	 -1.41064453125	 -0.177490234375	 -2.182373046875	 -0.33694476	 -0.38070434	 -0.39370495	 -0.76585174	 1.7335459	 2.4282312	 -31.9308	Scatto 30m	5	Braccio
194	 3343618212	 0.9998241606184755	 -0.009196099374498834	 -0.014097246555666467	 0.008267238922637504	 0.21187042932429195	 -0.204213223538298	 0.04117545338998499	 -1.43896484375	 -0.173828125	 -2.166748046875	 -0.340474	 -0.3914612	 -0.3788609	 -0.7663551	 -1.406394	 16.911219	 -15.2769165	Scatto 30m	5	Braccio
195	 3343634879	 0.9993254054734129	 -0.031529275105740856	 -0.009827401666864024	 0.016064275993137204	 0.2500963506342423	 0.03299963106293571	 0.09296800878606903	 -1.45361328125	 -0.109130859375	 -2.14404296875	 -0.34468532	 -0.39408013	 -0.34481382	 -0.77909976	 -2.5974686	 13.052892	 -0.69841576	Scatto 30m	5	Braccio
196	 3343651546	 0.9992665978689028	 -0.03258078852242044	 -0.013187453518530403	 0.015193737935823681	 0.004052658990459566	 -0.011017103826720458	 0.12082342464944629	 -1.466552734375	 -0.037841796875	 -2.121337890625	 -0.3506325	 -0.39825875	 -0.3085369	 -0.789463	 6.239017	 2.4643116	 -6.9756355	Scatto 30m	5	Braccio
197	 3343668213	 0.9993835391066372	 -0.02833258929704227	 -0.01796641881107247	 0.010344754299777189	 -0.04625053499784569	 -0.15010726767376462	 0.14853929339443162	 -1.489013671875	 0.02880859375	 -2.0849609375	 -0.3598607	 -0.40557575	 -0.27548364	 -0.79379934	 11.514622	 4.729723	 -13.456711	Scatto 30m	5	Braccio
198	 3343684880	 0.9998544553188148	 -0.0012739645654828435	 -0.010498625055568618	 0.01338745925651283	 -0.005643048759644831	 -0.25384801659669104	 0.2157893249058678	 -1.502685546875	 0.060791015625	 -2.060546875	 -0.35372868	 -0.41712815	 -0.26496896	 -0.7941485	 16.34451	 10.600436	 -14.308605	Scatto 30m	5	Braccio
199	 3343701547	 0.9990706261930778	 0.03460842201955211	 -0.005375923246469156	 0.025124499054427433	 0.07056417622887302	 -0.32110161742705035	 0.19966917644492077	 -1.50048828125	 0.05126953125	 -2.065185546875	 -0.32169282	 -0.43973452	 -0.27937376	 -0.7906311	 15.058279	 16.573162	 -15.397424	Scatto 30m	5	Braccio
200	 3343718214	 0.9978588956811275	 0.05568414052946674	 -0.001078832067529484	 0.03428902047164961	 0.25621798675043794	 -0.2356501560952573	 0.11260085159400864	 -1.488525390625	 0.015380859375	 -2.090087890625	 -0.2711033	 -0.46678394	 -0.30666134	 -0.7839483	 3.399532	 21.669783	 -8.963682	Scatto 30m	5	Braccio
201	 3343734881	 0.997357929930669	 0.06114149426198179	 0.008238803504375725	 0.03835361000791116	 0.4159229001519593	 -0.08044038258712419	 0.07817908801792323	 -1.4658203125	 -0.03369140625	 -2.127197265625	 -0.21038991	 -0.4869659	 -0.33734533	 -0.777688	 -5.5402417	 21.982594	 2.6014776	Scatto 30m	5	Braccio
202	 3343751548	 0.9976596300927905	 0.05367762983510879	 0.007672554838931035	 0.04165460887639122	 0.843091268452839	 0.08888449652941144	 0.08328870247358922	 -1.431884765625	 -0.079833984375	 -2.160888671875	 -0.1495303	 -0.5046927	 -0.35890418	 -0.77078784	 -17.660955	 30.961054	 26.816723	Scatto 30m	5	Braccio
203	 3343768215	 0.998784746896146	 0.037527466565755965	 0.013002178939683919	 0.02918324799568867	 0.6951637961137898	 0.18982101727491507	 0.03548007935136838	 -1.40185546875	 -0.11083984375	 -2.18115234375	 -0.103260025	 -0.5096801	 -0.37390515	 -0.7679574	 -15.241289	 17.428087	 26.763802	Scatto 30m	5	Braccio
204	 3343784882	 0.9994542560643137	 0.02399721583798315	 0.004930734630912288	 0.02215877981645531	 0.4867433624120975	 0.16928638491071626	 7.334019812025028E-4	 -1.390380859375	 -0.130859375	 -2.195068359375	 -0.07167959	 -0.5159241	 -0.38081586	 -0.763979	 -11.117384	 8.515303	 17.754393	Scatto 30m	5	Braccio
205	 3343801549	 0.9991364915024827	 0.0315046750081024	 0.0039424576685884736	 0.026798951999556397	 0.30739719083039196	 0.1775424303785353	 0.003172052169817509	 -1.378173828125	 -0.153564453125	 -2.204345703125	 -0.032823928	 -0.5244611	 -0.39068878	 -0.7557946	 -5.245584	 1.7931517	 10.75342	Scatto 30m	5	Braccio
206	 3343818216	 0.9984822918349752	 0.047586594182608744	 -0.0015659196548128698	 0.02767989959717887	 0.3057580540363776	 0.0489980694234122	 0.002439152316315918	 -1.374755859375	 -0.199462890625	 -2.207763671875	 0.013006699	 -0.5366326	 -0.41143054	 -0.736601	 -7.033275	 6.3863416	 6.1545944	Scatto 30m	5	Braccio
207	 3343834883	 0.9979180687142278	 0.06042110650244681	 3.8626434021882266E-4	 0.022553687559802086	 0.22416894809346183	 0.1296703850859632	 -0.06625306980581505	 -1.377197265625	 -0.278076171875	 -2.204833984375	 0.06277964	 -0.54295486	 -0.44310865	 -0.71057266	 -5.1959066	 -2.0049114	 5.2278986	Scatto 30m	5	Braccio
208	 3343851550	 0.998480458760081	 0.05129489643447038	 0.0066285877299732685	 0.019017594452011344	 0.04664732640947593	 0.2471847473332125	 -0.1142067433765096	 -1.37353515625	 -0.35888671875	 -2.200927734375	 0.10748168	 -0.54172045	 -0.46849725	 -0.68956286	 2.460391	 -12.612384	 0.6568346	Scatto 30m	5	Braccio
209	 3343868217	 0.9995918820375143	 0.020649119044074182	 0.010314412879838697	 0.016831403219819522	 -0.1673901850899115	 0.2726385106054025	 -0.13711682496655564	 -1.361328125	 -0.394775390625	 -2.204345703125	 0.13514362	 -0.5391083	 -0.47291028	 -0.6837064	 9.351675	 -18.670475	 -9.514221	Scatto 30m	5	Braccio
212	 3343918218	 0.9988423067898917	 -0.01109910015034879	 -0.0127222943501632	 0.045044415513669445	 0.03076419607062164	 0.2977743445662535	 -0.3824540769081459	 -1.3828125	 -0.307373046875	 -2.200927734375	 0.15092558	 -0.56750864	 -0.44554764	 -0.6757535	 -11.949687	 3.6290507	 -4.8003597	Scatto 30m	5	Braccio
213	 3343934885	 0.9992800384071054	 0.030999141233228472	 -0.019689009599684837	 -0.00952895507806223	 0.0707457977112065	 0.225757737303561	 -5.173546846134677E-4	 -1.415283203125	 -0.37451171875	 -2.171875	 0.15234241	 -0.5706939	 -0.47594726	 -0.65159386	 8.2864485	 -6.290933	 -0.15589046	Scatto 30m	5	Braccio
215	 3343968219	 0.9984284321369542	 -0.00366276640220059	 -0.034538771929916175	 -0.04398094219545063	 -0.040643949271908286	 0.6126739285128712	 -0.17412758620638868	 -1.463134765625	 -0.440185546875	 -2.13134765625	 0.10208892	 -0.57012075	 -0.5058897	 -0.63923067	 6.13388	 -14.8031025	 -2.2639122	Scatto 30m	5	Braccio
216	 3343984886	 0.9992549667916907	 -0.01983162763099361	 -0.01819548367218993	 -0.0276612049914306	 0.06524723201194979	 0.0686682825408896	 -0.16204128254774677	 -1.4794921875	 -0.442138671875	 -2.114501953125	 0.06188261	 -0.56843793	 -0.5119716	 -0.6410415	 -4.465617	 -7.587421	 -2.7909718	Scatto 30m	5	Braccio
217	 3344001553	 0.9992303039733145	 -0.013581709309866047	 -0.022793142346710427	 -0.02889306933474717	 0.1448334021441403	 0.013510192522356326	 -0.17221942886352676	 -1.50341796875	 -0.455078125	 -2.087890625	 0.02203668	 -0.56776154	 -0.5223047	 -0.6358923	 -9.352326	 -3.505364	 -0.6919489	Scatto 30m	5	Braccio
219	 3344034887	 0.9968523624816058	 -0.027088587163444727	 -0.0455540143147496	 -0.05896106885175407	 0.8213576342683153	 0.420194529554344	 -0.09131910962552447	 -1.542236328125	 -0.501953125	 -2.037353515625	 -0.057932366	 -0.5628678	 -0.5411703	 -0.62205976	 -2.6946073	 11.659652	 25.713112	Scatto 30m	5	Braccio
220	 3344051554	 0.9979352028645214	 -0.048652674585881905	 -0.028009804505026745	 -0.0312041502203943	 0.6273295661552786	 0.4111806200990794	 -0.043306299181695304	 -1.570556640625	 -0.483642578125	 -2.0234375	 -0.12105025	 -0.558502	 -0.5272234	 -0.62885445	 -2.26195	 14.030198	 32.967083	Scatto 30m	5	Braccio
221	 3344068221	 0.9979158692993207	 -0.052768914295815816	 -0.02120706224725738	 -0.030489670307543158	 0.4421126438946834	 0.39796088554333925	 -0.015903494395155496	 -1.588623046875	 -0.45849609375	 -2.01416015625	 -0.18172044	 -0.5473983	 -0.5086901	 -0.6391927	 0.44049725	 9.249408	 24.66771	Scatto 30m	5	Braccio
222	 3344084888	 0.9984859557509983	 -0.04786926808582685	 -0.01564717558649312	 -0.022124539251880265	 0.33838378096855515	 0.05692016038115848	 -0.0301541594966957	 -1.60302734375	 -0.42333984375	 -2.00146484375	 -0.23073035	 -0.53586346	 -0.48777425	 -0.64937687	 -7.289031	 13.775465	 3.7612906	Scatto 30m	5	Braccio
223	 3344101555	 0.9991137285750971	 -0.03556568819524876	 -0.011895966002711702	 -0.019113481860399215	 0.3617201181100093	 -0.17563287392491633	 -0.051790376841657854	 -1.61474609375	 -0.397705078125	 -1.9951171875	 -0.26855868	 -0.5250143	 -0.47280926	 -0.65474254	 -12.153206	 21.042156	 -8.69288	Scatto 30m	5	Braccio
224	 3344118222	 0.9993446959407601	 -0.02699071363028184	 -0.010249030428115482	 -0.021832028034088152	 0.25376390661194986	 -0.22567570583971863	 -0.003976589735403165	 -1.6220703125	 -0.389404296875	 -1.9892578125	 -0.301999	 -0.51340246	 -0.46454608	 -0.6552949	 -6.8461337	 18.367008	 -15.376498	Scatto 30m	5	Braccio
225	 3344134889	 0.9993783169179752	 -0.02645871367658069	 -0.008808508403291948	 -0.02157142379364505	 0.09087030485576406	 -0.1941989051294586	 0.018616536913838584	 -1.62744140625	 -0.388916015625	 -1.981201171875	 -0.3337522	 -0.50061554	 -0.45618868	 -0.65565664	 -1.4855082	 9.607691	 -18.312485	Scatto 30m	5	Braccio
226	 3344151556	 0.9995460306988859	 -0.02583583219653883	 -0.0038324295685975705	 -0.015018481028915953	 -0.04515756102360412	 -0.2245373064352514	 0.011622312019745689	 -1.63134765625	 -0.38037109375	 -1.981201171875	 -0.35827374	 -0.4872737	 -0.44605082	 -0.65972954	 1.1454867	 2.6568065	 -23.26422	Scatto 30m	5	Braccio
227	 3344168223	 0.9995596732943672	 -0.028210614211248097	 -5.862203126626165E-5	 -0.009198768012048804	 0.01015630788447587	 -0.37056248721926277	 0.0117980672720654	 -1.62744140625	 -0.361328125	 -1.98876953125	 -0.37823266	 -0.4727448	 -0.4324425	 -0.6681662	 1.3370938	 8.44794	 -30.35658	Scatto 30m	5	Braccio
228	 3344184890	 0.9993561852158331	 -0.03585165960853963	 0.0010258521141282564	 -9.06201749524771E-4	 0.21418922681559235	 -0.4211188188392191	 0.09266192278037438	 -1.6259765625	 -0.3212890625	 -1.998046875	 -0.39549094	 -0.45774555	 -0.40962493	 -0.68283486	 4.309159	 21.608131	 -28.493168	Scatto 30m	5	Braccio
229	 3344201557	 0.9992579243961984	 -0.0372012381172952	 -0.0019813776203090327	 0.00978481255146352	 0.22989627871828444	 -0.23364272120204232	 0.22865202302320195	 -1.625	 -0.2578125	 -1.999755859375	 -0.40673253	 -0.44812948	 -0.3789521	 -0.7001029	 11.6170845	 20.284538	 -15.156857	Scatto 30m	5	Braccio
230	 3344218224	 0.9996089323324663	 -0.023274700672453907	 -0.0027739544986973013	 0.015250438885270695	 0.11578498761267116	 -0.08124645817308557	 0.17629970128572647	 -1.62744140625	 -0.194580078125	 -1.993896484375	 -0.4078591	 -0.44633725	 -0.3544885	 -0.7132824	 9.153568	 9.936885	 -8.634031	Scatto 30m	5	Braccio
231	 3344234891	 0.9997864193629842	 -0.009863057294505123	 -7.928057918436816E-4	 0.018144068373017356	 -0.026798437567767362	 -0.14176362280489974	 0.148232620427498	 -1.62744140625	 -0.148681640625	 -1.98876953125	 -0.40015513	 -0.44932172	 -0.33874682	 -0.72335094	 10.924617	 3.3737872	 -14.638621	Scatto 30m	5	Braccio
232	 3344251558	 0.9997691112118887	 0.00890819186442035	 6.313854369820183E-4	 0.01954404606847787	 -0.047204238109624916	 -0.22642433352123628	 0.20150997475221769	 -1.624755859375	 -0.125732421875	 -1.9951171875	 -0.3825653	 -0.45893767	 -0.33632213	 -0.7279474	 15.653647	 5.2193737	 -17.966698	Scatto 30m	5	Braccio
233	 3344268225	 0.9991950309824906	 0.033135423116710264	 0.0018463210195566876	 0.022537189120846766	 0.05404260305323708	 -0.2222445726448065	 0.15154788948598907	 -1.62109375	 -0.126708984375	 -1.999755859375	 -0.35110545	 -0.47729442	 -0.35018465	 -0.72545564	 10.810275	 10.497471	 -16.441132	Scatto 30m	5	Braccio
234	 3344284892	 0.9984084169511117	 0.04972454905265411	 0.007449789733842403	 0.02554609198305699	 0.20338897447844423	 -0.12653798208693479	 0.07756888233695158	 -1.608154296875	 -0.148193359375	 -2.015869140625	 -0.30683708	 -0.49721336	 -0.37572443	 -0.7193478	 2.069422	 14.95652	 -9.323086	Scatto 30m	5	Braccio
235	 3344301559	 0.9981153846691005	 0.053083944786520884	 0.014319466276934466	 0.027253010444700302	 0.3156723506503456	 0.002547372932846584	 0.05316927145619756	 -1.583740234375	 -0.19091796875	 -2.043701171875	 -0.25591102	 -0.51207787	 -0.4037008	 -0.7136607	 -3.009814	 16.074873	 0.2590065	Scatto 30m	5	Braccio
236	 3344318226	 0.9984568091493979	 0.04156065004430467	 0.018839364793003882	 0.03165108158173958	 0.5953836063240814	 0.1486610128533512	 -0.022529125842132777	 -1.557861328125	 -0.210693359375	 -2.07275390625	 -0.20486799	 -0.52074075	 -0.4210849	 -0.7138247	 -13.175344	 22.45872	 16.255375	Scatto 30m	5	Braccio
237	 3344334893	 0.9988654429253025	 0.025078350773364576	 0.021797955167457864	 0.034113815421978944	 0.8547178529379874	 0.2269892297898482	 -0.06462160841180634	 -1.519775390625	 -0.207275390625	 -2.104736328125	 -0.15848401	 -0.5235834	 -0.42499325	 -0.7211963	 -20.761435	 28.171623	 30.257484	Scatto 30m	5	Braccio
238	 3344351560	 0.9996270500661608	 0.010682087337429758	 0.0070846770625438435	 0.024113505283558156	 0.5215721534689529	 0.18942149532695576	 -0.014824345943412823	 -1.499267578125	 -0.1962890625	 -2.1220703125	 -0.13231236	 -0.52979803	 -0.42084166	 -0.72436184	 -10.906917	 13.853996	 18.442844	Scatto 30m	5	Braccio
239	 3344368227	 0.9996344608541343	 0.015992967369661812	 9.492448777652652E-4	 0.021777708826665024	 0.3748909380609327	 0.13139137453412356	 0.040477126588654974	 -1.494384765625	 -0.18505859375	 -2.126708984375	 -0.107295856	 -0.5397898	 -0.42076457	 -0.7211602	 -4.9437923	 10.5637455	 11.114382	Scatto 30m	5	Braccio
240	 3344384894	 0.9984210650058013	 0.05295424777108525	 -0.0076763365517068536	 0.017096738075570717	 0.37479278951075723	 -0.08081064503623608	 0.017605734422115604	 -1.501708984375	 -0.2294921875	 -2.119140625	 -0.06903343	 -0.55682933	 -0.4482662	 -0.6958686	 -9.4147215	 17.16519	 2.3111706	Scatto 30m	5	Braccio
241	 3344401561	 0.997998846347573	 0.06273763100541696	 -0.0016928714665558897	 0.007708860547398667	 0.26921955724832136	 0.14998701460122976	 -0.03545815543713226	 -1.510498046875	 -0.317626953125	 -2.10986328125	 -0.028673535	 -0.56396705	 -0.4867623	 -0.6664695	 -4.126043	 3.0635655	 8.077133	Scatto 30m	5	Braccio
244	 3344451562	 0.9948354105953943	 0.08408471826168928	 0.053694366230364284	 0.01868638583207799	 -0.27331658714593354	 0.7371223828711679	 -0.025069246725002242	 -1.44677734375	 -0.459716796875	 -2.136474609375	 0.058279943	 -0.5337522	 -0.53242606	 -0.6543963	 13.788289	 -14.829452	 -10.444833	Scatto 30m	5	Braccio
245	 3344468229	 0.9993522546572009	 -0.016901144056305883	 0.030630778672809555	 0.008436695979732902	 -0.059379834594470285	 0.2344093257823217	 -0.09983507197737426	 -1.39306640625	 -0.431640625	 -2.1845703125	 0.07038203	 -0.5177541	 -0.5153	 -0.67929596	 6.7641716	 -12.309674	 -2.8054576	Scatto 30m	5	Braccio
246	 3344484896	 0.9991452325083297	 -0.030049195743083734	 0.027122765728185286	 0.008378888370392024	 0.2325243896793953	 0.1487739326620617	 -0.2032444817249155	 -1.34814453125	 -0.374267578125	 -2.2216796875	 0.073446445	 -0.5042581	 -0.48890013	 -0.7080297	 -8.414816	 -7.4439325	 7.4147205	Scatto 30m	5	Braccio
247	 3344501563	 0.9992781834985847	 -0.03194443384290263	 0.020443849590031763	 -0.0021712079968471136	 0.1506023456395315	 0.040689007674765874	 -0.16461008247607087	 -1.297119140625	 -0.30712890625	 -2.25244140625	 0.06475664	 -0.48976734	 -0.46636724	 -0.73378223	 -9.227135	 -5.316259	 -1.3414803	Scatto 30m	5	Braccio
248	 3344518230	 0.9997217029900011	 -0.019914780720581726	 -0.0035449794204774903	 -0.012138830278563995	 -0.05998261032874775	 0.03662447357065386	 -0.12450977656327719	 -1.2919921875	 -0.274658203125	 -2.2529296875	 0.0433834	 -0.48710373	 -0.45870236	 -0.74191666	 -1.8603009	 -8.110694	 -11.897167	Scatto 30m	5	Braccio
249	 3344534897	 0.999605377389048	 -0.01837544079252236	 0.008903711711294393	 -0.019291360458547572	 -0.08091758131424438	 0.17861858420899504	 -0.11342727089058247	 -1.28466796875	 -0.25439453125	 -2.25927734375	 0.023076616	 -0.47153434	 -0.45493704	 -0.75508624	 3.3707047	 -12.943551	 -7.3955755	Scatto 30m	5	Braccio
250	 3344551564	 0.9992325347539333	 -0.028436887581643838	 0.00497456060608792	 -0.026475246187238954	 -0.08714187662179734	 0.2645577710962233	 -0.10132298518945884	 -1.265869140625	 -0.230712890625	 -2.2685546875	 -0.00941403	 -0.45531306	 -0.446643	 -0.7701374	 6.066051	 -15.654579	 -3.9482942	Scatto 30m	5	Braccio
251	 3344568231	 0.9989305410348666	 -0.03682499534326263	 -0.00541648472932732	 -0.02742910131474574	 0.10013267598729644	 0.08433590602339482	 -0.17260135188893894	 -1.2705078125	 -0.184814453125	 -2.263427734375	 -0.05134751	 -0.4456853	 -0.431514	 -0.7826391	 -8.880394	 -7.5432286	 -4.0533457	Scatto 30m	5	Braccio
252	 3344584898	 0.9986575631663571	 -0.03812494981534261	 -0.004665539081523951	 -0.034753308868218875	 0.1416008013455713	 -0.02348515533921804	 -0.13014293360077633	 -1.285888671875	 -0.137939453125	 -2.25244140625	 -0.09905351	 -0.4311716	 -0.4177273	 -0.7935889	 -11.297252	 -0.09042619	 -7.073673	Scatto 30m	5	Braccio
253	 3344601565	 0.9988897218548777	 -0.026491634761533565	 -0.0051288476233516955	 -0.03861621139370181	 0.14012897415755557	 0.14360195611200738	 -0.03164685245568635	 -1.302978515625	 -0.12255859375	 -2.238525390625	 -0.1445676	 -0.41551355	 -0.413782	 -0.79701537	 -4.815876	 -2.1825554	 1.1677914	Scatto 30m	5	Braccio
254	 3344618232	 0.9990939313763558	 -0.027531550540588645	 -0.006999513028019045	 -0.03169127370648034	 0.18520388572422686	 0.3799752122123416	 0.07074361618207323	 -1.318603515625	 -0.10498046875	 -2.23388671875	 -0.18540443	 -0.40316752	 -0.40502864	 -0.79939556	 -0.8856884	 -5.352591	 15.322489	Scatto 30m	5	Braccio
255	 3344634899	 0.9986945859745963	 -0.04568221410526756	 -0.019017535389950855	 -0.012672513845406576	 0.7958578964332725	 0.24062621989956096	 0.13682783410568802	 -1.353759765625	 -0.054443359375	 -2.20654296875	 -0.22284615	 -0.40380847	 -0.37101072	 -0.80599594	 -21.972946	 25.144121	 28.14737	Scatto 30m	5	Braccio
256	 3344651566	 0.9972010139883719	 -0.0627773774833369	 -0.021672115201248985	 -0.03434323804741257	 0.5736574242342481	 -0.04560032248785709	 0.35236802085644736	 -1.39794921875	 0.02685546875	 -2.14794921875	 -0.28429508	 -0.39333034	 -0.3296788	 -0.8098023	 -2.3576312	 33.22105	 13.205656	Scatto 30m	5	Braccio
257	 3344668233	 0.9982969981176344	 -0.026933317221668668	 -0.023482506770485023	 -0.04611151535713199	 0.22838584831832182	 0.10755149607725381	 0.3506153956184336	 -1.46142578125	 0.033935546875	 -2.098876953125	 -0.3402337	 -0.38893962	 -0.3196319	 -0.7942308	 8.8097	 12.369177	 11.196333	Scatto 30m	5	Braccio
258	 3344684900	 0.999369834786486	 -0.008453562690124844	 -0.017340268557500236	 -0.029795732631193506	 0.05914891040923517	 -0.0025501036851479086	 0.14600106425324086	 -1.512451171875	 0.005126953125	 -2.071533203125	 -0.37331152	 -0.39017063	 -0.31906927	 -0.7788456	 5.7081227	 5.0128565	 -4.1883936	Scatto 30m	5	Braccio
259	 3344701567	 0.9997232151723555	 0.0014975541118696645	 -0.020303198896010805	 -0.01179111918857473	 0.30780875620532616	 -0.1852359139052866	 0.031864558981675645	 -1.551513671875	 -0.017333984375	 -2.040283203125	 -0.38919008	 -0.40274918	 -0.31774676	 -0.76508915	 -2.40127	 21.48443	 -10.775324	Scatto 30m	5	Braccio
260	 3344718234	 0.9994522170615932	 0.02238021150133715	 -0.020162210878419674	 -0.013706830279668375	 0.2527546057910054	 -0.28941139893473583	 -0.03672540395464695	 -1.58349609375	 -0.05810546875	 -2.013671875	 -0.39752454	 -0.4224511	 -0.33283824	 -0.743457	 -1.6820736	 21.146736	 -19.104288	Scatto 30m	5	Braccio
261	 3344734901	 0.9993527854554187	 0.022355827500594255	 -0.023119793846737277	 -0.016115281931874035	 0.10213922196153166	 -0.1288047265013799	 0.014680388543612078	 -1.620849609375	 -0.11962890625	 -1.987548828125	 -0.4080635	 -0.44310623	 -0.3471902	 -0.71874905	 1.1680971	 9.0689125	 -13.612249	Scatto 30m	5	Braccio
262	 3344751568	 0.9998458292810912	 -0.005053909985882926	 -0.013525610942566714	 -0.009991672116911238	 -0.007460922484627104	 -0.005164032562752099	 0.041652131994757605	 -1.650634765625	 -0.146484375	 -1.962158203125	 -0.4226105	 -0.447403	 -0.34278157	 -0.70974064	 2.5085654	 0.076606385	 -9.323447	Scatto 30m	5	Braccio
