2	 2639537743	 0.9952165729918132	 0.060188245032245624	 0.05072206400804142	 0.057867263846958894	 0.0807303612745326	 -0.1595573670172152	 -0.05378336288948555	 -1.49853515625	 0.273193359375	 -0.669677734375	 0.85284394	 0.2918257	 0.0060446234	 -0.43296483	 -4.867796	 -6.8434477	 -17.228058	Scatto 30m	3	Braccio
3	 2639554410	 0.9967108070915096	 0.03585545590702949	 0.03266593243315164	 0.06492218547587116	 0.24386660336434995	 -0.2618148009371887	 -0.13468373294553743	 -1.45458984375	 0.40185546875	 -0.774169921875	 0.8676327	 0.3355504	 4.5447797E-4	 -0.3669051	 -0.5970563	 -13.902298	 -28.047945	Scatto 30m	3	Braccio
4	 2639571077	 0.9974746427115206	 0.006286875899934846	 0.025584012726794562	 0.06595658141336652	 0.3205426194800887	 -0.3236177373776151	 -0.07545047929558454	 -1.36962890625	 0.4912109375	 -0.82275390625	 0.88810164	 0.34808955	 -0.0023049172	 -0.30017292	 2.791038	 -19.55634	 -29.23207	Scatto 30m	3	Braccio
5	 2639587744	 0.9967891230672664	 -0.014254868567313811	 0.028855514743202526	 0.07331849784210907	 0.2910475424875665	 -0.4571508814881034	 -0.0688024503666988	 -1.275634765625	 0.55322265625	 -0.836669921875	 0.91326636	 0.34019735	 5.4362044E-4	 -0.22407556	 0.6411012	 -22.870153	 -33.283745	Scatto 30m	3	Braccio
6	 2639604411	 0.9951755264039143	 -0.043889617475344894	 0.015567123330729073	 0.08635414174065886	 0.2638519162461963	 -0.5344093419994694	 -0.14071719064171778	 -1.142333984375	 0.5849609375	 -0.7861328125	 0.9443606	 0.29818735	 -0.005075965	 -0.13871467	 2.3892512	 -22.99216	 -38.371265	Scatto 30m	3	Braccio
7	 2639621078	 0.9937375690848913	 -0.06680848015569113	 0.003047648760694355	 0.08951526465116928	 0.39008881975693066	 -0.23655472130271504	 -0.1116041192214205	 -0.987548828125	 0.55908203125	 -0.671142578125	 0.97176194	 0.22916557	 -0.019796472	 -0.052631795	 19.460339	 -13.7450285	 -24.860565	Scatto 30m	3	Braccio
8	 2639637745	 0.9950198423109466	 -0.05039028990897662	 -0.005261399325229067	 0.08584083974151516	 0.5454452326902597	 -0.15658374333049305	 0.028768941157521703	 -0.83251953125	 0.504150390625	 -0.57421875	 0.9829995	 0.17515355	 -0.04767651	 0.027571619	 31.499714	 -12.928273	 -11.517735	Scatto 30m	3	Braccio
9	 2639654412	 0.9961083793828598	 -0.048617902329858534	 -0.0056730704369598595	 0.07329537753579117	 0.5850824317066431	 0.14826366118412074	 0.006432642831991157	 -0.69921875	 0.42333984375	 -0.50341796875	 0.9852248	 0.12094402	 -0.07734364	 0.093396336	 34.14849	 9.276474	 -2.1036053	Scatto 30m	3	Braccio
12	 2639704413	 0.9925838997600003	 -0.08432883261036081	 0.05998088832597132	 0.06378199560558506	 -0.21763565932909862	 1.2104106491040063	 -0.13800890191907086	 -0.659912109375	 0.233642578125	 -0.35546875	 0.98663396	 0.044926137	 -0.046201877	 0.14966816	 -16.610832	 20.064596	 -6.0286922	Scatto 30m	3	Braccio
13	 2639721080	 0.9988928867557478	 0.016448606138903338	 0.027186043065638682	 -0.03468952590176646	 -0.1146935652859624	 0.47690333290610165	 0.1451562011402347	 -0.733642578125	 0.25537109375	 -0.3544921875	 0.99067205	 0.06661732	 -0.0095729595	 0.118487924	 -15.774187	 24.14307	 0.68490887	Scatto 30m	3	Braccio
15	 2639754414	 0.986330318028385	 0.06720065953557752	 0.05041894188045599	 -0.14175508948769175	 0.18572669519408175	 0.6251805104491263	 0.17760669349813007	 -0.98388671875	 0.35888671875	 -0.4345703125	 0.98711944	 0.14366773	 0.06809379	 -0.01783467	 6.5024166	 14.384909	 -2.1535516	Scatto 30m	3	Braccio
17	 2639787748	 0.9825348439736773	 0.01490383933706741	 0.03249321042893619	 -0.1826125604296084	 0.6494819776050139	 0.3382226520514181	 0.1535204798176379	 -1.276611328125	 0.2958984375	 -0.4833984375	 0.96023303	 0.15790886	 0.12154612	 -0.19556057	 25.451483	 4.763535	 -8.276967	Scatto 30m	3	Braccio
23	 2639887750	 0.8750488416222181	 -0.09358085884020897	 -0.041228497945662294	 -0.47310924593743436	 3.761950714170537	 -1.0418089032573112	 -1.4570076353060535	 -1.5166015625	 -0.496826171875	 -0.387451171875	 0.75667846	 0.033392288	 0.10336835	 -0.6446996	 18.019447	 -43.928947	 -34.26543	Scatto 30m	3	Braccio
24	 2639904417	 0.9955288638346039	 0.06695093088668393	 -0.04079537904711744	 -0.05268387964065758	 0.7407706659764962	 -0.07531268588388679	 -0.23087109003938844	 -1.427978515625	 -0.468017578125	 -0.317138671875	 0.719427	 0.05268501	 0.016515149	 -0.69237006	 0.65450966	 -41.704987	 -30.978745	Scatto 30m	3	Braccio
30	 2640004419	 0.9622104925360344	 0.15706277204726013	 -0.12067384556278452	 0.1868691432192108	 1.3644420151548522	 -1.3976980091940723	 0.32839715767953837	 -1.097412109375	 -0.04833984375	 -0.225830078125	 0.8283457	 0.04022682	 -0.1986795	 -0.5222563	 -0.18062015	 -10.071323	 6.452114	Scatto 30m	3	Braccio
33	 2640054420	 0.9446647011065366	 0.2626338603198321	 0.09383517673564397	 0.1727050013861533	 -0.11630372885240578	 -0.44680526539734855	 0.5357269060026876	 -1.036376953125	 0.48974609375	 -0.586669921875	 0.8829343	 0.27088037	 -0.24894005	 -0.29168442	 -16.320852	 -6.8439875	 -6.5271473	Scatto 30m	3	Braccio
34	 2640071087	 0.9944689170529074	 0.06931454444244459	 0.05261704681496488	 0.058809126237563764	 0.2231518415034838	 -0.5280351089776464	 0.11911744660200782	 -0.9931640625	 0.598876953125	 -0.73974609375	 0.890493	 0.33189732	 -0.23330578	 -0.20599732	 -6.8454847	 -32.7667	 -20.466597	Scatto 30m	3	Braccio
35	 2640087754	 0.9954912949845839	 0.019575860908439963	 0.06291223037761491	 0.06823429158805398	 0.20586686950218375	 -0.7655091541291915	 0.0909873056777994	 -0.9208984375	 0.64453125	 -0.818359375	 0.91034454	 0.34282893	 -0.19980747	 -0.11755082	 -2.8299723	 -41.27401	 -33.903946	Scatto 30m	3	Braccio
37	 2640121088	 0.9717235762905564	 -0.1356764355372003	 0.09072553449014677	 0.1706284663017525	 0.8273234177013794	 -1.4217321496611275	 0.05920607074949569	 -0.7177734375	 0.518798828125	 -0.610595703125	 0.9718386	 0.17573006	 -0.14917418	 0.04895034	 31.9674	 -35.73025	 -14.36441	Scatto 30m	3	Braccio
38	 2640137755	 0.9911093788179012	 -0.10379702754866996	 0.02188438167300372	 0.08030846860727095	 0.929833381307424	 0.11274348362829298	 0.06752905818708732	 -0.632080078125	 0.3447265625	 -0.4453125	 0.98082614	 0.05362735	 -0.14765571	 0.115333885	 50.785915	 7.530276	 13.396183	Scatto 30m	3	Braccio
39	 2640154422	 0.9942027900915363	 -0.07807341604472692	 0.018341654502563868	 0.07161660136742144	 0.3590638564807592	 0.557206943875834	 -0.1234723106240127	 -0.579345703125	 0.162353515625	 -0.34033203125	 0.9731473	 -0.039244052	 -0.14858776	 0.17136516	 14.198421	 37.83844	 -7.9770665	Scatto 30m	3	Braccio
40	 2640171089	 0.9978121683967618	 -0.04028675048435704	 0.028990687479799274	 0.043673726360503734	 -0.12784027451717486	 0.43276096151618654	 -0.17649839079309165	 -0.577880859375	 0.035888671875	 -0.282470703125	 0.9664367	 -0.087643445	 -0.13120498	 0.20274177	 -11.705526	 21.57375	 -25.391708	Scatto 30m	3	Braccio
41	 2640187756	 0.999393526776205	 0.0011182342818435165	 0.034142054798132204	 0.006756351387476462	 -0.1002913452968394	 0.4201417413085078	 -0.03882152636825148	 -0.63232421875	 0.00439453125	 -0.26220703125	 0.9696582	 -0.089890726	 -0.09940714	 0.20445338	 -13.8512125	 20.072887	 -18.885527	Scatto 30m	3	Braccio
42	 2640204423	 0.999009981720389	 0.02891224913569429	 0.027279923671827692	 -0.019973583489269628	 -0.13850971542209042	 0.46273537152335026	 0.14068309347658886	 -0.69482421875	 0.0517578125	 -0.25927734375	 0.9786016	 -0.059749097	 -0.06833116	 0.18466243	 -19.896841	 22.674536	 -8.756773	Scatto 30m	3	Braccio
43	 2640221090	 0.9975755292083127	 0.04351044281184893	 0.02441959425292037	 -0.048513795023626245	 0.043342615491458104	 0.5049080403015356	 0.18394177627050276	 -0.779052734375	 0.134033203125	 -0.287841796875	 0.989616	 -0.011681025	 -0.036393337	 0.13856211	 -10.035841	 29.906858	 -2.6612754	Scatto 30m	3	Braccio
44	 2640237757	 0.996376460113236	 0.046404774655715075	 0.02187510288046546	 -0.06783823770808345	 0.1737889432910574	 0.3316660693968419	 0.035203508026947314	 -0.880126953125	 0.2216796875	 -0.343505859375	 0.9964859	 0.041241206	 -0.0059521645	 0.07266258	 4.374294	 22.008192	 -7.429025	Scatto 30m	3	Braccio
45	 2640254424	 0.9952892594586913	 0.04000983766851961	 0.020778198730041025	 -0.08582988613206692	 0.18504556307190223	 0.20696992918120144	 0.07465208164704724	 -1.00341796875	 0.27783203125	 -0.3974609375	 0.99584574	 0.08725672	 0.022949437	 -0.012286559	 9.159008	 13.414587	 -4.008632	Scatto 30m	3	Braccio
46	 2640271091	 0.9949133039756806	 0.01722203468765887	 0.021632670310279743	 -0.09686561138329194	 0.2904563200098724	 0.21442055196859086	 0.13080051780367696	 -1.1533203125	 0.2705078125	 -0.43115234375	 0.98680544	 0.10866519	 0.053087037	 -0.10765239	 18.10805	 10.840749	 -0.5719576	Scatto 30m	3	Braccio
47	 2640287758	 0.994662050109182	 -0.006896238885029271	 0.01908074370104879	 -0.10117199801157838	 0.463416906757852	 0.15354472702342345	 0.05985928234435281	 -1.302978515625	 0.189697265625	 -0.4423828125	 0.9696215	 0.1044851	 0.08202075	 -0.20540151	 29.354057	 2.3029678	 -7.848236	Scatto 30m	3	Braccio
48	 2640304425	 0.9942311869833438	 -0.02904401203281344	 0.011931974158320634	 -0.10255934958556562	 0.6099567523606978	 0.20696422786110458	 -0.06256277234820007	 -1.41748046875	 0.050537109375	 -0.443603515625	 0.944392	 0.07626937	 0.10597859	 -0.30178657	 37.820427	 -2.0674648	 -18.354662	Scatto 30m	3	Braccio
49	 2640321092	 0.9943782603657653	 -0.043521652639108746	 0.01696868287777914	 -0.09502528539766993	 0.640761334392791	 0.2812730441153449	 -0.20210213348533076	 -1.496337890625	 -0.134765625	 -0.4326171875	 0.91144496	 0.036848832	 0.13551179	 -0.38671276	 38.8688	 -5.322046	 -29.068375	Scatto 30m	3	Braccio
50	 2640337759	 0.99545430481911	 -0.02806554603526875	 0.022293355296738645	 -0.08823864489246153	 0.7346502641948508	 0.2508282905932124	 -0.19638513573127836	 -1.55322265625	 -0.308349609375	 -0.461181640625	 0.8707164	 0.015469402	 0.16139811	 -0.46428913	 37.77094	 -18.327305	 -33.17282	Scatto 30m	3	Braccio
51	 2640354426	 0.9961803915364659	 -7.973025015922813E-4	 0.014120741984983596	 -0.08616609816376665	 0.7819349933748851	 0.17612688089976308	 -0.14536552684692536	 -1.572509765625	 -0.4404296875	 -0.492919921875	 0.8243857	 0.014783194	 0.16540371	 -0.5411206	 30.75275	 -30.429607	 -32.55102	Scatto 30m	3	Braccio
52	 2640371093	 0.9951295924841042	 0.03911423236689969	 0.001122231714039815	 -0.09047602767998164	 0.9193682843531974	 0.20574997844414683	 -0.17773903013784922	 -1.55615234375	 -0.529052734375	 -0.492431640625	 0.7693809	 0.038808558	 0.13522993	 -0.623105	 28.417093	 -42.054005	 -36.88301	Scatto 30m	3	Braccio
53	 2640387760	 0.9937143266354866	 0.08038379063717078	 -0.02297996108424701	 -0.07444598465160696	 1.0025313811031848	 0.0672556364901874	 -0.19504799575419468	 -1.494384765625	 -0.5244140625	 -0.43798828125	 0.7162209	 0.08058443	 0.057506517	 -0.6908161	 13.424868	 -53.88495	 -36.032753	Scatto 30m	3	Braccio
54	 2640404427	 0.9982980950120446	 0.04679706444483045	 -0.016075768922070497	 -0.030862888851070303	 0.8571782547880633	 -0.561504530330029	 0.0500385306188389	 -1.449951171875	 -0.469482421875	 -0.39501953125	 0.68931216	 0.10244094	 0.0032857384	 -0.7171777	 -31.889402	 -52.067123	 -17.629765	Scatto 30m	3	Braccio
55	 2640421094	 0.9994499411582903	 0.0027012845256104145	 -0.03122553446933635	 -0.010839011841773829	 0.290859805584774	 -0.75063655748277	 -0.03836719939120394	 -1.3984375	 -0.472900390625	 -0.357666015625	 0.68113023	 0.07737831	 -0.02894603	 -0.7274865	 -44.705208	 -14.88617	 -20.680038	Scatto 30m	3	Braccio
56	 2640437761	 0.9996236737341341	 -0.015765372163004526	 -0.01964541992886722	 0.01086376668812672	 0.13416886746422663	 -0.4461667689645519	 -0.022735330287369487	 -1.36474609375	 -0.49462890625	 -0.341064453125	 0.69086385	 0.044859868	 -0.0364446	 -0.7206709	 -26.707796	 -6.2404814	 -15.381359	Scatto 30m	3	Braccio
57	 2640454428	 0.9988736792448477	 0.019114176230217744	 -0.024367286397659366	 0.03594796979685539	 0.06624165790113634	 -0.34298150143369166	 0.06624631956209477	 -1.333984375	 -0.447998046875	 -0.310302734375	 0.7161456	 0.032238495	 -0.07038848	 -0.693644	 -21.011908	 -3.2047684	 -8.00034	Scatto 30m	3	Braccio
58	 2640471095	 0.997657041157019	 0.03625951840617048	 -0.014675704164707317	 0.056127526776482084	 0.034231853432096365	 -0.28710899493740943	 0.07803092247815961	 -1.303466796875	 -0.343505859375	 -0.292236328125	 0.75337493	 0.03811105	 -0.10730673	 -0.6476566	 -17.618273	 -2.4872787	 -7.3061476	Scatto 30m	3	Braccio
59	 2640487762	 0.9963501292421564	 0.05003977285435848	 0.0031497388719884394	 0.06908342953893444	 0.17453187458281072	 -0.16632509430252723	 0.14987300402559967	 -1.29150390625	 -0.200439453125	 -0.299072265625	 0.7960685	 0.065626085	 -0.13763289	 -0.5856837	 -9.951979	 -11.133727	 -1.6214981	Scatto 30m	3	Braccio
60	 2640504429	 0.9954664806648846	 0.05313922565431872	 0.016132952670720655	 0.07721681428065041	 0.017094142112726182	 -0.13934886694081877	 0.11482313351363556	 -1.27978515625	 -0.036376953125	 -0.32568359375	 0.8384997	 0.10260541	 -0.15810177	 -0.5112676	 -9.33665	 -3.143122	 -5.1905146	Scatto 30m	3	Braccio
61	 2640521096	 0.9953559134167244	 0.044673321160617646	 0.024411362726668884	 0.0817005836739599	 0.04237780870945261	 -0.03992915558801505	 0.11105207735915296	 -1.25927734375	 0.117919921875	 -0.382080078125	 0.8773968	 0.13654612	 -0.1652626	 -0.42920688	 -3.2842202	 -3.4010935	 -3.9611688	Scatto 30m	3	Braccio
62	 2640537763	 0.9961135637212772	 0.02443090404324688	 0.02459523019756438	 0.08096896781888396	 0.22393793612959445	 -0.08254206034831862	 -0.06348437787999728	 -1.220947265625	 0.22998046875	 -0.438232421875	 0.9106212	 0.1533018	 -0.16200483	 -0.3478821	 5.8145123	 -13.294733	 -12.8166485	Scatto 30m	3	Braccio
63	 2640554430	 0.9957104824500131	 0.030970555079722184	 0.01612465305520189	 0.0856822935095999	 0.2934598217948421	 -0.4777345282542085	 -0.13404712559150725	 -1.143310546875	 0.333740234375	 -0.484619140625	 0.9350208	 0.17176959	 -0.16923705	 -0.25998133	 -1.0919408	 -31.149763	 -24.80539	Scatto 30m	3	Braccio
64	 2640571097	 0.9955598321773932	 0.004372224885559925	 0.021312603375936604	 0.0915820787152746	 0.33597174960586185	 -0.62217461732146	 -0.07227343192205335	 -1.046142578125	 0.400146484375	 -0.513427734375	 0.9582275	 0.16326557	 -0.16437252	 -0.16770887	 2.0734174	 -40.151558	 -24.032522	Scatto 30m	3	Braccio
65	 2640587764	 0.9952266873125224	 -0.036631009914646476	 0.015904620665938174	 0.08904523016449832	 0.38248896566824453	 -0.47521863043754414	 -0.068255563610052	 -0.939697265625	 0.3916015625	 -0.478515625	 0.9777962	 0.11227219	 -0.15586111	 -0.08376847	 14.321174	 -33.00926	 -17.669159	Scatto 30m	3	Braccio
66	 2640604431	 0.9948972651507106	 -0.06426191161096453	 0.01380874293438489	 0.0765451313299117	 0.8370943534826941	 -0.31405923509117045	 0.031335077946040894	 -0.85595703125	 0.31201171875	 -0.4013671875	 0.98873144	 0.03454114	 -0.144767	 -0.016114824	 44.042484	 -28.310854	 2.013732	Scatto 30m	3	Braccio
67	 2640621098	 0.994063839548655	 -0.07304615281902764	 0.014670993724294396	 0.07928495697966348	 0.618253317273764	 0.29281224417110746	 -0.0010619440829230352	 -0.79248046875	 0.17578125	 -0.3173828125	 0.98828286	 -0.05288149	 -0.1335321	 0.051670082	 35.873585	 16.022934	 2.0610723	Scatto 30m	3	Braccio
68	 2640637765	 0.9974668197814938	 -0.03374574334789318	 0.022267742082504847	 0.05852619843658399	 -0.15007584777177713	 0.5152773620560592	 -0.0643417373793283	 -0.763671875	 0.08203125	 -0.271484375	 0.9835785	 -0.09647187	 -0.11378114	 0.10159059	 -10.114981	 29.164268	 -19.75875	Scatto 30m	3	Braccio
69	 2640654432	 0.9992294155383695	 0.0015208451142935675	 0.03252022039890201	 0.021924812842841843	 -0.016972589894349025	 0.3686495362541129	 -0.04299101023681659	 -0.798828125	 0.0673828125	 -0.26171875	 0.98460543	 -0.099368945	 -0.08147148	 0.118491836	 -4.1909018	 20.60197	 -17.224432	Scatto 30m	3	Braccio
70	 2640671099	 0.9992507186666543	 0.020460666928447557	 0.03258391559488192	 -0.004201285222840093	 -0.14050262655118215	 0.4298538625658706	 0.09009523262826921	 -0.85888671875	 0.09716796875	 -0.272705078125	 0.9893704	 -0.079920344	 -0.048438355	 0.111413084	 -14.637235	 23.43132	 -11.284021	Scatto 30m	3	Braccio
71	 2640687766	 0.9983345006853737	 0.043423574597190484	 0.025672203324464852	 -0.027992068286482073	 -0.055102979965043604	 0.667356582544103	 0.268502581301461	 -0.93017578125	 0.16162109375	 -0.306884765625	 0.9957618	 -0.034363598	 -0.020104235	 0.08290827	 -13.546683	 40.1217	 -0.8434391	Scatto 30m	3	Braccio
72	 2640704433	 0.9973960777975168	 0.04546614208628659	 0.017238528366104917	 -0.05326093369149851	 0.059436997620049475	 0.45744250827347543	 0.12487974494345344	 -1.010498046875	 0.239990234375	 -0.36083984375	 0.9994268	 0.016372353	 2.5958987E-4	 0.029633459	 -1.3215705	 28.040977	 -3.974022	Scatto 30m	3	Braccio
73	 2640721100	 0.9958022564820045	 0.03741670763516568	 0.016227363204749545	 -0.08194222756621768	 0.13465253134099484	 0.11380686299509066	 0.13420477393510397	 -1.122802734375	 0.272705078125	 -0.41259765625	 0.9966445	 0.059460867	 0.020246955	 -0.05248301	 7.6789913	 6.9555902	 -1.4833822	Scatto 30m	3	Braccio
74	 2640737767	 0.9952780415825714	 0.008453556786722112	 0.01599072602702398	 -0.09536484678509008	 0.22511478166771173	 0.12419255456463935	 0.12976771667719203	 -1.260009765625	 0.240478515625	 -0.444580078125	 0.98561555	 0.07207194	 0.04213056	 -0.14694542	 14.483016	 4.9751306	 -1.8071842	Scatto 30m	3	Braccio
75	 2640754434	 0.9948255116086843	 -0.03193998286073572	 0.01703670646936331	 -0.09493044601207973	 0.3478277739411787	 0.23195723277630254	 -0.03033049179632777	 -1.387451171875	 0.116455078125	 -0.440185546875	 0.96776	 0.043906007	 0.0701378	 -0.23789452	 23.90909	 7.5230885	 -11.877161	Scatto 30m	3	Braccio
76	 2640771101	 0.9935304308500321	 -0.056876525110739345	 0.023311724987621168	 -0.09549297013067831	 0.491270714436162	 0.35813466380137277	 -0.21003893833965476	 -1.49169921875	 -0.080322265625	 -0.415283203125	 0.939426	 -0.007116915	 0.108649075	 -0.3249981	 34.521877	 7.089925	 -25.538734	Scatto 30m	3	Braccio
77	 2640787768	 0.9942783079648982	 -0.040841403723432285	 0.03027176808650163	 -0.09394810327662641	 0.6732694500187743	 0.4532960755810942	 -0.24901099248882017	 -1.57421875	 -0.285400390625	 -0.45068359375	 0.8998063	 -0.03961666	 0.14632171	 -0.40910816	 44.554157	 -2.4447134	 -34.381645	Scatto 30m	3	Braccio
78	 2640804435	 0.9957273194451084	 0.008315495639564907	 0.024996949651178043	 -0.08850486060699653	 0.828896643999791	 0.35090509120827296	 -0.18073866459833185	 -1.614990234375	 -0.42724609375	 -0.490234375	 0.8560517	 -0.027777836	 0.15676348	 -0.49176168	 43.213257	 -22.828867	 -35.223343	Scatto 30m	3	Braccio
79	 2640821102	 0.9945965253608136	 0.041462073570402526	 0.008464979445226721	 -0.09479974851459805	 1.073506220533761	 0.1228459591244439	 -0.11978834335800201	 -1.614990234375	 -0.517822265625	 -0.50048828125	 0.8036982	 0.0039290236	 0.13386835	 -0.5797698	 34.183174	 -50.401608	 -33.173264	Scatto 30m	3	Braccio
80	 2640837769	 0.9941474204704317	 0.06885472275426191	 -0.009429513835898297	 -0.08271044550260198	 1.2626751070858457	 0.24101627721976615	 -0.05634575442684382	 -1.575927734375	 -0.56640625	 -0.467529296875	 0.7505023	 0.04794106	 0.07768136	 -0.6545331	 34.869007	 -65.53577	 -31.007702	Scatto 30m	3	Braccio
81	 2640854436	 0.9959656382284859	 0.07404235261786529	 -0.020638910879026112	 -0.04630564592643056	 1.015436825145169	 -0.20079725258124964	 0.0018613055860768647	 -1.51171875	 -0.5234375	 -0.397216796875	 0.71332824	 0.08970216	 0.0050820904	 -0.69504744	 -4.104708	 -61.1796	 -19.671062	Scatto 30m	3	Braccio
84	 2640904437	 0.9930521881797217	 0.06703278690716441	 -0.09522630681928605	 0.016908800090028042	 0.42858491779299446	 -1.78541271456854	 0.2773036702644068	 -1.353271484375	 -0.401611328125	 -0.27197265625	 0.71293646	 0.06449738	 -0.13254987	 -0.68555987	 -28.12328	 4.878397	 -9.280268	Scatto 30m	3	Braccio
85	 2640921104	 0.9980541671118259	 0.04450711102390684	 -0.014088163192981673	 0.041334250167059945	 -0.11449233976443304	 -0.28515207545396104	 0.13400055910464798	 -1.3125	 -0.28271484375	 -0.252685546875	 0.73630375	 0.07783462	 -0.1774624	 -0.64830977	 -18.835257	 6.6488724	 -7.461097	Scatto 30m	3	Braccio
86	 2640937771	 0.9971527261989577	 0.05521804615583223	 0.0027957053861037977	 0.051279548010029374	 0.004467179429536963	 -0.13794727382173322	 0.2378509786668068	 -1.30029296875	 -0.145751953125	 -0.2626953125	 0.76508003	 0.108606055	 -0.21490009	 -0.5972229	 -12.751037	 0.2036597	 0.6574383	Scatto 30m	3	Braccio
87	 2640954438	 0.9965510591305959	 0.060924623689724205	 0.0140722055690381	 0.05455409979438459	 -0.040005022755049	 -0.13779397638700025	 0.20703031126756472	 -1.287841796875	 0.015869140625	 -0.302001953125	 0.7929247	 0.14980695	 -0.24495572	 -0.53742456	 -13.287803	 1.2580413	 -2.7233272	Scatto 30m	3	Braccio
88	 2640971105	 0.9968126845709544	 0.0541092729281098	 0.02827418324180009	 0.05135395820817856	 -0.0220581714441192	 -0.14946141117570852	 0.16555828992363175	 -1.284423828125	 0.159912109375	 -0.37109375	 0.8182882	 0.19373731	 -0.25691885	 -0.47630158	 -12.812674	 -1.9244272	 -6.212345	Scatto 30m	3	Braccio
89	 2640987772	 0.9973280857161525	 0.04220523219256436	 0.029754700990570815	 0.05167267736713633	 0.15976028881082854	 -0.13048148807491394	 -0.07236183104880223	 -1.281982421875	 0.28173828125	 -0.449951171875	 0.8415909	 0.22793841	 -0.2597717	 -0.4150754	 1.2668493	 -11.817447	 -15.358796	Scatto 30m	3	Braccio
90	 2641004439	 0.9949340434869981	 0.06607914587663619	 0.022665676625614754	 0.07229151190789601	 0.25356896276750646	 -0.6789671857690456	 -0.09013150628017437	 -1.222412109375	 0.412841796875	 -0.540283203125	 0.8593105	 0.27256396	 -0.28144196	 -0.3287628	 -12.3945	 -34.119354	 -34.35697	Scatto 30m	3	Braccio
91	 2641021106	 0.9947250320446379	 0.026879371999059654	 0.03984632560741642	 0.09061942573376837	 0.29641688178701076	 -1.1652437422158322	 0.0011058322012649502	 -1.12939453125	 0.52880859375	 -0.636962890625	 0.8900644	 0.2802767	 -0.27694002	 -0.2292048	 -17.801025	 -57.535267	 -49.5238	Scatto 30m	3	Braccio
92	 2641037773	 0.9954599451633649	 -0.028674477807079574	 0.024633294218285532	 0.08735257703008653	 0.40351459364435804	 -0.8643198639787271	 0.05597317385431598	 -1.0068359375	 0.55322265625	 -0.62255859375	 0.9230698	 0.23144655	 -0.26861632	 -0.14906392	 2.768353	 -53.383408	 -30.532213	Scatto 30m	3	Braccio
93	 2641054440	 0.9935561651846101	 -0.07324311609305473	 0.031976453284738804	 0.08036851998114695	 0.9015800686983527	 -0.5486680231463732	 0.08226806225551019	 -0.912353515625	 0.4931640625	 -0.521484375	 0.95623374	 0.1408622	 -0.24251659	 -0.083431706	 36.32047	 -51.013947	 0.7954197	Scatto 30m	3	Braccio
94	 2641071107	 0.9912450099838545	 -0.10285599583551425	 0.028092522595447093	 0.0778767261575439	 0.7961659576831609	 -0.015363457220080173	 0.23758687017394578	 -0.84033203125	 0.3486328125	 -0.38525390625	 0.97592306	 0.019341204	 -0.21556206	 -0.027074873	 34.478725	 -14.487104	 23.160427	Scatto 30m	3	Braccio
95	 2641087774	 0.9940060758679617	 -0.08474661643932385	 0.03139699775832489	 0.06151553195271713	 0.19092822274479948	 0.5267335635319421	 0.11392162279752197	 -0.812255859375	 0.168701171875	 -0.272705078125	 0.97959095	 -0.08021352	 -0.18358895	 0.016205791	 8.871878	 30.807198	 2.3907757	Scatto 30m	3	Braccio
96	 2641104441	 0.9976376577636323	 -0.03572305265939457	 0.0466749409086639	 0.035558644683963886	 0.06242459934136942	 0.5357539075446037	 0.032376884216671106	 -0.863525390625	 0.06982421875	 -0.23046875	 0.9820798	 -0.123835355	 -0.13620898	 0.0403856	 2.7472997	 32.219784	 -12.141533	Scatto 30m	3	Braccio
97	 2641121108	 0.9990844160888164	 0.00823954805666488	 0.03919899343922467	 0.01502924780693299	 -0.0697468378016555	 0.844332684658695	 0.30157286685387896	 -0.933349609375	 0.063232421875	 -0.2216796875	 0.9869677	 -0.118643664	 -0.09626786	 0.05050823	 -11.300997	 52.68712	 -7.0644903	Scatto 30m	3	Braccio
98	 2641137775	 0.9991015615094329	 0.029209475086530046	 0.027058634978156474	 -0.014515737242773039	 6.710431789019727E-4	 1.0222592006004043	 0.22581207753593344	 -0.994384765625	 0.11767578125	 -0.2548828125	 0.9931801	 -0.08653973	 -0.06989981	 0.03490607	 -7.368079	 62.350758	 -11.701958	Scatto 30m	3	Braccio
99	 2641154442	 0.9978471677292448	 0.024631539404146363	 0.02387216716413718	 -0.05589666140472097	 0.08083634528815253	 0.4208948536506384	 -0.05676508109064228	 -1.081787109375	 0.142333984375	 -0.290283203125	 0.9970981	 -0.053365663	 -0.04969215	 -0.021871056	 3.8565636	 24.687593	 -16.776987	Scatto 30m	3	Braccio
100	 2641171109	 0.9959585518809677	 0.0361758970562735	 0.028826713315725717	 -0.07698628453661438	 0.1496221136518686	 0.09816096469428616	 0.10456904468074728	 -1.20068359375	 0.163818359375	 -0.337890625	 0.9947338	 -0.0068899416	 -0.02527331	 -0.09908739	 8.602021	 6.13333	 -3.2538366	Scatto 30m	3	Braccio
101	 2641187776	 0.9962052335992202	 0.010711552582869419	 0.029296254613885672	 -0.08125345935026936	 0.37108531200904543	 0.19872798192932106	 0.1660343667370873	 -1.334716796875	 0.127197265625	 -0.379638671875	 0.98352087	 0.014016223	 0.0024964083	 -0.1802336	 23.654835	 7.40489	 1.2670603	Scatto 30m	3	Braccio
102	 2641204443	 0.9959284745713097	 -0.002838818763289952	 0.01604522423231421	 -0.0886620856140215	 0.5251898564895736	 0.3735955982369113	 -0.05422367587885477	 -1.440673828125	 0.03076171875	 -0.39892578125	 0.96317875	 0.019051839	 0.01932444	 -0.26748863	 37.435627	 9.839384	 -12.596517	Scatto 30m	3	Braccio
103	 2641221110	 0.9950336673376843	 0.0013561349672859338	 0.01755171195794406	 -0.09796988909769457	 0.6920176892746526	 0.3493086598875625	 -0.19031777327282587	 -1.5244140625	 -0.093505859375	 -0.42041015625	 0.9312066	 0.02874727	 0.035748474	 -0.36159372	 46.125103	 -2.922242	 -22.363104	Scatto 30m	3	Braccio
105	 2641254444	 0.9796239191142703	 0.008572960428830035	 0.023348454670897245	 -0.19929458375270634	 1.565931521333255	 0.06560134935530781	 -0.4714079139025543	 -1.619873046875	 -0.37353515625	 -0.461181640625	 0.83686715	 0.049451947	 0.05234539	 -0.5426488	 32.718838	 -35.69843	 -25.933725	Scatto 30m	3	Braccio
106	 2641271111	 0.9954039360415994	 0.010322318802279795	 -0.007645018189815293	 -0.09489998706171254	 1.1600234738545172	 0.11658391168750737	 -0.19014924452930715	 -1.593505859375	 -0.513427734375	 -0.458740234375	 0.78004	 0.053766586	 0.03938513	 -0.6221701	 34.237408	 -58.576363	 -30.302654	Scatto 30m	3	Braccio
107	 2641287778	 0.9961206679976249	 0.03968477116839632	 -0.026736015663017674	 -0.07385065464668951	 1.1361896060768757	 -0.2574156006784459	 -0.2528013991836012	 -1.519775390625	 -0.575439453125	 -0.406005859375	 0.72830164	 0.068909384	 -0.009363176	 -0.6817188	 0.2333781	 -67.391335	 -33.775112	Scatto 30m	3	Braccio
109	 2641321112	 0.9949876762265617	 0.06910687714402161	 -0.06128070267841812	 -0.03832021878731213	 1.0057947171668942	 -0.9851993926650698	 -0.0029673938003952223	 -1.394775390625	 -0.52099609375	 -0.31201171875	 0.6904785	 0.07911243	 -0.11311873	 -0.71006	 -38.37182	 -17.307722	 -13.8419	Scatto 30m	3	Braccio
110	 2641337779	 0.9989733753482057	 0.023111682290834074	 -0.03719312367245375	 0.01160676693080448	 0.008516203011838697	 -0.8121154607733312	 0.00312776748285405	 -1.319091796875	 -0.4658203125	 -0.26611328125	 0.69173294	 0.06589243	 -0.16125488	 -0.7008288	 -46.953495	 0.3831167	 -22.839226	Scatto 30m	3	Braccio
111	 2641354446	 0.9986221645677962	 0.026004691054687362	 -0.03264297755233054	 0.03181138936918055	 -0.002093982542009043	 -0.47428065687766596	 -0.005835173261936658	 -1.257568359375	 -0.389404296875	 -0.234130859375	 0.70669806	 0.053624623	 -0.20685448	 -0.6744728	 -26.897402	 -0.29806858	 -19.106188	Scatto 30m	3	Braccio
112	 2641371113	 0.9980505920286749	 0.029451318183034342	 -0.025188182638141213	 0.04892025208317102	 0.03727843501992342	 -0.18918195174462665	 0.0732251676370287	 -1.203125	 -0.30615234375	 -0.209228515625	 0.73255616	 0.045093913	 -0.2482414	 -0.6322219	 -12.154146	 -2.266845	 -9.282738	Scatto 30m	3	Braccio
113	 2641387780	 0.9969107555133545	 0.0462446324399407	 -0.016354084017145998	 0.06134267232724439	 0.14289975269493216	 -0.03752109986530796	 0.18770317592564806	 -1.151123046875	 -0.185791015625	 -0.21142578125	 0.764086	 0.05158516	 -0.29215237	 -0.5728513	 -6.0411477	 -5.7229395	 1.8557501	Scatto 30m	3	Braccio
114	 2641404447	 0.9965585495375184	 0.05130830365798428	 -0.009923165859354934	 0.06434318999509825	 0.04675944274838033	 -0.006821666912935006	 0.17815913494998523	 -1.097900390625	 -0.049560546875	 -0.228271484375	 0.79391724	 0.064909466	 -0.33165702	 -0.50545603	 -5.2206016	 0.102532126	 -0.06386852	Scatto 30m	3	Braccio
115	 2641421114	 0.9967753793712646	 0.04775345880122117	 0.002050044820653241	 0.06445345272384419	 0.05919697745143652	 0.051561328489502886	 0.13490941063017667	 -1.041748046875	 0.072509765625	 -0.26171875	 0.8225969	 0.08162664	 -0.3569942	 -0.435002	 -1.4488375	 0.40419084	 -0.568779	Scatto 30m	3	Braccio
116	 2641437781	 0.9964404082429617	 0.05714924985931383	 0.022364410850656605	 0.05779540802192401	 0.15641697231754073	 0.11962874739717713	 0.02454665913861375	 -1.018798828125	 0.196533203125	 -0.321533203125	 0.8490449	 0.117331535	 -0.36629832	 -0.36219004	 7.22678	 -2.5911043	 -0.7126131	Scatto 30m	3	Braccio
117	 2641454448	 0.9935444080562963	 0.09171654189638007	 0.013386713145881302	 0.06540933476028722	 0.003569686194043409	 -0.40602685231370483	 -0.03142461417121673	 -0.971435546875	 0.34375	 -0.41650390625	 0.86198944	 0.17567365	 -0.39290422	 -0.26784217	 -11.468537	 -17.629154	 -22.252882	Scatto 30m	3	Braccio
118	 2641471115	 0.994786997898919	 0.05029379574033249	 0.03650137564492723	 0.0808517934081478	 0.024178170540918142	 -1.1416001277609316	 0.04536742225910166	 -0.8984375	 0.480712890625	 -0.54296875	 0.8854635	 0.19617455	 -0.3858664	 -0.16904807	 -23.508343	 -55.73029	 -42.10152	Scatto 30m	3	Braccio
119	 2641487782	 0.9945168102474649	 -0.05897935917161812	 0.028660606256069924	 0.08146360522311637	 0.28407474107390196	 -1.2360513160734066	 0.048125224992884366	 -0.8154296875	 0.43359375	 -0.48193359375	 0.9183197	 0.11477992	 -0.3623087	 -0.110666186	 -2.107887	 -72.70749	 -32.350838	Scatto 30m	3	Braccio
120	 2641504449	 0.989325707231899	 -0.12192607728133878	 0.025246116480130757	 0.07570541784812657	 1.095265188142638	 -0.47828924093788566	 0.0686993352733639	 -0.760986328125	 0.243896484375	 -0.33642578125	 0.9408691	 -0.02653259	 -0.32861426	 -0.077938065	 40.820854	 -46.069572	 27.202457	Scatto 30m	3	Braccio
121	 2641521116	 0.9924341422748902	 -0.09553340731785256	 0.02147937935745864	 0.07407076073433157	 0.5808973896974351	 0.39796900082807185	 0.06020759893871259	 -0.732177734375	 0.017578125	 -0.232666015625	 0.94358087	 -0.14310163	 -0.29633656	 -0.0369038	 28.591503	 19.777151	 14.4620285	Scatto 30m	3	Braccio
122	 2641537783	 0.9973153799619008	 -0.04426397284556624	 0.023771881265793358	 0.05326942143914762	 0.055704363883014835	 0.5660099395967163	 0.08827620676866269	 -0.7421875	 -0.107421875	 -0.19970703125	 0.9429799	 -0.20205912	 -0.26449427	 -0.0020286478	 5.0962334	 34.048553	 -12.508732	Scatto 30m	3	Braccio
123	 2641554450	 0.9987486179468563	 -0.008908848661763835	 0.03913704166091051	 0.029834921397558212	 0.025758741940189706	 0.7205583553405908	 0.18970628740172193	 -0.7998046875	 -0.1591796875	 -0.180419921875	 0.9500975	 -0.21880016	 -0.22178225	 0.015937218	 0.48354742	 44.17198	 -16.853619	Scatto 30m	3	Braccio
124	 2641571117	 0.9989489656764845	 0.028131107550904144	 0.03500147341389671	 0.00919247630932421	 0.04842773825200278	 1.1382855835751842	 0.3083808210137349	 -0.874755859375	 -0.1201171875	 -0.185791015625	 0.96302843	 -0.1932904	 -0.18627457	 0.02274103	 -0.6822569	 69.63489	 -22.678988	Scatto 30m	3	Braccio
125	 2641587784	 0.997997064622778	 0.04191146344499885	 0.024834171805119654	 -0.0403553236509251	 0.023119923502679073	 0.4843594118302707	 0.09349562343981804	 -0.94140625	 -0.046142578125	 -0.21484375	 0.97520953	 -0.14199628	 -0.1691255	 -0.014145616	 0.07855134	 29.081066	 -15.490575	Scatto 30m	3	Braccio
126	 2641604451	 0.9958144546439728	 0.05008878380006834	 0.02580717110722475	 -0.0719630153551088	 0.11028522241982552	 0.008387549650152395	 0.038869369942267196	 -1.02490234375	 0.035888671875	 -0.25244140625	 0.9818372	 -0.07572459	 -0.1542464	 -0.08043345	 5.508484	 1.2520506	 -5.621509	Scatto 30m	3	Braccio
127	 2641621118	 0.9962552243729005	 0.023824533888315402	 0.04047738226772355	 -0.07259132881728302	 0.2782005640880286	 0.09094643592101473	 0.10239299748320646	 -1.15283203125	 0.060546875	 -0.300048828125	 0.9803745	 -0.03359489	 -0.121471904	 -0.1515978	 14.870655	 4.0926685	 0.5909796	Scatto 30m	3	Braccio
128	 2641637785	 0.9967965041497806	 0.003108004572183534	 0.03555967471935915	 -0.07157219541280702	 0.31310494515967485	 0.25287846867393826	 -0.02861959974232464	 -1.277099609375	 0.019775390625	 -0.327392578125	 0.97062945	 -0.012425552	 -0.08962594	 -0.22291596	 22.394545	 8.806462	 -7.1672916	Scatto 30m	3	Braccio
130	 2641671119	 0.9797749180908942	 0.03613433542334893	 0.04532433011681678	 -0.19152317035532884	 0.9208472780236897	 0.670371927778111	 -0.2407634657345133	 -1.47216796875	 -0.12109375	 -0.40234375	 0.91133004	 0.059008077	 -0.05650533	 -0.40348813	 40.225056	 -1.0142154	 -11.876296	Scatto 30m	3	Braccio
131	 2641687786	 0.9938598006904452	 0.015253432947897723	 0.00976879868032392	 -0.1091540192901564	 0.7810479925584466	 0.19786255653823592	 -0.17698764383338034	 -1.526611328125	 -0.231201171875	 -0.4228515625	 0.86011297	 0.087567605	 -0.049451523	 -0.5000923	 41.534157	 -26.27254	 -15.678648	Scatto 30m	3	Braccio
132	 2641704453	 0.9936152508344174	 0.006297434915907979	 -0.0037245234329629233	 -0.11258420647646405	 1.0392593906817889	 -0.033787519314677605	 -0.17333093499821087	 -1.53955078125	 -0.370849609375	 -0.425048828125	 0.79608065	 0.10088103	 -0.049188286	 -0.5946926	 30.870316	 -54.184013	 -20.36913	Scatto 30m	3	Braccio
133	 2641721120	 0.9950221151690988	 -0.011804915521940532	 -0.01909932260694497	 -0.0970919675868628	 1.3399362298182398	 -0.01866793564748448	 -0.2371123800987141	 -1.493896484375	 -0.517333984375	 -0.40087890625	 0.7331201	 0.08834197	 -0.052066464	 -0.6723241	 24.857807	 -75.876045	 -26.894014	Scatto 30m	3	Braccio
134	 2641737787	 0.9980532491490781	 -0.007777122612321399	 -0.010761216480187437	 -0.06093787366414699	 1.076254753353664	 -0.2221298843105577	 -0.2505427361015854	 -1.441650390625	 -0.62548828125	 -0.391357421875	 0.6894771	 0.081153184	 -0.055425834	 -0.7176097	 -4.2250514	 -64.53772	 -29.57132	Scatto 30m	3	Braccio
135	 2641754454	 0.9987858751062051	 0.03764955128195495	 -0.011913829395082053	 -0.029450766471251725	 0.5919876332556311	 -0.046649241300347505	 -0.19677003449006802	 -1.40234375	 -0.62255859375	 -0.36181640625	 0.6627356	 0.101343624	 -0.094807245	 -0.73588216	 -1.7172022	 -35.080368	 -23.050817	Scatto 30m	3	Braccio
136	 2641771121	 0.9978334143679625	 0.05171481141395648	 -0.04000758245652352	 -0.007310868428403505	 0.09351791979776508	 -0.7515079330729817	 -0.11832638530956341	 -1.337890625	 -0.550537109375	 -0.302734375	 0.6458911	 0.10725556	 -0.16480933	 -0.73767126	 -41.62177	 -1.0750544	 -29.34288	Scatto 30m	3	Braccio
137	 2641787788	 0.9982063507070187	 0.03345858008331423	 -0.048824530892547666	 0.008987213701008025	 -0.0788837091068571	 -0.8065111621036763	 0.015969295911137184	 -1.24560546875	 -0.47216796875	 -0.246826171875	 0.63927066	 0.091001645	 -0.22635771	 -0.72925586	 -44.041534	 10.02945	 -27.830517	Scatto 30m	3	Braccio
138	 2641804455	 0.9986222872322624	 0.011232689016470843	 -0.038994283372983975	 0.03326860388852482	 0.03989762317257495	 -0.4096851336499989	 0.11832879521523189	 -1.166748046875	 -0.417724609375	 -0.216796875	 0.6529664	 0.061429836	 -0.2651383	 -0.70679784	 -25.306376	 1.113779	 -14.138693	Scatto 30m	3	Braccio
139	 2641821122	 0.9977286277829728	 0.03181353130271575	 -0.023494355539873644	 0.05452980640093303	 0.10205645705737763	 -0.11664863464608782	 0.2949731174638218	 -1.1123046875	 -0.348876953125	 -0.197021484375	 0.6823879	 0.050233774	 -0.30762747	 -0.66120243	 -14.717947	 -0.5345047	 3.7072916	Scatto 30m	3	Braccio
141	 2641854456	 0.9819052569513623	 0.13594081966687743	 0.02233958625618221	 0.12993499453757298	 -0.10141299125155342	 -0.07348735567320128	 0.6599023499417673	 -1.07861328125	 -0.035400390625	 -0.236328125	 0.7575543	 0.11614998	 -0.38447714	 -0.5145853	 -11.737234	 10.131251	 5.7551336	Scatto 30m	3	Braccio
142	 2641871123	 0.9975193154526929	 0.03945238711689483	 0.040677247360202236	 0.04176225564749103	 0.21707584744593222	 0.20301861168486976	 0.01433158897153662	 -1.127197265625	 0.1005859375	 -0.292724609375	 0.7890316	 0.15095529	 -0.37747356	 -0.46060333	 10.136399	 -5.6809497	 3.7421236	Scatto 30m	3	Braccio
143	 2641887790	 0.9970243162589244	 0.05292984336728823	 0.014446257940371245	 0.054150254856823406	 0.0263751317416525	 -0.2861885293125964	 0.03714311421463934	 -1.114013671875	 0.1904296875	 -0.342529296875	 0.8095775	 0.17912059	 -0.39731127	 -0.39324817	 -11.710835	 -10.218692	 -17.605732	Scatto 30m	3	Braccio
144	 2641904457	 0.994256120365842	 0.08016017907841752	 0.04377470804303208	 0.055793258920120825	 0.10916350172630682	 -0.6652362811367414	 -0.1322178739470271	 -1.0966796875	 0.356201171875	 -0.463623046875	 0.83049583	 0.23860767	 -0.40041658	 -0.30497515	 -11.09607	 -30.369532	 -35.376274	Scatto 30m	3	Braccio
145	 2641921124	 0.9962794362033014	 -0.008777091306697404	 0.04875526509756417	 0.07052071888382867	 0.21288727889700165	 -1.5059050397817804	 0.09870550627364538	 -1.0810546875	 0.419921875	 -0.5146484375	 0.87133205	 0.21710417	 -0.37158975	 -0.23572779	 -27.063202	 -73.29716	 -57.31992	Scatto 30m	3	Braccio
146	 2641937791	 0.9927496034517421	 -0.09468143844930327	 0.038929161598747104	 0.06299341582100676	 0.9131565734321088	 -0.7975119946864753	 -0.2126569918579902	 -1.05224609375	 0.333740234375	 -0.423583984375	 0.9161129	 0.11715013	 -0.32485646	 -0.20366915	 31.30909	 -66.75004	 -14.09564	Scatto 30m	3	Braccio
147	 2641954458	 0.9924519488189549	 -0.09797669083239624	 0.019528162971469646	 0.07112206542242168	 0.7860310841040874	 -0.36688723032910353	 -0.10866766369252392	 -1.01806640625	 0.18115234375	 -0.305908203125	 0.94201255	 0.004605457	 -0.29263285	 -0.16418621	 31.032188	 -40.053368	 3.7473736	Scatto 30m	3	Braccio
148	 2641971125	 0.9967398134119857	 -0.0568761847072862	 0.0073463665817564425	 0.05675275209740108	 0.33470186252356304	 0.42224907139548057	 0.19667757659779472	 -0.977294921875	 0.06201171875	 -0.2490234375	 0.9505543	 -0.06751205	 -0.27624848	 -0.12480191	 16.790176	 19.005003	 13.4522	Scatto 30m	3	Braccio
149	 2641987792	 0.9988241338605257	 -0.007310897227268881	 0.02035454238348297	 0.0433888580612806	 0.1462773132763806	 0.5137514523227006	 0.17292496165507515	 -0.974853515625	 0.04443359375	 -0.241455078125	 0.95973015	 -0.08583954	 -0.25341702	 -0.085613035	 10.332156	 29.977282	 1.5646238	Scatto 30m	3	Braccio
150	 2642004459	 0.9992492449369722	 0.001375347639099439	 0.024593387751264354	 0.02990351468771829	 0.04859586725764137	 0.9065631415196904	 0.3507839688258009	 -0.994384765625	 0.05419921875	 -0.250244140625	 0.96771693	 -0.09069999	 -0.22785357	 -0.058138974	 3.8634052	 56.89509	 2.7570753	Scatto 30m	3	Braccio
151	 2642021126	 0.999302753690348	 -0.012731867125366614	 0.03507908464380111	 -0.0011678385773159496	 -0.07048100509112479	 0.8915967698351427	 0.1095062349202297	 -1.0458984375	 0.042236328125	 -0.253173828125	 0.97379166	 -0.099582225	 -0.19370209	 -0.06551749	 1.6720841	 53.87242	 -14.016392	Scatto 30m	3	Braccio
152	 2642037793	 0.998491485610047	 0.0033442014289979394	 0.03727888918957548	 -0.04017280052267733	 0.0452677018930443	 0.10749029602400788	 -0.035601425423585846	 -1.1416015625	 0.0126953125	 -0.26953125	 0.9773289	 -0.08329135	 -0.16177796	 -0.10825369	 4.3458776	 5.556063	 -11.758823	Scatto 30m	3	Braccio
153	 2642054460	 0.9980362137142857	 0.01663508857069665	 0.042002486042415146	 -0.04339102567760187	 0.18252867561222189	 0.035666523995054336	 0.14086738314228964	 -1.25048828125	 0.013916015625	 -0.298583984375	 0.9788824	 -0.052514773	 -0.12632556	 -0.15190007	 8.093013	 1.6894792	 1.4833717	Scatto 30m	3	Braccio
154	 2642071127	 0.9980135467249974	 0.014159181536368345	 0.03796928536531203	 -0.048237034532183864	 0.0980763332877876	 0.26993355665848384	 -0.03470157852253037	 -1.348876953125	 -0.0068359375	 -0.351318359375	 0.9750236	 -0.023878187	 -0.09424649	 -0.19969082	 10.949883	 13.387826	 -11.271816	Scatto 30m	3	Braccio
157	 2642121128	 0.9665595016275628	 0.10120948583164509	 0.046494842193932025	 -0.23099263936440267	 1.1885076924871454	 0.8169870994973464	 -0.3821245112996644	 -1.569580078125	 -0.121337890625	 -0.466796875	 0.90059555	 0.11765209	 -0.074303485	 -0.41178262	 34.264385	 -11.217664	 -11.319309	Scatto 30m	3	Braccio
159	 2642154462	 0.9812736024070037	 9.458287014648542E-4	 -0.010878301757476368	 -0.19230934760984078	 1.4299368007113344	 -0.07922278083139211	 -0.2944529667920154	 -1.599365234375	 -0.379150390625	 -0.465087890625	 0.8010835	 0.1341791	 -0.06532916	 -0.57964957	 30.943377	 -44.70656	 -16.044756	Scatto 30m	3	Braccio
160	 2642171129	 0.9956303840052556	 -0.02583937283730997	 -0.02159877879933306	 -0.0870974053075031	 1.292081985287075	 0.11600269077650827	 -0.0808166502384534	 -1.548828125	 -0.547607421875	 -0.44091796875	 0.74790883	 0.10945349	 -0.059495576	 -0.65200675	 32.27599	 -70.72073	 -16.033014	Scatto 30m	3	Braccio
166	 2642271131	 0.9743048876447107	 0.1643933946927607	 -0.153175142194058	 -0.015561924908182923	 1.1511403606727395	 -2.2557925290138536	 -0.30209704919336594	 -1.2470703125	 -0.346923828125	 -0.23583984375	 0.6844804	 0.13541785	 -0.3025524	 -0.64931566	 -17.364845	 -7.6681495	 1.0150528	Scatto 30m	3	Braccio
167	 2642287798	 0.9971253587277338	 0.04910062860454409	 -7.604499036994451E-4	 0.05770241735552218	 -0.04252415212985677	 -0.05186821200204627	 0.3036937003424818	 -1.23193359375	 -0.22119140625	 -0.236328125	 0.71345603	 0.15063769	 -0.3432569	 -0.59199977	 -13.179888	 5.9216676	 1.9953814	Scatto 30m	3	Braccio
186	 2642604471	 0.9705776399546426	 -0.19932757823968683	 0.12946629726534872	 -0.0385491795707501	 2.5044039286934243	 2.2625457267846376	 -3.1271457809983305	 -1.493408203125	 -0.5576171875	 -0.405517578125	 0.74784124	 0.11469513	 -0.12594403	 -0.6416515	 26.302467	 -61.08607	 -21.109047	Scatto 30m	3	Braccio
190	 2642671139	 0.9829950830065801	 0.10169359396143184	 -0.08438111801205775	 -0.12751041782979713	 1.2154780003845471	 -1.630554254311931	 -0.703043375997636	 -1.2783203125	 -0.56396484375	 -0.273681640625	 0.62527853	 0.1589248	 -0.25506422	 -0.7202167	 -42.945774	 1.6536127	 -32.96463	Scatto 30m	3	Braccio
191	 2642687806	 0.9993727079529584	 0.01361278040415656	 -0.026394364949207442	 0.019293011879102654	 0.08845678013018607	 -0.3840999379386322	 0.028706467550304555	 -1.2236328125	 -0.52001953125	 -0.245849609375	 0.62951326	 0.14406507	 -0.2872021	 -0.70744157	 -20.709332	 -2.944043	 -20.980257	Scatto 30m	3	Braccio
193	 2642721140	 0.9915858927263338	 0.09801107803801781	 -0.00771343256954915	 0.08421252214451448	 0.12387115352099129	 -0.17468185462063546	 0.5007967530637011	 -1.20166015625	 -0.30322265625	 -0.220703125	 0.6672443	 0.17567699	 -0.37518948	 -0.61899567	 -12.646685	 0.83746594	 0.9841385	Scatto 30m	3	Braccio
194	 2642737807	 0.9963089573088468	 0.06988487147831104	 0.023214927497204167	 0.04410933536019268	 -0.06865941771213688	 -0.06446840724085406	 0.29975993932529676	 -1.2197265625	 -0.1376953125	 -0.246826171875	 0.6886389	 0.2199748	 -0.41055408	 -0.55572736	 -15.401171	 7.4354515	 -1.8797722	Scatto 30m	3	Braccio
195	 2642754474	 0.9965365265684926	 0.06331744090264807	 0.03547007770527833	 0.04059219727885328	 -0.00749717702705776	 0.007756969011870032	 0.14182011025540173	 -1.25927734375	 0.0205078125	 -0.3134765625	 0.70964336	 0.26650447	 -0.4294337	 -0.49088547	 -6.6337705	 1.8712239	 -4.781025	Scatto 30m	3	Braccio
199	 2642821142	 0.9362551792156877	 0.17263497603399658	 0.12395783170889092	 0.27974606413598097	 1.9247925028237094	 -2.959323602372794	 -1.014236806955913	 -1.107421875	 0.539306640625	 -0.676025390625	 0.80997497	 0.31449977	 -0.4723881	 -0.14792006	 20.070671	 -73.293434	 -34.903183	Scatto 30m	3	Braccio
200	 2642837809	 0.9911929671198282	 -0.09725155218468434	 0.03988498803312785	 0.0805470375585483	 1.0019763955037877	 -0.6161711430543496	 0.18262301768225722	 -1.03173828125	 0.46875	 -0.54931640625	 0.8649756	 0.19982074	 -0.44641128	 -0.11227626	 23.47475	 -64.18817	 10.917274	Scatto 30m	3	Braccio
201	 2642854476	 0.9889465704428169	 -0.11951251566120419	 0.03073672515420628	 0.0821991066649503	 0.8428017028100405	 0.14048847637225653	 0.18653314034412116	 -0.962158203125	 0.31494140625	 -0.380126953125	 0.9026205	 0.059284367	 -0.4178861	 -0.08445529	 20.159473	 -13.629168	 36.676163	Scatto 30m	3	Braccio
202	 2642871143	 0.9934081124588039	 -0.08668613396741812	 0.02663150336107545	 0.07011846623784826	 0.2508168258280551	 0.5703270175994389	 0.1905954723894331	 -0.927001953125	 0.14990234375	 -0.278564453125	 0.9188172	 -0.0479874	 -0.38815764	 -0.05297015	 4.324024	 30.235384	 14.58481	Scatto 30m	3	Braccio
203	 2642887810	 0.9976866351111838	 -0.04090959089885368	 0.028388015461360497	 0.04628070949302019	 0.21641161624455219	 0.8012191846391618	 0.33752296721604164	 -0.9375	 0.058837890625	 -0.24658203125	 0.92810625	 -0.10273345	 -0.3569154	 -0.026001487	 1.0901781	 49.550537	 11.001993	Scatto 30m	3	Braccio
204	 2642904477	 0.9989363045037296	 -0.019638362242280633	 0.028432660542393882	 0.030531591628247312	 0.23469658760787607	 1.2651335543691804	 0.10623097180352759	 -0.9638671875	 0.025146484375	 -0.235595703125	 0.9360705	 -0.13079968	 -0.3265249	 -0.006724557	 15.499727	 75.893875	 -9.139083	Scatto 30m	3	Braccio
205	 2642921144	 0.9988978291651366	 -0.024525100918140946	 0.03623882379880594	 -0.016982166051824014	 0.02918423223043881	 0.7093993888908847	 -0.12925404707747312	 -1.0361328125	 -0.024169921875	 -0.2236328125	 0.94371486	 -0.14624172	 -0.29455692	 -0.035382316	 10.305569	 39.28361	 -24.827837	Scatto 30m	3	Braccio
206	 2642937811	 0.9980846156197778	 0.0020959844680396855	 0.03141146614420163	 -0.05325435857187305	 0.054854704307136154	 0.18010367013782383	 -0.0751579049027925	 -1.126953125	 -0.0576171875	 -0.2333984375	 0.9497381	 -0.12486581	 -0.2726079	 -0.089950174	 6.835922	 9.041794	 -14.22341	Scatto 30m	3	Braccio
207	 2642954478	 0.9977377226293126	 0.012503099973449727	 0.03646015430816885	 -0.05507963762908486	 0.2146147415651665	 0.21841544444182548	 0.0024611949311367093	 -1.222412109375	 -0.0732421875	 -0.262451171875	 0.9541823	 -0.091891475	 -0.2458771	 -0.14365432	 13.810508	 11.190651	 -5.1655593	Scatto 30m	3	Braccio
208	 2642971145	 0.9973688249456375	 0.030127306597932585	 0.030015397151235888	 -0.05870986593040478	 0.24509870015676416	 0.382786426646013	 -0.05355564419109104	 -1.315673828125	 -0.080810546875	 -0.30712890625	 0.9532293	 -0.041391276	 -0.2270382	 -0.19517812	 21.084137	 17.457388	 -7.6336994	Scatto 30m	3	Braccio
209	 2642987812	 0.993816527730362	 0.0738602218212919	 0.007358688455004592	 -0.08257860828748849	 0.23851045887821898	 0.357829089583081	 0.012038286297814033	 -1.384765625	 -0.041748046875	 -0.354736328125	 0.9353733	 0.052574113	 -0.2374404	 -0.25677833	 19.828428	 14.795945	 -2.4529085	Scatto 30m	3	Braccio
210	 2643004479	 0.9912473878635839	 0.07843379665235203	 -0.00453239185746876	 -0.10609530159422537	 0.4403778061465352	 0.33661206203451893	 0.002227621122642227	 -1.43359375	 -0.019775390625	 -0.403564453125	 0.8936863	 0.15290257	 -0.25532037	 -0.33579367	 29.04604	 4.0103545	 5.879587	Scatto 30m	3	Braccio
211	 2643021146	 0.9935265029332433	 0.02627687127533826	 -0.003920079059695548	 -0.11045020138227525	 0.8494887032668468	 0.1423605055930072	 -0.039377541270979866	 -1.49560546875	 -0.08349609375	 -0.421142578125	 0.84436774	 0.20588015	 -0.2506279	 -0.4264297	 38.495354	 -28.20213	 10.164303	Scatto 30m	3	Braccio
212	 2643037813	 0.9933699608761507	 -0.014766669723451226	 -0.017613884334523187	 -0.11264021205965297	 0.9898602624986842	 -0.15220920427127688	 -0.12812284075416222	 -1.51904296875	 -0.2373046875	 -0.40185546875	 0.7877574	 0.21627942	 -0.23659328	 -0.5260088	 29.206575	 -52.949837	 -6.2051773	Scatto 30m	3	Braccio
213	 2643054480	 0.9927058581401371	 -0.053671732899039315	 -0.026253601820871414	 -0.10471472051865162	 1.2043888636917544	 -0.14855296696983333	 -0.1656715548070523	 -1.47998046875	 -0.44921875	 -0.362548828125	 0.7308724	 0.18656084	 -0.20770952	 -0.6227982	 23.598015	 -69.54933	 -12.275609	Scatto 30m	3	Braccio
217	 2643121148	 0.9786453128654707	 0.02311280004033331	 -0.06152849012698157	 -0.194764973707888	 1.5212760988861005	 -1.4803439276245778	 -0.807280926345942	 -1.26513671875	 -0.676513671875	 -0.31201171875	 0.57196116	 0.21058956	 -0.24312413	 -0.754588	 -40.141045	 7.50279	 -54.743374	Scatto 30m	3	Braccio
221	 2643187816	 0.9757079486690794	 0.12520854751048974	 -0.07951644653870392	 0.16122640374376596	 0.5047130010448918	 -1.341044303948376	 0.18984615409019764	 -1.138427734375	 -0.35595703125	 -0.206298828125	 0.63209444	 0.17951581	 -0.42170498	 -0.6248165	 -11.560887	 2.6299093	 -6.2362604	Scatto 30m	3	Braccio
226	 2643271151	 0.8886759789355335	 0.2798073550300815	 0.11287511473219615	 0.3452854717595786	 1.3409127962039713	 -0.7801497320116574	 -0.595893739432725	 -1.076416015625	 0.388427734375	 -0.488037109375	 0.7741591	 0.26388562	 -0.54276997	 -0.19089997	 2.8008637	 -59.022892	 -23.45935	Scatto 30m	3	Braccio
227	 2643287818	 0.9962644391517411	 -0.004569046541559707	 0.04480014559562546	 0.07368336345457265	 0.5617607081975308	 -0.8100697762123904	 -0.029381660821121994	 -1.01806640625	 0.434326171875	 -0.518798828125	 0.81129426	 0.22804317	 -0.5244047	 -0.121645786	 12.643907	 -57.569435	 -15.0385685	Scatto 30m	3	Braccio
228	 2643304485	 0.9954683195226769	 -0.039771554015725935	 0.0512877329160329	 0.06950263858448485	 0.5709400488360107	 -0.4417554765339684	 0.004958616982159658	 -0.9912109375	 0.410400390625	 -0.485107421875	 0.85243905	 0.16409847	 -0.49123424	 -0.071473256	 15.272832	 -37.894924	 4.5655947	Scatto 30m	3	Braccio
229	 2643321152	 0.9945281599001354	 -0.06105407494544729	 0.049080693478231574	 0.06911746975911491	 0.4801377934708219	 0.14206832223995125	 0.09387840808624515	 -0.972412109375	 0.34326171875	 -0.417724609375	 0.8870578	 0.07997383	 -0.45356867	 -0.03175292	 9.422789	 -1.1651171	 19.240381	Scatto 30m	3	Braccio
230	 2643337819	 0.9954172245734055	 -0.05671298544191522	 0.04926882708679751	 0.05916729656097772	 0.19359107184737648	 0.3749273117093714	 0.04582262508163577	 -0.973876953125	 0.253173828125	 -0.3544921875	 0.9118064	 0.0034515355	 -0.41060477	 0.0010032617	 4.2035937	 20.441706	 4.7811356	Scatto 30m	3	Braccio
231	 2643354486	 0.9963388506939501	 -0.06220116809107394	 0.04258754634809115	 0.04032629640834446	 0.3016725195270162	 0.7727741896644238	 0.17302956855006418	 -1.0107421875	 0.16015625	 -0.298828125	 0.9261418	 -0.06999516	 -0.37036896	 0.013756577	 3.9741461	 46.369743	 10.6618	Scatto 30m	3	Braccio
232	 2643371153	 0.9980049196668742	 -0.04263934083539481	 0.045777755187775944	 0.008512582675493874	 0.16539611932736942	 0.9705140781038493	 0.07050368977577418	 -1.0751953125	 0.069580078125	 -0.27294921875	 0.93823516	 -0.11248146	 -0.32718754	 0.0033367188	 5.811174	 58.915936	 -8.302224	Scatto 30m	3	Braccio
233	 2643387820	 0.9988776876721566	 0.008291866013078908	 0.037204700496448834	 -0.028114414269487412	 0.12362528669583116	 0.6519131728412337	 -0.20391192023798305	 -1.17041015625	 0.04541015625	 -0.293701171875	 0.95052433	 -0.093941815	 -0.295099	 -0.024395969	 15.99933	 36.147022	 -22.92789	Scatto 30m	3	Braccio
234	 2643404487	 0.9984206311757371	 0.034226954966574435	 0.019477934754535468	 -0.04006705447193171	 0.11150096829392726	 0.13129092152229022	 -0.27618285734641823	 -1.244140625	 0.076904296875	 -0.333251953125	 0.95702094	 -0.046836354	 -0.2810006	 -0.05437079	 15.55483	 4.5891957	 -20.692226	Scatto 30m	3	Braccio
235	 2643421154	 0.9985540193561575	 0.0329119851763051	 0.009902057565127633	 -0.04133546800744171	 0.1629689664404858	 0.009868786400315917	 -0.15823776489202224	 -1.2978515625	 0.098388671875	 -0.372802734375	 0.95755404	 -8.944655E-4	 -0.275343	 -0.085298404	 13.315516	 -1.3198563	 -12.4703455	Scatto 30m	3	Braccio
236	 2643437821	 0.9986627634571897	 0.021751640881484527	 0.0022695843037978396	 -0.04684442325506821	 0.22451056924655094	 0.02310654447912565	 -0.10316125994891966	 -1.34521484375	 0.0986328125	 -0.400146484375	 0.9526207	 0.03526879	 -0.27537322	 -0.12425628	 14.717057	 -1.1370527	 -7.867815	Scatto 30m	3	Braccio
237	 2643454488	 0.9984721217239877	 0.002678623440560593	 -0.005266573120417506	 -0.05494097126943865	 0.22528627228881073	 -0.003156808343760642	 -0.08440004777237792	 -1.385498046875	 0.060791015625	 -0.401123046875	 0.9423696	 0.054530077	 -0.27924126	 -0.17604096	 13.702032	 -3.6605303	 -7.1181335	Scatto 30m	3	Braccio
238	 2643471155	 0.997990256746295	 -0.008851837433873785	 -0.007249972131407157	 -0.062326000333747855	 0.2726346979274099	 -0.12746175959604625	 -0.0880553460995929	 -1.4169921875	 -0.019775390625	 -0.37744140625	 0.9274368	 0.064532615	 -0.28163615	 -0.23743987	 13.355948	 -13.038516	 -7.452339	Scatto 30m	3	Braccio
239	 2643487822	 0.9975539827968875	 -0.004343320424135294	 -0.008436445228676094	 -0.06925325527124422	 0.7341569874839267	 -0.4151204035646542	 0.028956974559779206	 -1.44140625	 -0.106201171875	 -0.366455078125	 0.9060034	 0.08010626	 -0.28459245	 -0.3028996	 20.997078	 -42.877415	 7.047907	Scatto 30m	3	Braccio
240	 2643504489	 0.9966762511359675	 -0.03529497526325853	 -0.014478000932350134	 -0.07197987657479576	 0.855142605332167	 -0.44193875095103596	 -0.06248736031406567	 -1.44189453125	 -0.228271484375	 -0.350341796875	 0.8792365	 0.06586799	 -0.28215075	 -0.3781478	 22.285109	 -51.906715	 2.7854738	Scatto 30m	3	Braccio
241	 2643521156	 0.996536725599848	 -0.06115756228276159	 0.008759250449973235	 -0.0556559308422569	 0.5822070740842706	 -0.2908731517094717	 -0.29541292961588433	 -1.4462890625	 -0.406494140625	 -0.351318359375	 0.8610133	 0.03239692	 -0.24919511	 -0.44216347	 18.099758	 -38.586777	 -14.543588	Scatto 30m	3	Braccio
242	 2643537823	 0.998578313643754	 -0.015087799441977245	 0.010521453670707672	 -0.0500300793628235	 0.3698340004225418	 -0.1925844486520009	 -0.32294950771328	 -1.455078125	 -0.518798828125	 -0.374755859375	 0.8401092	 0.03777408	 -0.2344784	 -0.48765737	 11.046912	 -27.501486	 -20.90392	Scatto 30m	3	Braccio
243	 2643554490	 0.9983678883357957	 0.020533109155176713	 -0.02921033429500414	 -0.04457249531628033	 0.31987319869239444	 0.0032655788599235958	 -0.14363573752691872	 -1.417236328125	 -0.54541015625	 -0.3486328125	 0.8086147	 0.05236422	 -0.27015263	 -0.5200174	 11.819431	 -17.394112	 -10.430176	Scatto 30m	3	Braccio
244	 2643571157	 0.9980156221966151	 0.019555774326872943	 -0.039580674497559275	 -0.04489721314622813	 0.034370293980945474	 -0.12516237833561378	 -0.11515250469762946	 -1.321533203125	 -0.552490234375	 -0.296875	 0.7710948	 0.06087543	 -0.3127226	 -0.5512819	 -2.0346026	 -6.5875545	 -17.61259	Scatto 30m	3	Braccio
245	 2643587824	 0.9987982061713596	 0.005581639543717376	 -0.041704352901443004	 -0.025134350955416943	 -0.04108292031123981	 -0.25146912136245547	 0.008264954554492412	 -1.23486328125	 -0.56298828125	 -0.252197265625	 0.7420895	 0.051253147	 -0.34917498	 -0.56987137	 -12.986453	 -3.5174508	 -17.088652	Scatto 30m	3	Braccio
246	 2643604491	 0.998627861995081	 -0.012657787464522424	 -0.04805313243492238	 -0.016524833639954828	 -0.07973500448526802	 -0.37409996492093556	 0.05837444343658298	 -1.126953125	 -0.5810546875	 -0.225341796875	 0.71480227	 0.02141569	 -0.37912402	 -0.5872514	 -20.684408	 -2.4393137	 -20.068607	Scatto 30m	3	Braccio
247	 2643621158	 0.9987923150954102	 -0.035027397632537705	 -0.0315156612949934	 -0.013919619771462057	 0.01431379386404305	 -0.4317257693364762	 -0.02794339100403012	 -1.0458984375	 -0.64501953125	 -0.234130859375	 0.69408154	 -0.015743673	 -0.38284552	 -0.6094526	 -20.331926	 -9.489809	 -22.89138	Scatto 30m	3	Braccio
248	 2643637825	 0.998658114822822	 -0.044946528218828774	 -0.025689352196055396	 -0.0013551691216497908	 0.19584189598643464	 -0.35693438275686346	 -0.014457548311146554	 -0.990966796875	 -0.73291015625	 -0.259521484375	 0.6815193	 -0.061109416	 -0.37512282	 -0.625364	 -18.347427	 -15.7360325	 -13.444472	Scatto 30m	3	Braccio
249	 2643654492	 0.9988206226845335	 -0.03752135725062469	 -0.02772229003569976	 0.01345310690242857	 0.060516832549370736	 -0.28712881116208666	 -0.004107532836858344	 -0.946533203125	 -0.80810546875	 -0.287841796875	 0.67632025	 -0.10828054	 -0.37150148	 -0.6267798	 -15.5948925	 -6.7119956	 -14.482576	Scatto 30m	3	Braccio
250	 2643671159	 0.9992669985582167	 -0.021789245611003427	 -0.01997233612752131	 0.024326943041938998	 -0.0852192523420385	 -0.26076474315414055	 0.021059193951874874	 -0.92919921875	 -0.850830078125	 -0.3134765625	 0.6813128	 -0.14388892	 -0.37045637	 -0.6147121	 -14.673372	 1.6795957	 -17.188232	Scatto 30m	3	Braccio
251	 2643687826	 0.9991256719748683	 -0.017766755756927932	 -0.01840861571808883	 0.03306594710552269	 -0.034090503138946175	 -0.19271496971558374	 7.236751486889986E-4	 -0.925537109375	 -0.881591796875	 -0.321044921875	 0.69182175	 -0.17882821	 -0.3687271	 -0.5945112	 -10.872457	 -0.84144354	 -14.166981	Scatto 30m	3	Braccio
252	 2643704493	 0.9987351873831047	 -0.016908264785483823	 -0.017235452931014448	 0.04410300700679476	 0.047486432603216666	 -0.15148555760171717	 -0.01489335202434014	 -0.939697265625	 -0.904296875	 -0.348876953125	 0.7080368	 -0.21618895	 -0.36375278	 -0.5653586	 -8.345899	 -4.6684327	 -10.061927	Scatto 30m	3	Braccio
253	 2643721160	 0.998429390315118	 -0.013381754670277426	 -0.020277295680505097	 0.05048279386891719	 0.10059634478187872	 -0.0903507113112699	 -0.016215234096360803	 -0.963623046875	 -0.9208984375	 -0.361572265625	 0.7255073	 -0.25452104	 -0.36038065	 -0.5281895	 -4.3425736	 -6.0239162	 -6.402934	Scatto 30m	3	Braccio
254	 2643737827	 0.9984127731627859	 -0.018852827496770252	 -0.016290201371041733	 0.05050875785508213	 0.13292373083136094	 -0.11858775985588058	 -0.11517152355867716	 -0.991943359375	 -0.938232421875	 -0.376220703125	 0.74072915	 -0.29393736	 -0.35000634	 -0.4923584	 -3.5400598	 -12.052229	 -7.7654257	Scatto 30m	3	Braccio
255	 2643754494	 0.9986419050968034	 -0.026105711444225133	 0.004377338263622328	 0.04487400276712506	 0.2531066105302803	 -0.11411505899126206	 -0.4451467685569457	 -1.047119140625	 -0.963623046875	 -0.4091796875	 0.7560648	 -0.3258001	 -0.32137308	 -0.46791014	 3.8338997	 -31.135784	 -12.392947	Scatto 30m	3	Braccio
256	 2643771161	 0.9986771841388578	 -0.02370101304650124	 0.02094231770814602	 0.04054088294626068	 0.7060608496319558	 -0.022206959215104516	 -0.46768959941196075	 -1.126953125	 -0.991455078125	 -0.453369140625	 0.7733128	 -0.3460832	 -0.28207886	 -0.45016152	 18.964764	 -43.76422	 7.7599335	Scatto 30m	3	Braccio
257	 2643787828	 0.9983911093001885	 -0.012994332671156739	 0.02204154014116807	 0.05060148907863799	 0.43406032466040123	 0.18504064573274276	 -0.48435033570269226	 -1.220703125	 -0.978515625	 -0.484130859375	 0.7965941	 -0.35972506	 -0.24280117	 -0.42081302	 24.88369	 -32.028015	 -10.813244	Scatto 30m	3	Braccio
258	 2643804495	 0.9991059294838508	 0.0137632763944317	 0.013189242008168895	 0.037735365220849804	 -0.12346906359693119	 0.12950012485919724	 -0.3163278516646804	 -1.309326171875	 -0.944091796875	 -0.49462890625	 0.8197498	 -0.35192388	 -0.22609925	 -0.39120245	 4.2639456	 -8.161796	 -29.578707	Scatto 30m	3	Braccio
259	 2643821162	 0.9988371648155481	 0.040859685881093344	 -0.014357172670025216	 0.02118196982953025	 -0.037845799774335914	 0.0876863894059442	 -0.24417038321927464	 -1.32861328125	 -0.86767578125	 -0.44140625	 0.8380559	 -0.32821286	 -0.24777801	 -0.35853148	 4.2745194	 -7.6551647	 -22.87299	Scatto 30m	3	Braccio
260	 2643837829	 0.9987504158670275	 0.03661519381513356	 -0.025338068066936805	 0.022691775910119782	 0.07168561014074748	 0.04553810016820626	 -0.10281641547259361	 -1.310791015625	 -0.787353515625	 -0.381591796875	 0.85074514	 -0.31153077	 -0.27586418	 -0.32106155	 5.867139	 -4.9403014	 -12.091153	Scatto 30m	3	Braccio
261	 2643854496	 0.9988183856103571	 0.0340981563560705	 -0.023520993916391654	 0.025414782017991525	 0.25779654577213074	 0.0010274681829030574	 0.009654098041845187	 -1.28759765625	 -0.70556640625	 -0.329345703125	 0.8619215	 -0.29632422	 -0.2999049	 -0.2816745	 9.807865	 -5.298897	 0.92612934	Scatto 30m	3	Braccio
262	 2643871163	 0.9988664768506806	 0.03176687919453641	 -0.01685237911087981	 0.03118692239467674	 0.32773762290466146	 0.04070123752121205	 -0.023638522850536633	 -1.27197265625	 -0.619140625	 -0.292236328125	 0.87397915	 -0.28223327	 -0.3150166	 -0.23931053	 15.11406	 -5.3429766	 1.9195871	Scatto 30m	3	Braccio
263	 2643887830	 0.9989834090326531	 0.01826670105094652	 -0.010059062030886344	 0.039966127924444046	 0.3530150454463469	 0.07464098192744464	 -0.00894197234170464	 -1.265625	 -0.5478515625	 -0.2724609375	 0.8845105	 -0.28044176	 -0.31775707	 -0.19499752	 17.428986	 -2.1385622	 2.8612623	Scatto 30m	3	Braccio
264	 2643904497	 0.9987961108395852	 -0.012034067032354212	 -0.0021884298544889717	 0.04750495739553812	 0.1916153836562885	 0.14806350694278586	 0.0631023535735594	 -1.275390625	 -0.51806640625	 -0.270751953125	 0.8885086	 -0.30565906	 -0.30481726	 -0.15560055	 11.222422	 7.2648325	 -2.978838	Scatto 30m	3	Braccio
265	 2643921164	 0.9985845861097411	 -0.03255229132607401	 0.0031649023012676643	 0.041942294964428035	 0.041636723308860875	 0.1684609856979351	 0.08765136890909218	 -1.291259765625	 -0.5322265625	 -0.283447265625	 0.88474894	 -0.34567776	 -0.28480098	 -0.12889923	 4.242471	 10.860421	 -9.47709	Scatto 30m	3	Braccio
266	 2643937831	 0.9991873445092249	 -0.02817660806845751	 0.005710521541353008	 0.028251004833206972	 0.03066831076071637	 0.39091965007324014	 0.05497722703606396	 -1.320068359375	 -0.564697265625	 -0.3037109375	 0.87964576	 -0.3766944	 -0.26712245	 -0.11388724	 10.096954	 19.249668	 -19.397118	Scatto 30m	3	Braccio
267	 2643954498	 0.9999736537155258	 -1.1792220265549602E-4	 4.394064286353862E-4	 0.00724464568948835	 -0.00614351534373378	 0.4899539739025959	 0.06528852681848579	 -1.330810546875	 -0.565185546875	 -0.307373046875	 0.88071483	 -0.37745345	 -0.2649615	 -0.108009316	 10.029361	 23.097967	 -25.48238	Scatto 30m	3	Braccio
268	 2643971165	 0.9997340496852475	 0.015582164747339977	 -0.0031662399249686797	 -0.016703322018674333	 0.024038465957985852	 0.4027072315797402	 0.03190342744733915	 -1.32373046875	 -0.55126953125	 -0.301025390625	 0.88398504	 -0.35800084	 -0.27662948	 -0.117822565	 9.930068	 18.095434	 -22.600113	Scatto 30m	3	Braccio
269	 2643987832	 0.9990490391756929	 0.020131782912020335	 -0.00217347993874472	 -0.03861352902628865	 0.09770627112345878	 0.3147294352184233	 -0.03098938073607077	 -1.302978515625	 -0.545654296875	 -0.2880859375	 0.885462	 -0.3276173	 -0.29546577	 -0.14602758	 13.252003	 12.152084	 -18.245888	Scatto 30m	3	Braccio
270	 2644004499	 0.9982701152157635	 0.02241552490080051	 -0.00409378790280321	 -0.05419928238579133	 0.16777210017178273	 0.2715637552011566	 -0.06955983209691684	 -1.27587890625	 -0.546142578125	 -0.27294921875	 0.8823152	 -0.28974548	 -0.32068208	 -0.18636164	 17.046461	 8.655683	 -14.138559	Scatto 30m	3	Braccio
271	 2644021166	 0.9974075983276116	 0.03232014596081573	 -0.0035799548513252154	 -0.06419248310105992	 0.2070651085628617	 0.2524440038306841	 -0.05685916978273674	 -1.236572265625	 -0.54248046875	 -0.267333984375	 0.8762615	 -0.23833038	 -0.3488485	 -0.23166594	 18.36747	 7.610846	 -9.461459	Scatto 30m	3	Braccio
272	 2644037833	 0.9963947553150492	 0.04240330769680911	 -0.004298243396074986	 -0.07335513738478716	 0.3305458467234234	 0.06621839485021286	 -0.23367610760161647	 -1.20751953125	 -0.51611328125	 -0.248046875	 0.8644487	 -0.17331176	 -0.38002682	 -0.27977017	 22.15351	 -9.799022	 -5.467769	Scatto 30m	3	Braccio
273	 2644054500	 0.9940431544083251	 0.06839818300936706	 -0.016077611803044928	 -0.08331510147430828	 0.767137806745649	 -0.6022861289527218	 -0.10889493613578816	 -1.15966796875	 -0.447509765625	 -0.212646484375	 0.84109783	 -0.08358851	 -0.42681783	 -0.32154992	 6.8006444	 -47.86462	 23.799034	Scatto 30m	3	Braccio
274	 2644071167	 0.9957614003593628	 0.04163673430164411	 -0.02035100600089657	 -0.07944465032843001	 0.789643430438089	 -0.6427696027985876	 0.020013392617855563	 -1.0986328125	 -0.386474609375	 -0.2021484375	 0.805977	 -0.018880717	 -0.46393242	 -0.36716715	 -4.2251787	 -51.763077	 22.375652	Scatto 30m	3	Braccio
275	 2644087834	 0.9968981185390323	 0.043928465987986914	 -0.013084378730401693	 -0.06397835698514927	 0.44889024836782954	 -0.6406470844961327	 -0.14567050455813557	 -1.05859375	 -0.3330078125	 -0.1923828125	 0.7739817	 0.04298053	 -0.49226907	 -0.39594963	 -8.95518	 -46.74824	 -6.1139846	Scatto 30m	3	Braccio
276	 2644104501	 0.9989302613598356	 0.012666898510359736	 0.008299637549019358	 -0.04369208896646726	 0.3140173379155731	 -0.5702422153818474	 -0.0024740934815439264	 -1.067626953125	 -0.289306640625	 -0.197509765625	 0.7588197	 0.078669265	 -0.4904258	 -0.4212912	 -15.598404	 -35.75814	 -11.70759	Scatto 30m	3	Braccio
277	 2644121168	 0.9982939848333313	 -0.03782981715563624	 -0.007545473999587771	 -0.043830247565821774	 0.0984316821380934	 -0.45960096364460623	 0.053784587305441375	 -1.0625	 -0.367919921875	 -0.194091796875	 0.737983	 0.069048986	 -0.47794297	 -0.47136396	 -17.130302	 -20.768389	 -18.809671	Scatto 30m	3	Braccio
278	 2644137835	 0.9988158819858806	 -0.0252153017368687	 0.0020294600814590173	 -0.04155603136566227	 -0.09635259688871745	 -0.13476765277296274	 -0.14181808058408527	 -1.052978515625	 -0.44970703125	 -0.19970703125	 0.7200518	 0.07193352	 -0.4631194	 -0.5117337	 0.9078528	 -3.0285618	 -22.509422	Scatto 30m	3	Braccio
279	 2644154502	 0.9995221112875152	 -0.0064955852520728885	 0.0034348807299944555	 -0.030025955670914376	 -0.10586782060884624	 -0.09599211699290364	 -0.0066592484097009385	 -1.0546875	 -0.48486328125	 -0.205078125	 0.70619524	 0.08372438	 -0.45694092	 -0.5343069	 -3.858813	 2.2447624	 -17.1447	Scatto 30m	3	Braccio
280	 2644171169	 0.9997186917328377	 -0.00553617921087074	 -3.2238226383235485E-4	 -0.02306044642682742	 -0.1605361245276862	 -0.2071391122628785	 -0.008804746963927199	 -1.048583984375	 -0.501708984375	 -0.207275390625	 0.6937889	 0.09107988	 -0.45405304	 -0.5515409	 -8.139893	 2.605796	 -23.020245	Scatto 30m	3	Braccio
281	 2644187836	 0.9998772222337152	 -0.012725534884898054	 1.5219092309753934E-4	 -0.009142103587568841	 -0.10740002366658274	 -0.38374748609263165	 0.014107777227956423	 -1.0419921875	 -0.529541015625	 -0.216064453125	 0.68972373	 0.08743521	 -0.44781017	 -0.5622299	 -16.191568	 -2.910728	 -27.183493	Scatto 30m	3	Braccio
282	 2644204503	 0.9999011688989816	 -0.013001283911542622	 -6.22921686678435E-4	 0.005313287087470364	 -0.03394573848949067	 -0.34148235001649485	 0.01934385492743672	 -1.03955078125	 -0.5517578125	 -0.219482421875	 0.69343716	 0.07662844	 -0.4429421	 -0.56309444	 -15.045108	 -5.0817494	 -22.968403	Scatto 30m	3	Braccio
283	 2644221170	 0.9997383708818159	 -0.008768422130510073	 0.002656578155670775	 0.02095822398049724	 0.016350796592206313	 -0.3261092759285371	 -0.010503032122130038	 -1.053955078125	 -0.565673828125	 -0.218505859375	 0.70693636	 0.063572764	 -0.43906763	 -0.5508349	 -13.536328	 -8.046726	 -21.483873	Scatto 30m	3	Braccio
284	 2644237837	 0.9993040214300726	 -0.01017682179770063	 0.005598842143207745	 0.03544796211968104	 0.04957936656527602	 -0.2478751656744963	 -0.023752558871913493	 -1.078369140625	 -0.5732421875	 -0.232421875	 0.7291928	 0.044621803	 -0.43269598	 -0.52826226	 -9.745469	 -8.796957	 -17.54063	Scatto 30m	3	Braccio
285	 2644254504	 0.9987830075349444	 -0.01659402828241574	 0.006766712765878674	 0.04594946880169088	 0.06801592685029276	 -0.1586653325701426	 0.0058634941879365035	 -1.111328125	 -0.58056640625	 -0.2421875	 0.7564244	 0.01689417	 -0.42161477	 -0.4997778	 -6.927363	 -7.342163	 -12.1572075	Scatto 30m	3	Braccio
