2	 2728689841	 0.9968089904657633	 0.02618426757231751	 0.04653114916386431	 0.059338628361440215	 0.42691249881172194	 -0.11635632399176168	 -0.3251630935248807	 -1.453125	 0.27734375	 -0.625732421875	 0.09185447	 0.58269244	 -0.44319034	 0.67499244	 -12.576944	 7.9090595	 19.593538	Scatto 30m	4	Braccio
3	 2728706508	 0.9967649066966271	 0.016620022239224902	 0.033383324235691895	 0.07119725628004704	 0.3920360728589134	 -0.09798676024449193	 -0.2809940264758432	 -1.407470703125	 0.37841796875	 -0.68994140625	 0.052056085	 0.5343237	 -0.46783	 0.70208526	 -14.837067	 6.106356	 14.979792	Scatto 30m	4	Braccio
4	 2728723175	 0.9954851336100073	 0.026061045972401387	 0.02340804605673173	 0.08821697129292111	 0.24228863865975153	 -0.5227660494089833	 -0.17407558912106333	 -1.29931640625	 0.4892578125	 -0.75146484375	 -0.0071673505	 0.48347616	 -0.49189797	 0.72404146	 5.2128663	 18.722513	 20.62484	Scatto 30m	4	Braccio
5	 2728739842	 0.9952244881033766	 0.005284159872535353	 0.02510113776677072	 0.09418189219073393	 0.3165431374169287	 -0.6907219532642	 -0.2073627205593187	 -1.160400390625	 0.576416015625	 -0.7958984375	 -0.07438285	 0.41090983	 -0.5356736	 0.73394424	 -0.30561015	 20.148413	 32.930668	Scatto 30m	4	Braccio
6	 2728756509	 0.9941143083430345	 -0.03799493382129497	 0.023967545659651677	 0.09858338453622953	 0.6021680344208921	 -0.2892863940437608	 -0.023282810663473385	 -1.003662109375	 0.600341796875	 -0.750732421875	 -0.12431373	 0.33701682	 -0.60696995	 0.70891005	 -19.01132	 -12.270228	 23.301151	Scatto 30m	4	Braccio
7	 2728773176	 0.9942952876951008	 -0.05673305124607482	 0.018643161191364766	 0.08837801935108013	 0.7456305738302861	 -0.17551478097332524	 -0.022898915738257634	 -0.8544921875	 0.562744140625	 -0.655517578125	 -0.14143191	 0.28644726	 -0.67207474	 0.6680275	 -30.830988	 -22.179777	 16.105066	Scatto 30m	4	Braccio
8	 2728789843	 0.9955862834792909	 -0.06271083318570822	 0.01553903166019563	 0.06807232950406883	 0.478178355974244	 0.07550493292427315	 -0.09461471312967659	 -0.7451171875	 0.473876953125	 -0.551025390625	 -0.13082811	 0.25634447	 -0.7265335	 0.6239557	 -26.895433	 -11.860866	 -6.3770204	Scatto 30m	4	Braccio
12	 2728856511	 0.9935653491480767	 -0.02533902983473338	 0.11010045841688358	 0.007982455492326596	 -0.3690753616315847	 1.9670676112420569	 0.09704349477701146	 -0.837158203125	 0.386474609375	 -0.455322265625	 -0.013834529	 0.20623022	 -0.74330837	 0.63621575	 -2.4400551	 0.99237025	 -43.700436	Scatto 30m	4	Braccio
15	 2728906512	 0.9744228156796736	 0.04321678643244542	 0.0797532434001333	 -0.20560132738021994	 0.6432271890143532	 0.6952975271801634	 0.19842316815144798	 -1.24169921875	 0.393798828125	 -0.558349609375	 0.17929943	 0.3100131	 -0.64578474	 0.6743187	 -17.651648	 -8.317189	 -7.2609444	Scatto 30m	4	Braccio
17	 2728939846	 0.9812858022916437	 -0.09551786680156094	 0.04227517165813677	 -0.16176316392738918	 1.12425266696486	 0.16852637711846224	 -0.3290842803478335	 -1.503173828125	 0.105224609375	 -0.505615234375	 0.35990044	 0.37285262	 -0.62580025	 0.5829467	 -32.386593	 9.297764	 13.8389015	Scatto 30m	4	Braccio
19	 2728973180	 0.9854974451724806	 -0.06376207953810134	 0.029394466409142842	 -0.154483488166251	 1.1802513474945326	 0.5203035817227554	 -0.453164013787672	 -1.64697265625	 -0.236328125	 -0.498291015625	 0.50517654	 0.4374018	 -0.5684724	 0.47991204	 -27.610447	 12.256977	 17.458632	Scatto 30m	4	Braccio
21	 2729006514	 0.9808218428374016	 0.07696429592016052	 -0.007730487002466702	 -0.17890010994200692	 1.343404734615963	 0.3303475858399529	 -0.22896976802960034	 -1.64794921875	 -0.43212890625	 -0.49658203125	 0.55278885	 0.58471745	 -0.4318777	 0.40744543	 -4.0849104	 5.228692	 39.024155	Scatto 30m	4	Braccio
23	 2729039848	 0.9842914715942687	 0.11722704304672471	 -0.0661264232081079	 -0.11426029703712721	 1.9651854588401443	 -0.40544051738873776	 0.06587400639570817	 -1.509521484375	 -0.428955078125	 -0.36767578125	 0.4909244	 0.7201383	 -0.3442221	 0.34914958	 43.79824	 -7.5777845	 33.79379	Scatto 30m	4	Braccio
24	 2729056515	 0.9996968213869128	 -0.0018273753310908414	 -0.021913074786081916	 -0.011078951291608408	 0.35998667508717297	 -0.8159356388920386	 0.1906715816502752	 -1.46435546875	 -0.446044921875	 -0.3427734375	 0.48026475	 0.72804	 -0.3532705	 0.3383838	 54.361523	 -0.22938688	 -16.039856	Scatto 30m	4	Braccio
26	 2729089849	 0.9991392182952724	 0.001821086665745486	 -0.023355741877552804	 0.034234710879704755	 0.231403196996014	 -0.6765720325018516	 0.1718359239263716	 -1.41455078125	 -0.428955078125	 -0.3095703125	 0.4320201	 0.7169941	 -0.40550178	 0.36721474	 17.207365	 -5.8237867	 -21.80177	Scatto 30m	4	Braccio
28	 2729123183	 0.9868402803767328	 0.12571928506112554	 0.0298225571284187	 0.09721901807780732	 0.08309711620460278	 -0.4294811369467929	 0.2212695679060419	 -1.424560546875	 -0.117919921875	 -0.351318359375	 0.29769138	 0.70399934	 -0.41552687	 0.49305403	 15.423381	 -3.5091152	 -7.324048	Scatto 30m	4	Braccio
32	 2729189851	 0.9435278917274316	 0.15245147984634774	 0.11727613172981557	 0.26974056563953747	 0.398271635520747	 -0.6692175994988062	 -0.16374080888398515	 -1.314697265625	 0.42626953125	 -0.648193359375	 0.06594634	 0.5221597	 -0.47177288	 0.70741147	 2.287419	 10.177962	 11.672272	Scatto 30m	4	Braccio
35	 2729239852	 0.9616028770992372	 -0.06760754357288624	 0.06557519687071739	 0.2577770749346735	 1.5530839801485556	 -1.6913503631376665	 -0.3384729384261227	 -0.971435546875	 0.527587890625	 -0.618408203125	 -0.069430456	 0.31972325	 -0.6359067	 0.69898444	 -14.089621	 -7.3310695	 28.643303	Scatto 30m	4	Braccio
36	 2729256519	 0.9950189462311347	 -0.06392620572743635	 0.010559727220994715	 0.07575769943308688	 0.7366635376612604	 -0.09595365271914416	 0.13942115545835324	 -0.8544921875	 0.451904296875	 -0.516357421875	 -0.09500016	 0.26721406	 -0.70218873	 0.6530719	 -28.45378	 -28.354708	 11.236588	Scatto 30m	4	Braccio
37	 2729273186	 0.9961778313999744	 -0.06287354588406059	 0.01281036307005032	 0.05926668586333013	 0.3607774631480595	 0.37312310120978875	 0.06540558448813433	 -0.777587890625	 0.349609375	 -0.424560546875	 -0.099292636	 0.22737244	 -0.75454557	 0.6075392	 -22.219614	 -14.244679	 -26.797451	Scatto 30m	4	Braccio
39	 2729306520	 0.9959938369176552	 -0.06392838592689576	 0.06095401404127399	 0.013930056248471464	 -0.2887952874130965	 1.0235793435300364	 7.607577166260093E-4	 -0.829833984375	 0.213623046875	 -0.324951171875	 -0.029216342	 0.19486172	 -0.79324204	 0.5761444	 3.8631952	 9.08574	 -43.296524	Scatto 30m	4	Braccio
40	 2729323187	 0.998914606050429	 0.005910300547662423	 0.016420771205810595	 -0.04318606765565827	 -0.20306171750743557	 0.6521892468686165	 0.11335510559279642	 -0.901123046875	 0.20458984375	 -0.326171875	 0.010317479	 0.22104266	 -0.7797749	 0.5856491	 2.0547707	 8.20872	 -50.48547	Scatto 30m	4	Braccio
41	 2729339854	 0.9975739584159746	 0.01200025090299292	 0.010733079264178214	 -0.06772733922174683	 0.1211398014936734	 0.5477380376938232	 0.029612081833563564	 -0.985107421875	 0.212646484375	 -0.34228515625	 0.056297153	 0.26803374	 -0.75516766	 0.59557575	 -17.909271	 3.130554	 -38.193214	Scatto 30m	4	Braccio
42	 2729356521	 0.9964877512602593	 0.02089120282199003	 0.013081660841475747	 -0.08002867850058848	 0.33779027407015716	 0.3157666486691267	 0.06264482111909359	 -1.0888671875	 0.210205078125	 -0.36279296875	 0.11139713	 0.32375532	 -0.71638364	 0.60792094	 -25.373962	 -7.532538	 -18.935013	Scatto 30m	4	Braccio
43	 2729373188	 0.9957030232926831	 0.020065484718019222	 0.018314220324184175	 -0.08852940225009294	 0.36854607118509336	 0.2988948184863435	 0.1263933009062489	 -1.206787109375	 0.197265625	 -0.40234375	 0.17832738	 0.38183683	 -0.66653824	 0.6149202	 -25.984423	 -13.472041	 -13.188775	Scatto 30m	4	Braccio
44	 2729389855	 0.9950309163133698	 -0.006144626178998108	 0.02373478167185886	 -0.09650066988723593	 0.4420456633192703	 0.2701614240139156	 -0.0011997631128681033	 -1.33642578125	 0.119140625	 -0.4208984375	 0.26455745	 0.4344084	 -0.61930823	 0.5981272	 -28.750025	 -8.263529	 -1.367506	Scatto 30m	4	Braccio
45	 2729406522	 0.9944862359183837	 -0.0301485902085199	 0.02542904161629808	 -0.09716765367034523	 0.611016172961548	 0.23239077874901795	 -0.12932185718490669	 -1.45263671875	 -0.02685546875	 -0.42919921875	 0.36106005	 0.47506702	 -0.57622564	 0.5584901	 -30.378736	 -1.5543556	 16.135895	Scatto 30m	4	Braccio
46	 2729423189	 0.9946520888185382	 -0.03860104760197236	 0.025358659379413593	 -0.09238029945517573	 0.6628082677358512	 0.26021990929789396	 -0.24879891039340596	 -1.531494140625	 -0.210205078125	 -0.440185546875	 0.45478845	 0.50365037	 -0.53137106	 0.50709844	 -26.87706	 8.228633	 25.655136	Scatto 30m	4	Braccio
47	 2729439856	 0.9959169583255781	 -0.015743252294343812	 0.02311189924488752	 -0.08583357291887274	 0.6827663134658335	 0.2622515095312941	 -0.20031214549246118	 -1.578857421875	 -0.36669921875	 -0.47900390625	 0.52593225	 0.53437346	 -0.47304964	 0.4626711	 -17.949017	 8.914248	 31.034916	Scatto 30m	4	Braccio
48	 2729456523	 0.9957564102584037	 0.02135896427655465	 0.01245270016912284	 -0.08864477611697313	 0.7194391473327303	 0.2794318835485545	 -0.17047730461956875	 -1.587646484375	 -0.47314453125	 -0.50048828125	 0.5655418	 0.5851618	 -0.39796114	 0.42352694	 -9.959634	 9.592926	 35.550022	Scatto 30m	4	Braccio
49	 2729473190	 0.9939206414072408	 0.05903140167242177	 -0.0017604796066488376	 -0.09291906646519306	 0.9076086088449025	 0.1711959903182525	 -0.13373734769869847	 -1.5615234375	 -0.535888671875	 -0.485595703125	 0.5693209	 0.6577063	 -0.30992556	 0.3837218	 8.834159	 8.300179	 44.853355	Scatto 30m	4	Braccio
50	 2729489857	 0.9939089559541945	 0.08059774806478887	 -0.028698587963905075	 -0.06946496476502245	 0.9808091299423591	 0.0528742995387852	 -0.06391370061706156	 -1.4970703125	 -0.516357421875	 -0.418212890625	 0.5301477	 0.73568743	 -0.24412636	 0.34367168	 27.5473	 4.8429027	 42.20138	Scatto 30m	4	Braccio
51	 2729506524	 0.999314380440501	 0.007523821238568314	 -0.022805229331764907	 -0.02817947256272552	 0.49161542795246477	 -0.8606947696747207	 0.27821226544720307	 -1.450439453125	 -0.516845703125	 -0.38330078125	 0.5248988	 0.755825	 -0.2328962	 0.31459373	 60.535675	 0.875663	 -22.062578	Scatto 30m	4	Braccio
52	 2729523191	 0.9997069431047556	 -0.014119751855747927	 -0.0163943183784272	 -0.010857570657549442	 0.29883181886665616	 -0.5950219643868577	 0.023320621092778104	 -1.406982421875	 -0.5439453125	 -0.35888671875	 0.52746516	 0.7556046	 -0.24351342	 0.30256107	 37.346558	 10.609103	 -19.334335	Scatto 30m	4	Braccio
53	 2729539858	 0.9997860102912911	 -0.012000156482891332	 -0.011151293769915527	 0.012632439094076577	 0.13448121648050287	 -0.4717017929602617	 0.040223395384323124	 -1.3935546875	 -0.572021484375	 -0.360107421875	 0.5198729	 0.7487893	 -0.2704881	 0.30965	 25.963276	 6.7342873	 -22.159855	Scatto 30m	4	Braccio
55	 2729573192	 0.9911692319302515	 0.09188460774246301	 0.009499640183405074	 0.0951342702247447	 0.01890234959993578	 -0.4869758138196082	 0.11905974933827393	 -1.41552734375	 -0.35205078125	 -0.33642578125	 0.39866075	 0.75596684	 -0.31823465	 0.41025695	 14.080075	 -0.35124615	 -11.993581	Scatto 30m	4	Braccio
56	 2729589859	 0.9958511757886019	 0.06141663427422481	 0.028052663689369543	 0.06100394064989806	 0.13303996922609518	 -0.17704877193082863	 0.12009014911838672	 -1.45068359375	 -0.17822265625	 -0.37744140625	 0.3257628	 0.7426626	 -0.33055967	 0.48276412	 14.883923	 -2.336003	 -8.594423	Scatto 30m	4	Braccio
57	 2729606526	 0.9959579357236866	 0.0471537638538185	 0.03466972445577039	 0.06813459495434178	 -0.024794956747047035	 -0.17664589588626498	 0.12280961279827868	 -1.470947265625	 -0.01513671875	 -0.44482421875	 0.26010033	 0.71095043	 -0.34843555	 0.55271155	 11.892168	 0.43292716	 -15.031183	Scatto 30m	4	Braccio
58	 2729623193	 0.9962262312993271	 0.022920628602869253	 0.03948397912080578	 0.07381704578467435	 0.005486524580985967	 -0.1710298233435889	 0.09496540346619518	 -1.47412109375	 0.12158203125	 -0.515625	 0.2084088	 0.6614011	 -0.3784867	 0.61307627	 11.542179	 2.0364811	 -10.519575	Scatto 30m	4	Braccio
59	 2729639860	 0.9963459135273194	 0.01642629156093396	 0.04067096715650222	 0.07328621953356164	 0.3084095314221198	 -0.3011972602795948	 0.019622971470326697	 -1.458251953125	 0.22998046875	 -0.57763671875	 0.16017509	 0.60410804	 -0.408301	 0.66534805	 13.283313	 5.8310666	 11.63365	Scatto 30m	4	Braccio
60	 2729656527	 0.9954955178526746	 0.024370913996058688	 0.034306421317380244	 0.08495764793487487	 0.5508514667605756	 -0.6636467784229456	 -0.03446639590654439	 -1.394775390625	 0.362060546875	 -0.660400390625	 0.09492199	 0.54154867	 -0.4370834	 0.7118099	 18.5653	 16.524893	 35.621838	Scatto 30m	4	Braccio
61	 2729673194	 0.9945021342875056	 -0.023445155139723964	 0.04178135135656419	 0.09311363099401639	 0.5504290632342648	 -0.9450221528437903	 -0.0378229414076351	 -1.307373046875	 0.44921875	 -0.688720703125	 0.05011665	 0.45865327	 -0.4997749	 0.7330421	 18.53913	 23.984451	 48.426098	Scatto 30m	4	Braccio
62	 2729689861	 0.9921740758977674	 -0.0872248691537846	 0.024351080393083178	 0.08596191133988379	 0.591615615147546	 -0.5636368248747514	 0.13482223851326627	 -1.2119140625	 0.438232421875	 -0.6005859375	 0.027817212	 0.3823863	 -0.60121626	 0.7011034	 1.4341756	 -3.8791683	 39.70483	Scatto 30m	4	Braccio
63	 2729706528	 0.9926381352006496	 -0.10028496980403792	 0.008047075826768753	 0.06743665136569489	 0.8875879819912477	 -0.032656759999816126	 0.03472381118320334	 -1.11962890625	 0.34619140625	 -0.46484375	 0.01457157	 0.3253372	 -0.69429356	 0.6417945	 -36.135433	 -24.03648	 21.181604	Scatto 30m	4	Braccio
64	 2729723195	 0.9956396274477655	 -0.06499364625491189	 0.005801370855723077	 0.06666260044703062	 0.7287136337409059	 0.3964560251480358	 0.17805329411718868	 -1.050048828125	 0.2529296875	 -0.370849609375	 -0.004109159	 0.2725404	 -0.75338054	 0.5984335	 -41.381866	 -29.40363	 -13.624388	Scatto 30m	4	Braccio
65	 2729739862	 0.9981155578225418	 -0.0358539201201801	 0.010757980404935086	 0.048621965223742354	 0.07091715991510333	 0.6376877108502078	 -0.010164508238020953	 -1.000244140625	 0.20361328125	 -0.33251953125	 -0.009059437	 0.23246552	 -0.7833267	 0.5764348	 -19.756271	 3.7032964	 -42.649895	Scatto 30m	4	Braccio
66	 2729756529	 0.9992831805934133	 -0.01628747522103019	 0.028351716913117	 0.019079394175774422	 -0.09631319607113109	 0.4466196188666578	 0.007724186830939131	 -1.016357421875	 0.171142578125	 -0.315185546875	 0.013363761	 0.20525709	 -0.7937867	 0.5723582	 -4.591454	 7.6717925	 -35.730934	Scatto 30m	4	Braccio
67	 2729773196	 0.9997528803424893	 0.008275785325959073	 0.0202631368807093	 -0.0038852165819525946	 -0.15377217471314164	 0.8237202067056284	 0.19734911401336566	 -1.06103515625	 0.178955078125	 -0.32861328125	 0.036117718	 0.20046434	 -0.7853052	 0.5846413	 -6.563534	 4.725629	 -60.826847	Scatto 30m	4	Braccio
68	 2729789863	 0.9988930938026134	 0.010208279591173652	 0.0060617888773316095	 -0.04551519413161384	 0.01813396296298977	 0.656767671246836	 0.04152694422054265	 -1.1083984375	 0.18408203125	 -0.34423828125	 0.0709101	 0.23630345	 -0.7668351	 0.592534	 -15.066705	 6.607593	 -45.722477	Scatto 30m	4	Braccio
69	 2729806530	 0.9972094925040264	 0.0198101916401911	 0.008557788694215751	 -0.07146711565262921	 0.1203832779967908	 0.17428960126863707	 0.054022819497946344	 -1.189208984375	 0.1748046875	 -0.36279296875	 0.120687604	 0.29087636	 -0.7330883	 0.60283244	 -10.561816	 -3.1160536	 -16.938517	Scatto 30m	4	Braccio
70	 2729823197	 0.9965578807129706	 0.01618681099195801	 0.01765578875575369	 -0.07936403884755133	 0.23324924542771364	 0.27999575038718233	 0.1405611507593348	 -1.290283203125	 0.149658203125	 -0.392578125	 0.18206589	 0.34359294	 -0.69246036	 0.6076961	 -19.492325	 -10.226807	 -17.85262	Scatto 30m	4	Braccio
73	 2729873198	 0.9631680211896537	 -0.018684218021012083	 0.057609944053545026	 -0.26199113973701	 1.434937444894152	 0.6670810829551257	 -0.40164167261652456	 -1.5751953125	 -0.180908203125	 -0.4541015625	 0.40520725	 0.48904714	 -0.5568745	 0.5352857	 -29.352346	 5.6540437	 11.028748	Scatto 30m	4	Braccio
74	 2729889865	 0.9953810933775641	 0.010897326341651248	 0.009748447572793558	 -0.09488253261274715	 0.6329512412466924	 0.360619234254581	 -0.17675008826904604	 -1.61572265625	 -0.313720703125	 -0.478515625	 0.46302873	 0.5455991	 -0.48920757	 0.49860007	 -28.234528	 5.4301705	 24.77232	Scatto 30m	4	Braccio
75	 2729906532	 0.9944455600821939	 0.035476376106017005	 -0.0033089197724663903	 -0.09903790093260074	 0.7738191020607943	 0.29414474913346994	 -0.1024630830664243	 -1.61669921875	 -0.423095703125	 -0.478515625	 0.4965828	 0.6160068	 -0.40676433	 0.4566005	 -15.477533	 1.346088	 37.76306	Scatto 30m	4	Braccio
76	 2729923199	 0.9939103158756966	 0.05539994822504629	 -0.018321547891836727	 -0.09347433131818811	 1.070498374729302	 0.16485179863458227	 -0.06180134499777443	 -1.572998046875	 -0.493408203125	 -0.447265625	 0.50049084	 0.6922289	 -0.32150745	 0.40860876	 8.157051	 -0.9492935	 54.758816	Scatto 30m	4	Braccio
77	 2729939866	 0.9956229403497845	 0.059200586167115876	 -0.03964467668354127	 -0.06048595586891909	 1.1582824745735647	 -0.17689281997327588	 0.0740976452692304	 -1.490966796875	 -0.483154296875	 -0.375732421875	 0.47275364	 0.75882053	 -0.26714092	 0.35962665	 43.3869	 -3.5850387	 45.56558	Scatto 30m	4	Braccio
78	 2729956533	 0.9992080164687468	 -0.02327525674365577	 -0.01390498091206297	 -0.029124796204348713	 0.44249356989906397	 -0.8753184494080675	 0.14697440132042605	 -1.44580078125	 -0.546630859375	 -0.35498046875	 0.49735755	 0.7619978	 -0.25639105	 0.32597303	 57.554653	 11.741118	 -19.318865	Scatto 30m	4	Braccio
80	 2729989867	 0.9996872660722353	 6.179866931592388E-4	 -0.021960585948660186	 0.011946581530220934	 0.424176462830692	 -0.8397928118948619	 -0.061066644869310904	 -1.40673828125	 -0.5771484375	 -0.334716796875	 0.47782215	 0.7669524	 -0.27999765	 0.3241474	 18.38434	 11.472128	 -22.60064	Scatto 30m	4	Braccio
81	 2730006534	 0.9968109944177921	 0.06973258728628684	 -0.004806801236764049	 0.03849808229045965	 -0.010276576492308717	 -0.2668026600437253	 0.017221413208725944	 -1.40283203125	 -0.4375	 -0.306640625	 0.40185335	 0.7880169	 -0.29151326	 0.36409247	 11.843047	 5.407891	 -19.203299	Scatto 30m	4	Braccio
82	 2730023201	 0.9955843755775668	 0.0797455667919954	 0.009748088249046745	 0.04855275953371413	 0.17147090019850564	 -0.22213675616653553	 0.036387748350471996	 -1.40966796875	 -0.24169921875	 -0.313720703125	 0.31494123	 0.79726076	 -0.29818702	 0.41984782	 16.535833	 3.2057161	 -7.6811748	Scatto 30m	4	Braccio
83	 2730039868	 0.9962843566495339	 0.05822737975684089	 0.018449835995680872	 0.060717843290169556	 0.09369593778926268	 -0.15124902320465833	 0.1535263183852721	 -1.417724609375	 -0.06201171875	 -0.344970703125	 0.23952863	 0.7838949	 -0.31748575	 0.4767996	 13.824402	 -2.4230053	 -11.16236	Scatto 30m	4	Braccio
84	 2730056535	 0.9971496165500813	 0.029742355812591298	 0.020092765280744985	 0.06636501539302148	 0.009862143350294748	 -0.1418371770174363	 0.21467175791256635	 -1.4111328125	 0.0712890625	 -0.391845703125	 0.18262911	 0.75426656	 -0.3511988	 0.5238205	 14.167574	 -3.0174308	 -15.182266	Scatto 30m	4	Braccio
85	 2730073202	 0.9971907339361497	 0.008204817966512762	 0.03307879734318682	 0.06670168124078975	 0.06454231508506432	 -0.18332273836837315	 0.18575819467540855	 -1.39013671875	 0.164794921875	 -0.43896484375	 0.1450816	 0.7081935	 -0.3912749	 0.5694887	 16.094074	 -0.90573037	 -9.199957	Scatto 30m	4	Braccio
86	 2730089869	 0.9966717736634407	 0.018354757933883747	 0.05187990659132168	 0.06014111518616422	 0.1294191916830016	 -0.002309231900058162	 0.040770997293718	 -1.395263671875	 0.2509765625	 -0.5068359375	 0.1100719	 0.64966804	 -0.41535035	 0.6271363	 2.0151653	 -4.5527954	 -3.3697906	Scatto 30m	4	Braccio
87	 2730106536	 0.9947301689463093	 0.060219286158841354	 0.04213865409494907	 0.07148330150204892	 0.25460411607953565	 -0.6102195996661175	 -0.2724861003049929	 -1.375732421875	 0.379638671875	 -0.620361328125	 0.036735762	 0.5908148	 -0.41679403	 0.689834	 10.351972	 27.714802	 21.265614	Scatto 30m	4	Braccio
88	 2730123203	 0.9927949119335443	 -0.04348576772814487	 0.04383427019962733	 0.10269278260922712	 0.4907553850954317	 -1.717537164286289	 0.0690868993661092	 -1.27783203125	 0.482421875	 -0.65869140625	 0.0013506636	 0.5056703	 -0.50383407	 0.70031923	 48.769005	 50.804993	 71.08168	Scatto 30m	4	Braccio
89	 2730139870	 0.9950818089301922	 -0.055426382750112815	 0.010392841849070772	 0.0814376968593463	 0.7514413505289149	 -0.11075473625029714	 0.0851848948713324	 -1.1513671875	 0.473876953125	 -0.57568359375	 -0.036242545	 0.44551206	 -0.5847548	 0.67695457	 -16.013353	 -23.907808	 25.895008	Scatto 30m	4	Braccio
90	 2730156537	 0.9951411600819425	 -0.07125504753132772	 0.01349236682262864	 0.06659388672841754	 0.9884036157442151	 -0.22625183389729894	 0.17882360179477463	 -1.068603515625	 0.401611328125	 -0.469482421875	 -0.051602356	 0.39147514	 -0.6614881	 0.6375876	 -23.125149	 -38.20815	 32.866856	Scatto 30m	4	Braccio
91	 2730173204	 0.995547752903706	 -0.06522798989955875	 0.025134832049843018	 0.06323148930612642	 0.41791254999140304	 0.48833791053161	 0.025288000336150557	 -1.011474609375	 0.32666015625	 -0.3916015625	 -0.05499381	 0.33179915	 -0.72507155	 0.60096294	 -29.426165	 -19.348873	 -25.5989	Scatto 30m	4	Braccio
92	 2730189871	 0.9980600018614216	 -0.04094822090429981	 0.027384075800809874	 0.03807345901920817	 -0.021171813501153797	 0.4488107819197284	 0.023541484904779322	 -0.995849609375	 0.251708984375	 -0.3359375	 -0.045833476	 0.2883118	 -0.76042813	 0.5801077	 -9.40844	 1.0078293	 -35.095207	Scatto 30m	4	Braccio
93	 2730206538	 0.9991945791079302	 -0.023487217541518945	 0.03125999246991351	 0.009019787373585221	 -0.025942442347404306	 0.5981183322611893	 0.14484296893302126	 -1.0390625	 0.210693359375	 -0.31982421875	 -0.02097862	 0.26378518	 -0.7756692	 0.5729875	 -8.956363	 -0.97731185	 -45.65362	Scatto 30m	4	Braccio
94	 2730223205	 0.9995764310699067	 -0.01736054593997921	 0.016935715647866337	 -0.016085752382423324	 -4.883112359589034E-4	 1.0590479535846882	 0.10456279413005681	 -1.08154296875	 0.16748046875	 -0.308349609375	 0.0063984515	 0.26701155	 -0.77959055	 0.5664826	 -22.362425	 7.3548822	 -69.16591	Scatto 30m	4	Braccio
95	 2730239872	 0.9987240009190193	 0.0025733949649286436	 0.013547434882746569	 -0.04858204024903729	 0.057729131029212	 0.6338149475664849	 -0.13626176436879936	 -1.1494140625	 0.134765625	 -0.302978515625	 0.045869455	 0.2982656	 -0.7624309	 0.5723924	 -21.600126	 14.002417	 -39.17817	Scatto 30m	4	Braccio
96	 2730256539	 0.9966738015562185	 0.03635847121967051	 0.011818734083178574	 -0.07197021874855541	 0.17408557610043404	 0.0785813404421065	 0.008602861344990019	 -1.22998046875	 0.14208984375	 -0.33740234375	 0.088012956	 0.34959668	 -0.71569765	 0.5981747	 -10.795333	 -3.8739552	 -9.591839	Scatto 30m	4	Braccio
97	 2730273206	 0.996416372574318	 0.02452297091791117	 0.014500792418676078	 -0.0796414677315007	 0.35004012788387523	 0.1523626032351729	 0.12477652259075128	 -1.327880859375	 0.125732421875	 -0.385498046875	 0.14044714	 0.40182072	 -0.6673541	 0.61110836	 -18.880741	 -14.790643	 -7.476325	Scatto 30m	4	Braccio
98	 2730289873	 0.9960955685555055	 0.011107048567101485	 0.010283087798998754	 -0.08697419089322078	 0.36635537405267016	 0.18095885255815908	 -0.07316919119050687	 -1.427001953125	 0.059326171875	 -0.40869140625	 0.20008062	 0.45719743	 -0.61819386	 0.6072681	 -22.933977	 -4.6496367	 -1.2861109	Scatto 30m	4	Braccio
99	 2730306540	 0.9948498446430715	 0.001025061420064366	 0.004891713567780621	 -0.10123639168358532	 0.36469915033078515	 0.30580533090369844	 -0.13315324268660977	 -1.497802734375	 -0.0556640625	 -0.41064453125	 0.26855716	 0.5189338	 -0.56272763	 0.5847414	 -28.135035	 -2.3767643	 -0.75281143	Scatto 30m	4	Braccio
100	 2730323207	 0.9944519023131357	 -0.014269229476175926	 0.012828183218510454	 -0.10342746632908545	 0.518901023655203	 0.3454151544003941	 -0.20161461198350775	 -1.56103515625	 -0.215576171875	 -0.421142578125	 0.34832358	 0.5678214	 -0.5051784	 0.5486753	 -31.723862	 -1.5332559	 13.346561	Scatto 30m	4	Braccio
101	 2730339874	 0.9949357636790398	 -0.0068510506408683836	 0.01232300436854164	 -0.09951900733455411	 0.7016916026378341	 0.3458661245754711	 -0.22701470196415288	 -1.5927734375	 -0.3779296875	 -0.447265625	 0.41780514	 0.61152464	 -0.43850824	 0.50910425	 -27.307583	 -0.005226627	 30.720268	Scatto 30m	4	Braccio
102	 2730356541	 0.9948520341689613	 0.016032761025652764	 -0.0037533814320990793	 -0.0999914636936533	 0.7256075134588955	 0.30889829912750144	 -0.15020828411590081	 -1.572021484375	 -0.51025390625	 -0.445556640625	 0.46122018	 0.6663917	 -0.36053643	 0.46174854	 -14.694905	 -0.8869602	 36.049355	Scatto 30m	4	Braccio
103	 2730373208	 0.993681554538342	 0.04431949737974872	 -0.016998504917765615	 -0.1017044795121196	 1.0199180293848418	 0.1805996584990172	 -0.1104440695052662	 -1.508056640625	 -0.59326171875	 -0.412841796875	 0.474408	 0.73212683	 -0.26991144	 0.40752345	 9.154243	 -0.20034629	 52.011353	Scatto 30m	4	Braccio
104	 2730389875	 0.9942898393803439	 0.07150612982530301	 -0.03778424933500368	 -0.069619962687488	 1.2681705246771138	 -0.04290152559797844	 0.0035107590318365633	 -1.406005859375	 -0.56640625	 -0.3310546875	 0.44053906	 0.7998698	 -0.19984145	 0.3552425	 43.238956	 0.37480262	 52.847385	Scatto 30m	4	Braccio
105	 2730406542	 0.9992364614037608	 -0.01880702171049229	 -0.01600778164572697	 -0.030274429184614596	 0.44010970299714813	 -0.8368885361279399	 0.26112515196070446	 -1.34765625	 -0.608642578125	 -0.3154296875	 0.46397978	 0.8048802	 -0.1849823	 0.3204254	 55.37495	 13.1755705	 -24.782566	Scatto 30m	4	Braccio
106	 2730423209	 0.9997777810959911	 -0.013971315918355917	 -0.010454089106503585	 -0.011828050525727996	 0.26207549327780705	 -0.5489116728993122	 0.09169188172002127	 -1.31201171875	 -0.64208984375	 -0.306640625	 0.4756364	 0.8049667	 -0.18333775	 0.3036217	 32.897324	 11.735391	 -21.738811	Scatto 30m	4	Braccio
107	 2730439876	 0.9998470256436358	 0.006024534274469952	 -0.01424674408304183	 0.008164593154759427	 0.02483360537697732	 -0.6850071376035063	 0.01009089924765319	 -1.285400390625	 -0.645263671875	 -0.299072265625	 0.4626789	 0.8114072	 -0.19500177	 0.2992006	 25.422564	 19.28144	 -35.76703	Scatto 30m	4	Braccio
108	 2730456543	 0.9986555525847232	 0.03650078726962052	 -0.007583653179775884	 0.03601760715050601	 -0.14554696795647848	 -0.4259193471992292	 0.038079642528122376	 -1.276123046875	 -0.569580078125	 -0.274169921875	 0.4153655	 0.823146	 -0.2178604	 0.3200613	 9.552751	 11.173041	 -32.5828	Scatto 30m	4	Braccio
111	 2730506544	 0.9669864699610985	 0.15530639269390317	 0.059968655300981395	 0.19292706311446542	 0.5098358570803555	 -0.5269574274876501	 0.22329822554789586	 -1.36279296875	 -0.096435546875	 -0.3212890625	 0.20652951	 0.79547995	 -0.29885748	 0.48501703	 14.062723	 -1.543948	 -4.9827137	Scatto 30m	4	Braccio
112	 2730523211	 0.9964096560361576	 0.024269759611393604	 0.03150043986488026	 0.07474288203320933	 0.19504836740558568	 -0.0356938590396292	 0.11216373458616079	 -1.37060546875	 0.03369140625	 -0.37744140625	 0.15317774	 0.75718015	 -0.33997652	 0.5363122	 9.812719	 -5.842397	 -2.3018818	Scatto 30m	4	Braccio
113	 2730539878	 0.9968950763882511	 0.010738182843446492	 0.04040408612252783	 0.06672636605335948	 0.23064982051924604	 -0.03328188363559817	 -0.15979279310562694	 -1.37890625	 0.1240234375	 -0.428955078125	 0.11639176	 0.70858467	 -0.3780312	 0.5843399	 -3.0057464	 2.2198632	 6.7239895	Scatto 30m	4	Braccio
114	 2730556545	 0.9944851014743251	 0.048512442631727076	 0.02973670256000067	 0.0881002518518687	 0.3052884172386247	 -0.9231277737705588	 -0.21206778553036532	 -1.338134765625	 0.27294921875	 -0.505615234375	 0.035455666	 0.6559179	 -0.406539	 0.6350124	 27.837328	 38.30061	 26.563831	Scatto 30m	4	Braccio
115	 2730573212	 0.9938081680906207	 -0.030379624561315433	 0.02943596542917583	 0.10274204293827564	 0.5618318208661951	 -1.023250607593301	 0.06510370607828805	 -1.255615234375	 0.349853515625	 -0.521240234375	 -0.0066287294	 0.585282	 -0.4910083	 0.64522237	 33.007328	 21.742964	 48.13964	Scatto 30m	4	Braccio
120	 2730656547	 0.9106867134435083	 -0.2685288135072941	 0.09902416726966425	 0.29788622084677874	 1.6843734535805182	 1.0851353398855852	 -0.04590846938889229	 -1.03662109375	 0.070556640625	 -0.265380859375	 -0.03036049	 0.30893332	 -0.7952763	 0.5207439	 -18.516987	 -4.410278	 -54.93793	Scatto 30m	4	Braccio
121	 2730673214	 0.9992628212489036	 -0.025868612557934767	 0.028320369142378177	 -0.0016079942936763627	 0.08650875081944293	 1.2624948566718721	 0.07939689023524327	 -1.093505859375	 0.022216796875	 -0.2490234375	 -7.105394E-4	 0.29511902	 -0.8068489	 0.5117609	 -36.95367	 13.493045	 -74.92653	Scatto 30m	4	Braccio
122	 2730689881	 0.9984773846252374	 -0.012047246094703978	 0.026955783738741693	 -0.04659572916598187	 -0.005078405634270967	 0.6065324163458017	 -0.12256775024005545	 -1.168212890625	 -0.038818359375	 -0.259521484375	 0.048804507	 0.3188861	 -0.79675555	 0.5109898	 -19.302591	 17.19069	 -36.465782	Scatto 30m	4	Braccio
123	 2730706548	 0.9972018325658356	 0.019136126116337027	 0.026803452379755625	 -0.06711101806056209	 0.11364218920983109	 0.07165629320918487	 0.05489311049683261	 -1.253173828125	 -0.06298828125	 -0.28564453125	 0.09914283	 0.3598802	 -0.7610721	 0.53049624	 -6.989365	 -4.7254243	 -11.968809	Scatto 30m	4	Braccio
129	 2730806550	 0.8358232531640284	 0.09148675307937898	 0.0964527067009622	 -0.532659871636067	 3.276126817018313	 0.09035121454504769	 -0.9082394115797551	 -1.526123046875	 -0.52880859375	 -0.42919921875	 0.42339903	 0.67946976	 -0.36129186	 0.47804034	 -3.4017618	 -2.9107404	 44.99016	Scatto 30m	4	Braccio
141	 2731006554	 0.9229472403279538	 0.293195047004983	 -0.04730079140023093	 0.24488301516371389	 2.821138145031181	 -3.2760495565083425	 -0.23906952271088144	 -1.356689453125	 0.1611328125	 -0.431396484375	 0.045230698	 0.70315826	 -0.3683393	 0.6065055	 13.09451	 26.141768	 12.525557	Scatto 30m	4	Braccio
142	 2731023221	 0.9937763921688874	 0.011253031646678874	 0.0429201550264754	 0.10217490855905864	 0.2916390891791675	 -1.5237211883881208	 -0.062358694241133106	 -1.30224609375	 0.322509765625	 -0.521728515625	 -0.010976031	 0.63501906	 -0.42790958	 0.6430582	 49.0503	 59.99378	 41.88636	Scatto 30m	4	Braccio
145	 2731073222	 0.9512303152937052	 -0.16541665959036705	 0.037621879056176144	 0.2576486177189497	 2.7085626316038076	 -0.38121454747048233	 -0.05989790850853077	 -1.028076171875	 0.234130859375	 -0.339599609375	 -0.062284537	 0.46952996	 -0.6749032	 0.5658339	 -16.635258	 -30.73605	 17.873539	Scatto 30m	4	Braccio
148	 2731123223	 0.981946757436771	 -0.10257305049567142	 0.08869057228642303	 0.13188372628543082	 -0.057924684294027196	 2.0570260705917534	 0.28920755009396	 -1.041748046875	 0.074462890625	 -0.265380859375	 -0.029019685	 0.32832587	 -0.78420603	 0.52571946	 -23.827192	 3.4172883	 -65.77275	Scatto 30m	4	Braccio
152	 2731189891	 0.9742205409611582	 0.004887732594416605	 0.10466407504166182	 -0.19978958690359006	 0.5094022381362959	 1.5668553715217546	 0.07712845190917672	 -1.35791015625	 -0.048583984375	 -0.335693359375	 0.15932068	 0.42295402	 -0.6930514	 0.561611	 -23.018167	 -9.40922	 -13.454892	Scatto 30m	4	Braccio
153	 2731206558	 0.995868474579311	 0.02409650884455855	 0.03282652957498594	 -0.08116500820330706	 0.40312879179890904	 0.3711971920944027	 -0.056704192962445416	 -1.459228515625	 -0.10791015625	 -0.385009765625	 0.21726333	 0.4637604	 -0.6353583	 0.57796454	 -32.206863	 -6.4836273	 -6.1671777	Scatto 30m	4	Braccio
154	 2731223225	 0.9938376507339637	 0.041965160517127065	 0.01704011871892919	 -0.1011695786311902	 0.6138161274292674	 0.31659825112415807	 -0.0712867150430589	 -1.536376953125	 -0.167236328125	 -0.42578125	 0.26627278	 0.5255419	 -0.5546011	 0.58764136	 -34.536304	 -10.295588	 11.083843	Scatto 30m	4	Braccio
168	 2731456563	 0.931310685948274	 0.2864747875084803	 -0.18631550765749702	 -0.1260124357627273	 2.1078034626352204	 -3.768699503958463	 -0.4545879612575281	 -1.310546875	 0.108154296875	 -0.380859375	 0.051672213	 0.7556192	 -0.3134175	 0.57283443	 -2.4903793	 -6.362517	 9.166183	Scatto 30m	4	Braccio
179	 2731639900	 0.8726944519733733	 -0.36119127036076903	 0.09107942622996064	 0.3156735621297558	 0.5915596918772653	 0.6086206236563361	 -1.4523795574406182	 -1.287841796875	 -0.2529296875	 -0.26318359375	 0.15113077	 0.48818552	 -0.70633143	 0.48982698	 -20.277624	 -10.924286	 -16.68702	Scatto 30m	4	Braccio
186	 2731756569	 0.7745490474777299	 0.09233804312750588	 0.11736521496916054	 -0.6146323007766243	 3.956749868505306	 -1.2270602676797482	 -1.8814805032961668	 -1.328125	 -0.7548828125	 -0.369873046875	 0.458386	 0.7718173	 -0.16738123	 0.40763214	 22.948479	 15.663283	 42.37477	Scatto 30m	4	Braccio
192	 2731856571	 0.9688399284860109	 0.18140984226418153	 -0.115489540730225	 0.1228894954128615	 0.9481055215924639	 -2.4831166593245104	 -0.023047317251827626	 -1.134521484375	 -0.39306640625	 -0.20458984375	 0.22510013	 0.8624318	 -0.22910975	 0.39121634	 11.6777935	 -10.931167	 -10.130795	Scatto 30m	4	Braccio
197	 2731939906	 0.8975644422806933	 0.25328565723738766	 0.1282497321936665	 0.33730765479518177	 1.706804545021791	 -1.4191474200903014	 -1.0858945682382917	 -1.13134765625	 0.355224609375	 -0.46484375	 -0.12956406	 0.7015389	 -0.36295342	 0.59943426	 21.480331	 46.715347	 53.160675	Scatto 30m	4	Braccio
199	 2731973240	 0.9789409535765932	 -0.09512485377098645	 0.057298028738180164	 0.17129742411465979	 1.7846446313363438	 -1.0116716628292353	 -0.07651954801009336	 -1.005615234375	 0.30224609375	 -0.38818359375	 -0.14662552	 0.60093516	 -0.53811985	 0.57254267	 6.473666	 -28.374952	 37.165154	Scatto 30m	4	Braccio
201	 2732006574	 0.9777130968890723	 -0.14191854456783354	 0.05943399143946056	 0.14284196701565546	 0.5936077627397618	 0.8329650629434039	 0.2510169642020997	 -0.948974609375	 0.080322265625	 -0.25244140625	 -0.11113301	 0.49650937	 -0.6998397	 0.5013507	 -13.32515	 -21.04771	 -35.116722	Scatto 30m	4	Braccio
208	 2732123243	 0.9261978949673664	 0.026698363233432776	 0.1872589758908819	 -0.326157527441838	 1.4846361686583802	 3.391626764720297	 -0.4016547596816027	 -1.498291015625	 -0.14501953125	 -0.399658203125	 0.17915592	 0.59036756	 -0.48310855	 0.62126917	 -25.935978	 -10.891609	 3.338601	Scatto 30m	4	Braccio
209	 2732139910	 0.9944654154588848	 0.01173326176794115	 0.010335319079885164	 -0.10389441372850462	 0.7007395733202763	 0.21352312779298574	 -0.14215902701429986	 -1.546875	 -0.258056640625	 -0.42578125	 0.24084589	 0.6337786	 -0.40794253	 0.6114745	 -24.913273	 -13.672259	 24.784039	Scatto 30m	4	Braccio
213	 2732206578	 0.9474172846881814	 0.026420793211736848	 -0.04187325134872601	 -0.31614721441382704	 3.120312740506916	 -1.122632347448595	 -0.6913606826454204	 -1.408447265625	 -0.6640625	 -0.381103515625	 0.38644397	 0.764171	 -0.17158484	 0.48709607	 9.007746	 14.981681	 17.006691	Scatto 30m	4	Braccio
219	 2732306580	 0.9924688032126951	 0.08145920983051774	 -0.07974205331032826	 0.04484725986279687	 0.4933256179165487	 -2.5406037356284306	 0.3181520405577106	 -1.255126953125	 -0.506103515625	 -0.255126953125	 0.27641612	 0.8253452	 -0.18841949	 0.4548599	 7.6704373	 -1.3903376	 -10.201837	Scatto 30m	4	Braccio
228	 2732456583	 0.8173020434100217	 -0.19149192420065048	 0.033980163795109077	 0.5423961294775186	 3.401820883045123	 -0.19027341821373245	 -0.778803649362207	 -1.40625	 -0.278076171875	 -0.31884765625	 0.12598601	 0.50918114	 -0.6732588	 0.5211381	 -12.87209	 -7.552654	 -7.182138	Scatto 30m	4	Braccio
230	 2732489917	 0.9947153723010764	 -0.042929947217400344	 -0.002821734545763899	 0.09322223744362385	 0.3908105973388164	 0.36737923836865594	 0.1993130179521227	 -1.392578125	 -0.2490234375	 -0.317138671875	 0.09448386	 0.4402916	 -0.73787105	 0.502755	 -11.819755	 -15.670824	 -11.650511	Scatto 30m	4	Braccio
231	 2732506584	 0.9987291706160515	 -0.03471552752518542	 -0.005576811086605683	 0.03610782584601647	 0.2825459037808618	 0.3392071989164655	 0.2753138755398443	 -1.376220703125	 -0.268798828125	 -0.306640625	 0.08667228	 0.41291663	 -0.76972544	 0.47907278	 -20.214504	 -20.860771	 -21.242954	Scatto 30m	4	Braccio
233	 2732539918	 0.9924660357138525	 -0.1124465573343017	 0.013750648545838129	 0.04666754078224628	 0.14562700860955485	 1.0274548450636305	 0.16570055880506557	 -1.38720703125	 -0.406005859375	 -0.319580078125	 0.120185815	 0.3584717	 -0.83384067	 0.402198	 -20.099937	 7.135072	 -27.30225	Scatto 30m	4	Braccio
235	 2732573252	 0.998457070838043	 -0.03602164644163042	 0.026408205725394377	 -0.032992807572479806	 0.1859230923312954	 0.5442825897064365	 -0.03221624207400475	 -1.439453125	 -0.5263671875	 -0.3642578125	 0.16842178	 0.3718089	 -0.82996434	 0.38019964	 -16.042307	 3.9400086	 -14.659836	Scatto 30m	4	Braccio
237	 2732606586	 0.9982835627810064	 0.019838228351720333	 0.014927638040222402	 -0.05304279969671261	 0.2700021092102152	 0.44151054473484763	 -0.1458274306533265	 -1.446044921875	 -0.55810546875	 -0.375244140625	 0.19374956	 0.41446394	 -0.7965124	 0.39528304	 -16.128227	 6.390852	 -8.395201	Scatto 30m	4	Braccio
239	 2732639920	 0.9938809132800566	 0.05844833251318571	 0.0029211006840010605	 -0.09368025306766865	 0.27683649433308544	 0.4722018572741714	 -0.15653475185690602	 -1.40673828125	 -0.568603515625	 -0.356689453125	 0.20809127	 0.4985228	 -0.72663873	 0.4244637	 -15.665131	 2.8661964	 -7.366601	Scatto 30m	4	Braccio
240	 2732656587	 0.9953605080779477	 0.06094426891845106	 0.011885889055932327	 -0.07349816791019553	 0.320264727482751	 -0.043614215018514244	 -0.19698139868201994	 -1.38916015625	 -0.55029296875	 -0.335205078125	 0.21663213	 0.55823326	 -0.65693915	 0.4581238	 -7.028269	 -1.1617712	 11.751507	Scatto 30m	4	Braccio
244	 2732723255	 0.9506442666191046	 0.17486113265921677	 0.019026999820618482	 -0.2556111028636797	 2.1853463727583122	 -2.253644191154118	 -0.670162693090483	 -1.32177734375	 -0.482177734375	 -0.283447265625	 0.23641625	 0.73013264	 -0.390906	 0.50813985	 16.781773	 11.045877	 10.622814	Scatto 30m	4	Braccio
246	 2732756589	 0.9954093199878185	 0.006728011874654272	 -0.027194576155759643	 -0.09151761887916393	 -0.05439507230981702	 -0.5818498958267277	 0.012148335460113124	 -1.259765625	 -0.52783203125	 -0.2607421875	 0.2643096	 0.77878684	 -0.32238737	 0.4687197	 4.4666505	 15.787886	 -12.150987	Scatto 30m	4	Braccio
248	 2732789923	 0.9987679427272866	 -0.009123984510345406	 -0.01780263298658997	 -0.04541382769271052	 -0.04895331780850973	 -0.18906895518376915	 -0.09362919324650046	 -1.199462890625	 -0.58740234375	 -0.24755859375	 0.28395963	 0.7993807	 -0.2930718	 0.44098365	 6.7809496	 5.2051144	 -8.512544	Scatto 30m	4	Braccio
249	 2732806590	 0.9998784035832027	 -0.008454717770397968	 -0.009340411948819783	 -0.009189804130418979	 0.05311104016916046	 -0.29787229589324177	 -0.07000626207475118	 -1.17236328125	 -0.60205078125	 -0.24853515625	 0.29053196	 0.804229	 -0.29088724	 0.42917547	 11.9861555	 14.217681	 -8.62804	Scatto 30m	4	Braccio
250	 2732823257	 0.9994150635166816	 -0.03173872423966512	 -0.012634545064462445	 -0.001597645329819597	 0.048253507534194065	 -0.3083107805922919	 -0.11842708273500407	 -1.14501953125	 -0.654052734375	 -0.258544921875	 0.31128114	 0.8010207	 -0.30565614	 0.40993208	 10.90003	 16.706175	 -8.042023	Scatto 30m	4	Braccio
251	 2732839924	 0.9990109893751449	 -0.03787302362708661	 -0.02085945661476853	 0.010371126205620642	 0.09128031640357906	 -0.2989781479924746	 -0.08395497877815918	 -1.120361328125	 -0.7216796875	 -0.27587890625	 0.32890844	 0.7945172	 -0.33473036	 0.3853796	 13.62132	 13.59889	 -7.2301245	Scatto 30m	4	Braccio
252	 2732856591	 0.998285965429923	 -0.04285099271478937	 -0.02939983054407159	 0.02691790506305103	 0.07284549907635235	 -0.2955000367411166	 -0.08888195987088426	 -1.086669921875	 -0.7880859375	 -0.30078125	 0.34026402	 0.78216904	 -0.3809016	 0.35685563	 13.923006	 12.866966	 -8.237987	Scatto 30m	4	Braccio
253	 2732873258	 0.9970882554632075	 -0.05304465867035979	 -0.038187300480917896	 0.039281103419616194	 0.07606889996948331	 -0.27342010296330715	 -0.06633523031319782	 -1.060546875	 -0.862548828125	 -0.33447265625	 0.3501648	 0.7614032	 -0.4417407	 0.32017994	 14.643115	 9.435071	 -8.275443	Scatto 30m	4	Braccio
254	 2732889925	 0.9970327688328131	 -0.05340304963629777	 -0.0376131200063595	 0.040731135099634885	 0.09468936119764376	 -0.19868266287735425	 -0.013778452357539064	 -1.04150390625	 -0.939453125	 -0.385986328125	 0.35799998	 0.7354829	 -0.5011289	 0.28243744	 12.840209	 2.4717171	 -7.7892966	Scatto 30m	4	Braccio
255	 2732906592	 0.9978236653922316	 -0.04458986074623916	 -0.030988551584683225	 0.037408378373383296	 0.10817235832393929	 -0.10901788751896625	 -0.06473715086614631	 -1.033935546875	 -1.001220703125	 -0.438720703125	 0.36176077	 0.7089676	 -0.55073696	 0.2513622	 8.10822	 1.2448922	 -4.0947614	Scatto 30m	4	Braccio
256	 2732923259	 0.9982704997550733	 -0.040753013285373396	 -0.02125002653804334	 0.036655662578253756	 0.1989593020231447	 -0.06999578696069092	 -0.3024953265414756	 -1.04296875	 -1.05322265625	 -0.48876953125	 0.3669714	 0.6792373	 -0.5932744	 0.22802211	 7.954708	 7.709171	 9.340019	Scatto 30m	4	Braccio
257	 2732939926	 0.9988263146476373	 -0.02778641145299321	 -0.0032953328838484786	 0.03953541813574985	 0.6014094552599407	 -0.0437718645850243	 -0.38917141898699337	 -1.088623046875	 -1.079345703125	 -0.537353515625	 0.3722854	 0.6466654	 -0.62661874	 0.2248924	 12.338955	 -5.0772014	 31.127327	Scatto 30m	4	Braccio
258	 2732956593	 0.9989974546117032	 -0.010017765248816424	 0.0054315048760183735	 0.04329236437917629	 0.7355448462446517	 0.13842457297867605	 -0.30361675766014207	 -1.158447265625	 -1.079833984375	 -0.554931640625	 0.3699509	 0.6150001	 -0.6538864	 0.23946647	 -0.008320047	 -14.01736	 36.57648	Scatto 30m	4	Braccio
259	 2732973260	 0.9989804223353234	 0.006589105726781008	 0.007681488404377186	 0.04399652500315838	 0.14692737171063527	 0.23478386904056692	 -0.2980291595962963	 -1.2353515625	 -1.053466796875	 -0.5625	 0.35810083	 0.587162	 -0.6754404	 0.2660548	 -10.2186775	 10.000352	 9.973181	Scatto 30m	4	Braccio
260	 2732989927	 0.9985324454316286	 0.036953707901337285	 0.0015884304423036124	 0.03955825806837557	 -9.381036304658211E-4	 0.11053715177268325	 -0.21539512016140697	 -1.299072265625	 -0.97607421875	 -0.52294921875	 0.32462892	 0.5732963	 -0.68675816	 0.3071008	 -4.323344	 11.2222595	 -1.6669922	Scatto 30m	4	Braccio
261	 2733006594	 0.9992971864699635	 0.019158875317546453	 -0.01099764352492752	 0.03028402956477722	 0.06885433694221435	 0.021796891494144974	 -0.02321453969089599	 -1.324951171875	 -0.90673828125	 -0.48193359375	 0.29483265	 0.56255907	 -0.70076203	 0.32485953	 -1.711829	 -1.1272296	 -5.748319	Scatto 30m	4	Braccio
262	 2733023261	 0.9995884689039615	 0.006890400761807802	 -0.011900779135830599	 0.02517512001035535	 0.07485464891650181	 -0.0033966581843159656	 -0.029766247459278854	 -1.336181640625	 -0.87353515625	 -0.458740234375	 0.27268425	 0.5513903	 -0.7153006	 0.3315976	 -0.5890266	 -1.3131578	 -5.1943865	Scatto 30m	4	Braccio
263	 2733039928	 0.9996198783523249	 0.0029770414318090466	 -0.00991328133245223	 0.025553138367333892	 0.1547335798591978	 0.031744843114719784	 -0.027966601101115665	 -1.347412109375	 -0.839111328125	 -0.443603515625	 0.25382283	 0.5377589	 -0.7302021	 0.33644393	 -4.074675	 -4.02616	 -2.0785618	Scatto 30m	4	Braccio
264	 2733056595	 0.9996165625016503	 -0.0037203951787659895	 -0.011813634136646324	 0.024765392800909475	 0.2061909545808909	 0.09342181517216923	 -0.017020218310797718	 -1.355224609375	 -0.820068359375	 -0.433837890625	 0.2373437	 0.52322984	 -0.7468203	 0.33490014	 -8.982348	 -5.738712	 -1.3335714	Scatto 30m	4	Braccio
265	 2733073262	 0.9995309034362069	 -0.010753098334451205	 -0.01162680774064584	 0.026213761538010198	 0.2550926966289568	 0.16176543449158945	 -0.010096373517711074	 -1.361328125	 -0.810546875	 -0.43310546875	 0.22415148	 0.5054734	 -0.76584226	 0.32823566	 -14.334696	 -6.869558	 -1.0860043	Scatto 30m	4	Braccio
266	 2733089929	 0.9993523021496635	 -0.016898384792034093	 -0.008620470772252755	 0.03057953994507759	 0.1756332433902086	 0.24028211544209477	 0.012173363635511816	 -1.374267578125	 -0.802490234375	 -0.437255859375	 0.2148983	 0.48151022	 -0.7875446	 0.3189675	 -17.387123	 -3.2007394	 -7.192384	Scatto 30m	4	Braccio
267	 2733106596	 0.9995749786652082	 -0.013737497342013016	 -0.005367065365068619	 0.025146327815287892	 0.0116418539831965	 0.32179492538081433	 0.04028309747076236	 -1.3916015625	 -0.797119140625	 -0.4482421875	 0.20840813	 0.46103463	 -0.80408406	 0.31218883	 -17.674204	 4.2814393	 -16.770138	Scatto 30m	4	Braccio
268	 2733123263	 0.9999618993564033	 0.0027236191504486085	 -0.007108450138752693	 0.004272197430192248	 -0.041929819755327835	 0.25590621038661526	 0.04479799610389591	 -1.388671875	 -0.7900390625	 -0.443115234375	 0.1995147	 0.46117058	 -0.8058542	 0.31323242	 -12.282481	 5.511261	 -18.062618	Scatto 30m	4	Braccio
269	 2733139930	 0.9997104119573041	 0.015687136623727782	 -0.008103538258760257	 -0.01635049346028106	 -6.164693950502474E-4	 0.20446363000969192	 0.04187933890106385	 -1.364501953125	 -0.780517578125	 -0.421630859375	 0.19030888	 0.48068747	 -0.7939547	 0.3199347	 -10.717751	 2.939207	 -15.583223	Scatto 30m	4	Braccio
270	 2733156597	 0.999321306058675	 0.02074832395583598	 -0.009471127073694132	 -0.028926321269076793	 0.01985151346115065	 0.20292758178448153	 0.0647582506309852	 -1.330078125	 -0.771240234375	 -0.3955078125	 0.18146083	 0.511113	 -0.77380705	 0.3271978	 -11.313203	 0.6123859	 -15.845449	Scatto 30m	4	Braccio
271	 2733173264	 0.9990817342671776	 0.02133789860946883	 -0.008943885928872132	 -0.03606091015368341	 0.04469401708514377	 0.17240027298277788	 0.0340502175824563	 -1.287109375	 -0.7685546875	 -0.37109375	 0.17480296	 0.54614246	 -0.74840033	 0.33327043	 -10.407153	 -0.48775378	 -12.943859	Scatto 30m	4	Braccio
272	 2733189931	 0.9987764901271281	 0.02178592068841556	 -0.01083552166911886	 -0.043052153247551794	 0.08821662241156192	 0.1397136984376844	 -0.007696744565644502	 -1.228515625	 -0.76171875	 -0.342041015625	 0.1684536	 0.58590835	 -0.71765363	 0.3366128	 -9.687735	 -1.8717681	 -8.741239	Scatto 30m	4	Braccio
273	 2733206598	 0.9983291957279212	 0.02073017950817091	 -0.012911368268209822	 -0.05236767308410318	 0.12510295359260162	 0.11907583450903007	 -0.06374866616658974	 -1.165771484375	 -0.757568359375	 -0.3154296875	 0.16387819	 0.6311358	 -0.67997	 0.33533904	 -9.32257	 -2.2400522	 -4.3273697	Scatto 30m	4	Braccio
274	 2733223265	 0.9977755547040297	 0.022525227600796727	 -0.002529758044067757	 -0.0626909633108031	 0.17804586332494202	 0.04627041428343083	 -0.20814230437299105	 -1.095947265625	 -0.750244140625	 -0.289794921875	 0.16803123	 0.6776656	 -0.6307143	 0.3387244	 -6.7670326	 0.21586658	 5.416708	Scatto 30m	4	Braccio
275	 2733239932	 0.9949865570917398	 0.04879706677954476	 0.024961129275588443	 -0.08365129709529963	 0.5625769599774741	 -0.2528692829909651	 -0.09309918855424641	 -1.0712890625	 -0.718505859375	 -0.2763671875	 0.17748293	 0.72751915	 -0.5490295	 0.37119055	 12.514012	 -19.126375	 19.824053	Scatto 30m	4	Braccio
276	 2733256599	 0.9955457200534674	 0.04922870743994162	 0.0059180975838907844	 -0.0801887134701833	 0.9138041701083698	 -0.4073889895150315	 -0.11886841298925654	 -1.035888671875	 -0.638916015625	 -0.237548828125	 0.17308035	 0.77548736	 -0.46766293	 0.38723907	 27.008228	 -23.666056	 38.816296	Scatto 30m	4	Braccio
277	 2733273266	 0.9972796597789994	 0.03742749175681881	 0.010762090701453883	 -0.06258306844195384	 0.6017745020939883	 -0.31130418554511313	 -0.18513840609227636	 -1.014892578125	 -0.589599609375	 -0.219482421875	 0.17196472	 0.80540913	 -0.40014458	 0.4020308	 20.683256	 -4.939299	 26.56977	Scatto 30m	4	Braccio
278	 2733289933	 0.9972539633177536	 0.06192871351607776	 0.010308870003644834	 -0.03928223884307261	 0.29344970442955637	 -0.2962705079225054	 -0.1723307439256501	 -1.013916015625	 -0.491943359375	 -0.197998046875	 0.14050551	 0.8257061	 -0.3393454	 0.42815015	 14.920924	 8.319296	 11.188362	Scatto 30m	4	Braccio
