2	 2782638340	 0.9996410695144573	 0.018010145096789443	 0.019676542770142334	 -0.0024900759424864027	 0.299451320700791	 -0.29684653579510456	 -0.07788415424951191	 -1.21337890625	 0.609130859375	 -1.2275390625	 0.39458808	 -0.41803554	 0.4827773	 -0.6606608	 -11.307169	 -11.896561	 9.998709	Scatto 30m	3	Braccio
3	 2782655007	 0.9998042025930296	 -0.013039279297654305	 0.01165948850864035	 -0.009251486390350618	 0.27908007270858665	 -0.4242795903343914	 -0.0619727696787378	 -1.22998046875	 0.603271484375	 -1.2275390625	 0.33793363	 -0.46037444	 0.47180465	 -0.6717565	 -10.145396	 -5.976464	 18.53404	Scatto 30m	3	Braccio
4	 2782671674	 0.9992291204022626	 -0.035773198033603404	 0.006566026815836124	 -0.014776012128545624	 0.2538540277962954	 -0.32003986387546046	 -0.019174834376551125	 -1.256103515625	 0.59326171875	 -1.1748046875	 0.27704766	 -0.50827044	 0.48545387	 -0.6551645	 -4.867538	 -5.795916	 13.526997	Scatto 30m	3	Braccio
5	 2782688341	 0.9988070852467617	 -0.04490050039167187	 0.0017040775463314714	 -0.019116684994051395	 0.2001790290700668	 -0.1126264186413265	 -0.07670861968146793	 -1.289306640625	 0.56982421875	 -1.09765625	 0.21673636	 -0.54812884	 0.49478787	 -0.63856494	 -6.8506866	 -5.6098156	 1.7070312	Scatto 30m	3	Braccio
6	 2782705008	 0.9990185280221993	 -0.0361259361295212	 -0.0045525228048254604	 -0.02522244919185601	 0.11863504281097159	 0.04149393313016033	 -0.08861595347955861	 -1.330078125	 0.533447265625	 -1.022216796875	 0.15999901	 -0.5887439	 0.4930666	 -0.6202149	 -7.5983872	 -4.6891527	 -7.4872875	Scatto 30m	3	Braccio
7	 2782721675	 0.9991295113169671	 -0.024897611508069017	 -0.00730149236278753	 -0.03266522257673788	 0.1297838437652729	 0.08410540840973105	 -0.1057104491204086	 -1.384765625	 0.491455078125	 -0.96484375	 0.1069158	 -0.6301469	 0.47947294	 -0.6013233	 -9.4516735	 -5.6590095	 -7.5838814	Scatto 30m	3	Braccio
10	 2782771676	 0.9887076346687853	 -0.06341326264291747	 -0.046689420896469346	 -0.12749929115484704	 0.42667185382764794	 -0.06798892361912781	 -0.09949709839820364	 -1.543212890625	 0.296630859375	 -0.811279296875	 -0.053199396	 -0.75558656	 0.39406338	 -0.5205507	 2.9182706	 -1.3254747	 -0.25422478	Scatto 30m	3	Braccio
14	 2782838344	 0.9675675355595963	 -0.12181184817314394	 -0.09890661277923814	 -0.19797075471975678	 1.1812068926695294	 -0.2516235834161342	 -0.14170257093638483	 -1.621826171875	 -0.135009765625	 -0.546875	 -0.24182978	 -0.8408597	 0.28142792	 -0.39404535	 1.0677482	 -9.190359	 11.904436	Scatto 30m	3	Braccio
15	 2782855011	 0.9986857518896098	 -0.013219845554677478	 -0.029638129401813155	 -0.03966845020613314	 0.3523269917826314	 0.22031908205508666	 -0.13608854846203852	 -1.5927734375	 -0.225341796875	 -0.495361328125	 -0.2723811	 -0.8519362	 0.25539914	 -0.36713025	 -2.2618542	 -9.55172	 14.516317	Scatto 30m	3	Braccio
17	 2782888345	 0.9956010230619511	 0.03483016929996699	 -0.06972493072999847	 -0.051999002098395426	 0.6626295515544897	 0.4046462106989353	 -0.2054915737469808	 -1.496826171875	 -0.265625	 -0.396728515625	 -0.27568495	 -0.8841742	 0.20475146	 -0.3167186	 3.0960262	 -7.7133274	 11.386335	Scatto 30m	3	Braccio
18	 2782905012	 0.9980070597360083	 0.04502878551395659	 -0.0420843729039413	 -0.013535979813360077	 0.2911685367622897	 0.19958482983085124	 -0.14980687503743434	 -1.427978515625	 -0.21875	 -0.350830078125	 -0.24797714	 -0.90492433	 0.18453433	 -0.29251802	 1.842757	 -5.965714	 12.331886	Scatto 30m	3	Braccio
23	 2782988347	 0.9913308510042483	 0.08714049018412037	 -0.06179223536299928	 0.07649443421914949	 0.9997091997872971	 -0.8550021723919538	 0.34827194922503496	 -1.228759765625	 0.008544921875	 -0.307861328125	 -0.16744004	 -0.885164	 0.2376897	 -0.36325246	 11.842627	 -0.7292982	 -23.943764	Scatto 30m	3	Braccio
24	 2783005014	 0.9977111841799935	 0.032632678926667436	 0.044910975945908434	 0.03860706499865174	 0.025004169801788618	 -0.3438866867590883	 0.19537534201400372	 -1.27099609375	 0.10302734375	 -0.366943359375	 -0.12841739	 -0.8517356	 0.25463283	 -0.43956548	 19.231245	 11.121367	 -18.288712	Scatto 30m	3	Braccio
28	 2783071682	 0.9372457783021775	 0.1665620439527214	 0.21718439952764287	 0.21600549338119684	 0.8198205170621631	 -0.5672911361246122	 -0.22712770594776527	 -1.267333984375	 0.52734375	 -0.78564453125	 0.10987163	 -0.5862457	 0.32130405	 -0.7355323	 -10.579609	 3.236202	 13.172657	Scatto 30m	3	Braccio
29	 2783088349	 0.9965667426039484	 0.02069291231295467	 0.048411107352133026	 0.06389753986425557	 0.2411801334768254	 -0.31314507544272807	 -0.19429745424695144	 -1.2021484375	 0.600830078125	 -0.88134765625	 0.16237752	 -0.51050967	 0.34790406	 -0.7693999	 -11.766478	 10.442143	 11.419846	Scatto 30m	3	Braccio
30	 2783105016	 0.9957519485933213	 -0.026511612053293054	 0.028127389326307328	 0.083570576572294	 0.16036924234747496	 -0.6369506500689579	 -0.23901276983530967	 -1.076904296875	 0.64111328125	 -0.8759765625	 0.21147521	 -0.4505235	 0.41584194	 -0.76117164	 -13.670621	 25.968664	 20.144693	Scatto 30m	3	Braccio
31	 2783121683	 0.994093781231398	 -0.06065188313829012	 0.022101212809963484	 0.08723783342775772	 0.4403606159355523	 -0.43159320468581047	 -0.11341058613290816	 -0.931640625	 0.623046875	 -0.776611328125	 0.24935403	 -0.39904648	 0.5095809	 -0.7203554	 -18.288742	 -1.6427592	 23.016705	Scatto 30m	3	Braccio
32	 2783138350	 0.994962765565114	 -0.0508579575800745	 0.012200352215195389	 0.08552025897779153	 0.5567196032313368	 -0.1473952147245333	 -0.1464308541109906	 -0.78759765625	 0.56591796875	 -0.672119140625	 0.28868118	 -0.35270515	 0.5860184	 -0.66995883	 -25.529581	 -18.129715	 7.236088	Scatto 30m	3	Braccio
33	 2783155017	 0.9955313859652515	 -0.05484487589062503	 0.0070758479470723334	 0.07654561726498339	 0.46871837513649983	 -0.27137350084090456	 -0.13423184198386817	 -0.65625	 0.483154296875	 -0.582275390625	 0.31516558	 -0.3175818	 0.65232056	 -0.6117929	 -22.387056	 -15.678451	 9.521759	Scatto 30m	3	Braccio
34	 2783171684	 0.9977659894233091	 -0.03542012960031771	 0.013240871851985083	 0.05507380576845132	 0.323371354302707	 0.32404307537032906	 0.05320289107280929	 -0.575927734375	 0.39208984375	 -0.510986328125	 0.3241711	 -0.28751072	 0.69630015	 -0.57220364	 -9.9133005	 -16.393538	 -29.752972	Scatto 30m	3	Braccio
35	 2783188351	 0.9989548898668958	 -0.006192486502466343	 0.027157793641864717	 0.03623858946538434	 -0.010823041056635174	 0.5513671438521056	 0.05785319023871738	 -0.5517578125	 0.341064453125	 -0.47314453125	 0.31805357	 -0.2533236	 0.7188601	 -0.56383467	 1.6077859	 4.2494164	 -42.76983	Scatto 30m	3	Braccio
36	 2783205018	 0.9993828031302143	 0.018971390638809926	 0.02865690786944389	 0.007271916954081775	 -0.24332247415119587	 0.631423123844632	 0.1478933677408178	 -0.568115234375	 0.35302734375	 -0.477294921875	 0.30139083	 -0.22971022	 0.7191574	 -0.582417	 15.6584215	 13.710634	 -45.78448	Scatto 30m	3	Braccio
37	 2783221685	 0.998817338735998	 0.03135982006863708	 0.02216066614157003	 -0.02982264914059871	 -0.17680071746098874	 0.6265863011890033	 0.2329400938770986	 -0.628173828125	 0.40673828125	 -0.501708984375	 0.27299076	 -0.22998108	 0.7005587	 -0.6179017	 17.881641	 5.7236834	 -46.808853	Scatto 30m	3	Braccio
38	 2783238352	 0.9976722200369776	 0.02591371302861034	 0.019296117063761557	 -0.060052316440091624	 0.017343714466539872	 0.5251081316303697	 0.12646688061866573	 -0.732421875	 0.4619140625	 -0.541015625	 0.22799817	 -0.25189686	 0.674599	 -0.65534806	 4.7418	 -2.0338142	 -41.823112	Scatto 30m	3	Braccio
39	 2783255019	 0.9964486667861419	 0.0015524100360778115	 0.026066873677886324	 -0.0800509998679673	 0.18216183378588807	 0.3445301114666453	 0.06950729791464	 -0.883544921875	 0.48193359375	 -0.54638671875	 0.1582281	 -0.28674278	 0.65664244	 -0.67938447	 -6.5764103	 -9.822842	 -30.413641	Scatto 30m	3	Braccio
40	 2783271686	 0.9954300929751296	 -0.022971298752861136	 0.03630156377988689	 -0.0852844997655863	 0.31826038061669704	 0.23197090268310588	 0.06196328984347888	 -1.065673828125	 0.43798828125	 -0.5244140625	 0.06889793	 -0.32060644	 0.64920735	 -0.68629056	 -15.034445	 -15.491532	 -20.115217	Scatto 30m	3	Braccio
41	 2783288353	 0.9946371086585548	 -0.04760966317423532	 0.038263990732609166	 -0.08346381889777656	 0.5059261181658831	 0.1455130305216279	 -0.06316047928761485	 -1.24755859375	 0.322021484375	 -0.488037109375	 -0.030845229	 -0.35171258	 0.65145403	 -0.67153156	 -28.625673	 -13.583356	 -6.9749074	Scatto 30m	3	Braccio
42	 2783305020	 0.993899024442412	 -0.06013523204719001	 0.03891870740004178	 -0.08386785613906245	 0.6439777189120817	 0.16353158634975873	 -0.22739655569950407	 -1.40185546875	 0.15380859375	 -0.449951171875	 -0.13790466	 -0.37975734	 0.6527521	 -0.64084435	 -39.660416	 -5.2836657	 3.395872	Scatto 30m	3	Braccio
43	 2783321687	 0.9953875337138661	 -0.035908489775923425	 0.04143313635161778	 -0.07872441362822434	 0.6703937623018665	 0.14625974823092672	 -0.20296765108146378	 -1.5380859375	 -0.01318359375	 -0.4697265625	 -0.23504406	 -0.40378878	 0.63110405	 -0.6192066	 -36.30809	 -2.232334	 12.989149	Scatto 30m	3	Braccio
44	 2783338354	 0.9965412069907484	 4.766756939260375E-4	 0.027081262804792065	 -0.0785620821682004	 0.6976555099174221	 0.16232096799869083	 -0.13357123876493687	 -1.6298828125	 -0.138427734375	 -0.510498046875	 -0.30747804	 -0.44297072	 0.5829089	 -0.6078253	 -32.302902	 -2.1502957	 19.565588	Scatto 30m	3	Braccio
45	 2783355021	 0.9955080677085825	 0.026181545642087856	 0.016300262028706825	 -0.08951265414851116	 0.6394334675448174	 0.2836208651543788	 -0.13311433741787415	 -1.68017578125	 -0.25439453125	 -0.537109375	 -0.3661395	 -0.5000035	 0.51057637	 -0.59602875	 -31.849365	 0.22267255	 18.662586	Scatto 30m	3	Braccio
46	 2783371688	 0.9933539707243049	 0.05169588910567113	 0.005374806035661706	 -0.1026963259124195	 0.7136808570817508	 0.10820919637844861	 -0.0967190532527461	 -1.70361328125	 -0.359619140625	 -0.559814453125	 -0.40859377	 -0.5742386	 0.4126893	 -0.57705176	 -16.100248	 1.283373	 30.78926	Scatto 30m	3	Braccio
48	 2783405022	 0.9775583224459157	 0.11580347609152798	 -0.056691426328992656	 -0.16659940973073814	 2.0271226074131747	 -0.25886066503933036	 -0.028481803048474474	 -1.6064453125	 -0.487060546875	 -0.4501953125	 -0.4133765	 -0.7256811	 0.24428156	 -0.49278137	 24.106987	 5.45234	 54.619152	Scatto 30m	3	Braccio
49	 2783421689	 0.9989178025711297	 -0.011909051534489512	 -0.03183385780696574	 -0.03174907392571264	 0.6413285920862374	 -0.9202115399442737	 0.2097676748112111	 -1.5322265625	 -0.533447265625	 -0.403076171875	 -0.4315142	 -0.7489504	 0.23226763	 -0.4460053	 63.96207	 21.369356	 1.9994326	Scatto 30m	3	Braccio
50	 2783438356	 0.999668866224478	 -0.01842015519517201	 -0.009728886339618216	 -0.015106440833073664	 0.5442077311168365	 -0.1085343227196958	 -0.005191740794821709	 -1.49072265625	 -0.58056640625	 -0.387939453125	 -0.44914156	 -0.75198567	 0.22929032	 -0.42451763	 21.018888	 4.8559637	 15.55076	Scatto 30m	3	Braccio
51	 2783455023	 0.9996902432664428	 0.010384559739045868	 -0.015531713468678933	 0.0164421505172922	 0.12861372121252823	 -0.3743938915408953	 -0.07540088685257534	 -1.468017578125	 -0.580322265625	 -0.372314453125	 -0.4295236	 -0.76183826	 0.24140583	 -0.4205181	 18.450064	 15.2741995	 -13.118255	Scatto 30m	3	Braccio
52	 2783471690	 0.9978686312159094	 0.046414003065942025	 -0.011766317158802888	 0.04433383510593972	 -0.08347161990620333	 -0.16755036281604488	 0.03823537999284459	 -1.44873046875	 -0.475830078125	 -0.342041015625	 -0.36948547	 -0.77658457	 0.25877064	 -0.43981248	 5.64132	 3.2735732	 -19.238909	Scatto 30m	3	Braccio
53	 2783488357	 0.9955607844745791	 0.07716999023734783	 -0.00445050042086903	 0.053700186863101414	 -0.043293415277849356	 -0.1544041612792642	 0.03334144940396258	 -1.4375	 -0.288818359375	 -0.329345703125	 -0.28065485	 -0.7913929	 0.2659485	 -0.47349936	 6.4599776	 4.114943	 -15.96941	Scatto 30m	3	Braccio
54	 2783505024	 0.9958720298757608	 0.07275956464127487	 0.005995117152707009	 0.053935187351755426	 0.17618859659026648	 -0.198570614580568	 0.01076706212574767	 -1.42431640625	 -0.090087890625	 -0.3466796875	 -0.19528955	 -0.7924922	 0.2706167	 -0.51047504	 12.909402	 6.2380543	 -2.845491	Scatto 30m	3	Braccio
55	 2783521691	 0.9965908165378077	 0.052174136688184075	 0.011393141268150943	 0.06288720207953553	 0.038007494184857556	 -0.03332025354073984	 0.04237830352043556	 -1.396240234375	 0.0712890625	 -0.3994140625	 -0.12127553	 -0.7775493	 0.29024073	 -0.54449046	 3.8020926	 -0.46379334	 -8.815636	Scatto 30m	3	Braccio
56	 2783538358	 0.9961686072777252	 0.043905087298448164	 0.005515918281899347	 0.07543224661363579	 -0.10006540166625424	 -0.016755092104945607	 0.018616007397502802	 -1.338623046875	 0.21923828125	 -0.456298828125	 -0.044435516	 -0.7549706	 0.32268745	 -0.56913775	 0.02840386	 2.1829104	 -15.603369	Scatto 30m	3	Braccio
57	 2783555025	 0.9960446077885051	 0.044918485238690464	 0.014373731246842103	 0.07530514477343488	 0.01771501841880329	 -0.05939619215567641	 0.025131199417058995	 -1.251708984375	 0.353271484375	 -0.522216796875	 0.030235918	 -0.7212547	 0.35135007	 -0.5961802	 3.3201466	 1.6837173	 -8.315762	Scatto 30m	3	Braccio
58	 2783571692	 0.9960434347505096	 0.056963271130645254	 0.022676558412878082	 0.06433067332969036	 0.34578662097219864	 -0.14002567653652648	 0.06163639710085425	 -1.17529296875	 0.46923828125	 -0.61328125	 0.10335331	 -0.6801127	 0.36202058	 -0.6290519	 8.074747	 -6.3824625	 10.405214	Scatto 30m	3	Braccio
59	 2783588359	 0.9945637353098471	 0.07068041725915325	 0.027533792605613745	 0.07133824561444942	 0.17489736324948507	 -0.42712267581182034	 0.0057847359903477336	 -1.081298828125	 0.589111328125	 -0.75537109375	 0.18693617	 -0.625358	 0.3654465	 -0.66364986	 9.028986	 11.7027	 13.607683	Scatto 30m	3	Braccio
60	 2783605026	 0.99630965037958	 0.015307001989611546	 0.03112774313718217	 0.07851012582969721	 0.03352272171664927	 -0.8802117670465286	 0.034737210131301044	 -0.965087890625	 0.6494140625	 -0.828857421875	 0.23758939	 -0.5701307	 0.40739128	 -0.6727071	 12.7256975	 33.03923	 29.480625	Scatto 30m	3	Braccio
61	 2783621693	 0.9949592345170786	 -0.05527217386086919	 0.02408322428189346	 0.08013180862847784	 0.32673226662455745	 -0.8105379947145763	 -0.00667243251640709	 -0.835693359375	 0.62548828125	 -0.7626953125	 0.2500674	 -0.5307944	 0.49270183	 -0.6426263	 1.9784884	 11.669412	 41.269382	Scatto 30m	3	Braccio
62	 2783638360	 0.9928047304992093	 -0.08554830892193	 0.016969291570127446	 0.08205057636969082	 0.7285038449568878	 -0.2957669603287164	 0.030063285731755013	 -0.710205078125	 0.52099609375	 -0.61181640625	 0.2480788	 -0.4965146	 0.59072757	 -0.58563757	 -8.376579	 -30.694609	 25.062828	Scatto 30m	3	Braccio
63	 2783655027	 0.9935864304619371	 -0.08422426704054581	 0.008038715757007821	 0.07501771185771512	 0.47585964175521694	 0.25980073338803256	 0.023221416950651157	 -0.599609375	 0.368896484375	 -0.478515625	 0.24431786	 -0.46495885	 0.67423403	 -0.5191635	 -14.35739	 -28.454655	 -16.469404	Scatto 30m	3	Braccio
64	 2783671694	 0.9971518693485306	 -0.05305743880751623	 0.013520196666331087	 0.051867734903516594	 -0.05900326019613771	 0.5294395724542476	 -0.12489611824491051	 -0.540283203125	 0.232177734375	 -0.394775390625	 0.23699999	 -0.43450546	 0.7260541	 -0.47736943	 -16.361223	 7.5603023	 -37.251484	Scatto 30m	3	Braccio
65	 2783688361	 0.9996916505746681	 -0.010589593529439112	 0.01959299173411347	 0.010980844916665124	 -0.09754634283330793	 0.47401395964829485	 -0.028415279779461622	 -0.547607421875	 0.17578125	 -0.351318359375	 0.22351618	 -0.4194856	 0.73915523	 -0.47720253	 -9.824201	 10.584346	 -35.061226	Scatto 30m	3	Braccio
66	 2783705028	 0.9992716586083946	 0.02947444213863626	 0.013866097908298626	 -0.019878151107226294	 -0.053750714924362106	 0.46082340370243247	 0.12591636549035504	 -0.585693359375	 0.216796875	 -0.375732421875	 0.21615937	 -0.42061204	 0.71811885	 -0.51055485	 -3.966152	 4.1010113	 -38.08661	Scatto 30m	3	Braccio
67	 2783721695	 0.9982070970055454	 0.042081771097211285	 0.008781399348027548	 -0.04164856605663773	 0.021616222826317907	 0.4452761312053486	 0.16506055145066872	 -0.6416015625	 0.301025390625	 -0.418701171875	 0.20608957	 -0.43608838	 0.6784414	 -0.55414015	 -3.6372666	 -3.194828	 -37.920082	Scatto 30m	3	Braccio
68	 2783738362	 0.9977999549229526	 0.027000086444990412	 0.009229133241241057	 -0.059842028603084935	 0.11137095032599492	 0.32873483531624187	 0.05786006256205739	 -0.725830078125	 0.36865234375	 -0.461181640625	 0.17819685	 -0.46492496	 0.63641	 -0.58912915	 -8.093391	 -7.3580422	 -27.871096	Scatto 30m	3	Braccio
69	 2783755029	 0.9970315439683523	 0.0058363762389604945	 0.011192591827372672	 -0.07595237279155233	 0.12042017398912039	 0.12306322396974267	 0.08493670879534215	 -0.837890625	 0.39306640625	 -0.47265625	 0.12876177	 -0.5041604	 0.59628433	 -0.61130005	 -2.5150986	 -9.703913	 -15.487685	Scatto 30m	3	Braccio
70	 2783771696	 0.9962925509868771	 -0.015360061820897719	 0.0165868776588789	 -0.0830066071975519	 0.15501544632510267	 0.05986730207956207	 0.12218905103180497	 -0.975341796875	 0.368896484375	 -0.458251953125	 0.060235914	 -0.5436072	 0.5621806	 -0.62033546	 -0.21298215	 -12.366858	 -10.200809	Scatto 30m	3	Braccio
71	 2783788363	 0.9952491673472028	 -0.03712350987757995	 0.026662665914480136	 -0.08596535439001914	 0.31239210100781045	 0.08402487794438689	 0.03747566812493338	 -1.125244140625	 0.28076171875	 -0.42529296875	 -0.028140645	 -0.57514215	 0.53577405	 -0.6175482	 -8.564676	 -16.09539	 -2.7849522	Scatto 30m	3	Braccio
72	 2783805030	 0.9941523929495125	 -0.05855719467026982	 0.031071686485060982	 -0.08524450037439452	 0.438228271570662	 0.13709697532616075	 -0.1474275528364556	 -1.267333984375	 0.135009765625	 -0.39013671875	 -0.13049425	 -0.59689283	 0.5172033	 -0.59932554	 -20.225061	 -12.63807	 6.572073	Scatto 30m	3	Braccio
73	 2783821697	 0.9942459104366876	 -0.069379862503197	 0.02886271069370039	 -0.07634427411647458	 0.5326954866352303	 0.16021307178112268	 -0.25738242198539535	 -1.380126953125	 -0.056884765625	 -0.364013671875	 -0.23136976	 -0.6071043	 0.50474405	 -0.56844187	 -24.49358	 -6.891331	 16.737896	Scatto 30m	3	Braccio
74	 2783838364	 0.9955982552390352	 -0.06050452262914233	 0.025456882926407135	 -0.06689741413597236	 0.5389677887448698	 0.21865394143822156	 -0.2707634464522746	 -1.4541015625	 -0.244140625	 -0.372802734375	 -0.31745973	 -0.6104683	 0.48866045	 -0.53643167	 -23.935266	 -2.45139	 20.234102	Scatto 30m	3	Braccio
75	 2783855031	 0.9967729649892663	 -0.028182208317737795	 0.019169270510045914	 -0.07267708351987957	 0.4976385198211183	 0.3959576407859346	 -0.2644461021837865	 -1.491943359375	 -0.39501953125	 -0.403076171875	 -0.38144073	 -0.625671	 0.44997862	 -0.51044905	 -29.3066	 -0.7963516	 19.310633	Scatto 30m	3	Braccio
76	 2783871698	 0.9960214920834257	 0.013152513833967469	 0.013308076970192541	 -0.08712688319404707	 0.5553877223201777	 0.34325615511272917	 -0.23441258669348275	 -1.50048828125	 -0.4931640625	 -0.424072265625	 -0.42149335	 -0.66158056	 0.38006297	 -0.49010882	 -21.287975	 1.1282773	 25.934414	Scatto 30m	3	Braccio
77	 2783888365	 0.9946236726427894	 0.03514059486723435	 -0.0016059674336340035	 -0.09739768621249846	 0.7890758993402689	 0.2118962137820239	 -0.1846685562571176	 -1.46826171875	 -0.559326171875	 -0.41357421875	 -0.44227847	 -0.7116134	 0.29520315	 -0.45918557	 -4.3297544	 1.5413328	 40.234795	Scatto 30m	3	Braccio
78	 2783905032	 0.9937843832129367	 0.06897334832538479	 -0.018853354229956047	 -0.08532190772098211	 0.9715401346192585	 0.12079274084435199	 -0.23053111240438828	 -1.4072265625	 -0.57568359375	 -0.368896484375	 -0.4230215	 -0.7724287	 0.20754501	 -0.4258307	 12.161111	 8.500416	 48.680977	Scatto 30m	3	Braccio
79	 2783921699	 0.998381868831016	 0.03701578691754587	 -0.014536853351281189	 -0.040646714541353	 0.9208390748741145	 -0.2596504256764802	 -0.017093301627214008	 -1.343994140625	 -0.514404296875	 -0.319580078125	 -0.4068157	 -0.80229515	 0.16456436	 -0.4046509	 40.57547	 11.707681	 29.081604	Scatto 30m	3	Braccio
80	 2783938366	 0.9994500755972405	 -0.008918503430568436	 -0.002707886303064067	 -0.03182253976348698	 0.3185215113975374	 -0.5352027865816892	 -0.022833741342162872	 -1.325927734375	 -0.567138671875	 -0.3212890625	 -0.42486754	 -0.8053427	 0.1422148	 -0.38818285	 30.163216	 22.065077	 -11.056688	Scatto 30m	3	Braccio
81	 2783955033	 0.9996050573246871	 -0.025989622834283244	 0.004132111204519895	 -0.009858728763609355	 0.23647304203201036	 -0.3270793781525775	 0.03416876258314873	 -1.325439453125	 -0.62744140625	 -0.336181640625	 -0.44866532	 -0.79461795	 0.1412515	 -0.3838358	 21.342308	 11.545404	 -11.172991	Scatto 30m	3	Braccio
82	 2783971700	 0.9998190054405405	 0.017051615518122037	 0.0010743106248490288	 0.00836926668184293	 0.04522345155005448	 -0.26322226255523745	 -0.00268403321400389	 -1.333740234375	 -0.60986328125	 -0.336181640625	 -0.4305627	 -0.8013409	 0.13958924	 -0.39113134	 10.717011	 9.262802	 -17.306473	Scatto 30m	3	Braccio
83	 2783988367	 0.9983729237777292	 0.05255440970851724	 -0.0011745351424709007	 0.022094333094639543	 -0.07906591847756053	 -0.28681509615741685	 -0.08883057002073105	 -1.343017578125	 -0.52001953125	 -0.313720703125	 -0.37749094	 -0.8207533	 0.13573404	 -0.40674427	 3.8445072	 13.88458	 -21.623959	Scatto 30m	3	Braccio
84	 2784005034	 0.9973212921460544	 0.0617760802546749	 0.002671909564360309	 0.039074506263960085	 -0.05820094449263026	 -0.2387758619660651	 -0.0540099581745862	 -1.355224609375	 -0.3740234375	 -0.301513671875	 -0.3087444	 -0.836079	 0.13997976	 -0.43134025	 3.5557952	 11.789844	 -18.547417	Scatto 30m	3	Braccio
85	 2784021701	 0.9969486118437612	 0.052688699391528704	 0.00405700826668387	 0.0574535201980756	 -0.02841060141777272	 -0.23428218690238012	 0.04372643929356622	 -1.3564453125	 -0.221923828125	 -0.3095703125	 -0.23802266	 -0.8404748	 0.16223705	 -0.45894077	 7.69993	 9.101455	 -17.889648	Scatto 30m	3	Braccio
86	 2784038368	 0.9970625285800387	 0.03320080523281607	 -0.0017522717691556557	 0.06899963896368705	 -0.011951753894419057	 -0.21868692349650445	 0.06915240036716462	 -1.334716796875	 -0.083740234375	 -0.3193359375	 -0.17598242	 -0.8358783	 0.2035308	 -0.47844878	 8.950216	 8.705995	 -15.64208	Scatto 30m	3	Braccio
87	 2784055035	 0.9971861263522596	 0.014428097485208485	 -0.002788270639706936	 0.07351112133801639	 0.1168857933668275	 -0.1268180155805084	 0.06520306047521365	 -1.2861328125	 0.015380859375	 -0.33154296875	 -0.12624055	 -0.8227109	 0.2565821	 -0.49130034	 9.939176	 3.38729	 -6.3320856	Scatto 30m	3	Braccio
88	 2784071702	 0.9972499565018751	 0.019115736052888632	 0.006878832486940157	 0.07127267748430091	 0.2849361313263812	 0.0396558109132209	 0.10247122558894448	 -1.2333984375	 0.101318359375	 -0.3466796875	 -0.07552904	 -0.801366	 0.3028278	 -0.51029754	 9.859145	 -9.919667	 2.0253048	Scatto 30m	3	Braccio
89	 2784088369	 0.9968569831499053	 0.041027868168791615	 0.016833350623514376	 0.06564683911339046	 0.185852705500907	 0.05851257995053999	 -0.04254664739511199	 -1.193359375	 0.207275390625	 -0.384765625	 -0.012751795	 -0.773504	 0.33079305	 -0.5404674	 -0.6513118	 -6.283385	 0.35015678	Scatto 30m	3	Braccio
90	 2784105036	 0.9945317092194708	 0.07362204672483108	 0.018238343473835076	 0.07179022510325025	 0.09485132241387406	 -0.36994544013843167	 -0.03572550913964356	 -1.141845703125	 0.3544921875	 -0.48681640625	 0.07816069	 -0.73648596	 0.34292114	 -0.5778275	 11.008691	 15.304159	 3.387824	Scatto 30m	3	Braccio
91	 2784121703	 0.9951252481899793	 0.04628183829329324	 0.027834578707919614	 0.0825164716112985	 0.15518954151009143	 -0.8540924255432845	 -0.08720953878502963	 -1.051025390625	 0.48486328125	 -0.596435546875	 0.15106831	 -0.68460387	 0.37590432	 -0.60596347	 17.416597	 34.482937	 25.508957	Scatto 30m	3	Braccio
92	 2784138370	 0.9959069190265899	 -0.04713320858542236	 0.02702085480832134	 0.07223394415948739	 0.47324587217574454	 -0.8579483274751296	 -0.11749346244921571	 -0.964111328125	 0.483154296875	 -0.565673828125	 0.15286435	 -0.6450357	 0.45505467	 -0.59454745	 9.915979	 16.491043	 46.182457	Scatto 30m	3	Braccio
93	 2784155037	 0.9925253846905286	 -0.09798037242099666	 0.020758485540251365	 0.06973014156902417	 0.8780174145088169	 -0.4347904055795848	 -0.06029778795947416	 -0.900146484375	 0.3662109375	 -0.4345703125	 0.12155016	 -0.61086667	 0.5567845	 -0.5495987	 0.8847937	 -25.222492	 43.401733	Scatto 30m	3	Braccio
94	 2784171704	 0.9941170188091302	 -0.08443263142354679	 0.017143200715486227	 0.065639883715402	 0.39744530234013853	 0.30578765973745303	 -0.026246865608352966	 -0.845947265625	 0.213134765625	 -0.321533203125	 0.09660899	 -0.5714501	 0.64086604	 -0.50339067	 -16.649746	 -25.102907	 -10.416633	Scatto 30m	3	Braccio
95	 2784188371	 0.9981210733590576	 -0.04384030958377988	 0.015011678928433915	 0.040087400363588314	 0.07908746632639525	 0.47264256873695576	 0.007135902528078303	 -0.832763671875	 0.11083984375	 -0.2646484375	 0.082546525	 -0.54138935	 0.68484586	 -0.4806972	 -19.268456	 -8.697267	 -29.304844	Scatto 30m	3	Braccio
96	 2784205038	 0.999696887824487	 -6.375839867778788E-4	 0.021422817264634384	 0.012115645304354355	 0.02283533966239519	 0.5573754290995316	 0.08543294739676699	 -0.85498046875	 0.08447265625	 -0.253662109375	 0.07382272	 -0.52281827	 0.691964	 -0.49233845	 -19.445925	 -5.6609707	 -36.94806	Scatto 30m	3	Braccio
97	 2784221705	 0.9988940220861685	 0.040525777455319434	 0.022660704582532165	 -0.0074085403408639125	 0.008330244336880455	 0.7128754566297402	 0.14866834870470005	 -0.89794921875	 0.14306640625	 -0.28076171875	 0.0759991	 -0.51340216	 0.6676275	 -0.53377515	 -22.563139	 -7.1393704	 -46.544075	Scatto 30m	3	Braccio
98	 2784238372	 0.9984592789179159	 0.03696475558230605	 0.01980748995957488	 -0.03633646280194461	 0.019296259763481968	 0.6789264279808108	 0.04090515915477144	 -0.960693359375	 0.2177734375	 -0.32958984375	 0.06255253	 -0.5237035	 0.6281917	 -0.5720114	 -23.570208	 -6.40628	 -42.524445	Scatto 30m	3	Braccio
99	 2784255039	 0.9976723433011973	 0.01770362537145659	 0.022183690338841437	 -0.06200291076679782	 0.020019259399893165	 0.2503079093477404	 0.04894606475685624	 -1.062255859375	 0.240966796875	 -0.35986328125	 0.022560928	 -0.5479066	 0.5838923	 -0.5986313	 -7.3550396	 -5.845074	 -21.951569	Scatto 30m	3	Braccio
100	 2784271706	 0.9974721019049012	 8.786521375344636E-4	 0.01834487827739451	 -0.06864473273913421	 0.131660242278228	 0.109999672672084	 0.12823473400951282	 -1.17578125	 0.21484375	 -0.3720703125	 -0.028477713	 -0.57592225	 0.5429764	 -0.61047465	 -1.9420372	 -12.55034	 -11.783422	Scatto 30m	3	Braccio
101	 2784288373	 0.9972424052500648	 -0.009613264149765988	 0.02303443652867959	 -0.06988980653327427	 0.28998855285982955	 0.14208574276764388	 0.01903240784127292	 -1.285400390625	 0.151123046875	 -0.380859375	 -0.088711336	 -0.59831727	 0.5046389	 -0.6160248	 -10.683368	 -14.555439	 -2.6906052	Scatto 30m	3	Braccio
102	 2784305040	 0.996532380775635	 -0.019383079407246706	 0.024461660032742864	 -0.07713065205727077	 0.46608560652712727	 0.22260448356975054	 -0.09960411599325214	 -1.39501953125	 0.05224609375	 -0.397216796875	 -0.15943922	 -0.618838	 0.46462086	 -0.6129817	 -20.886116	 -15.819821	 7.782879	Scatto 30m	3	Braccio
103	 2784321707	 0.996341647476867	 -0.02948084625806202	 0.02356437144014451	 -0.07667412605059092	 0.5920226417790502	 0.29036297313273635	 -0.2402691891127765	 -1.490478515625	 -0.091064453125	 -0.406494140625	 -0.23461545	 -0.6336576	 0.42779845	 -0.60035175	 -28.712324	 -11.432925	 18.786743	Scatto 30m	3	Braccio
104	 2784338374	 0.9969012732229748	 -0.017119706294581816	 0.023431821008917334	 -0.07311440943483721	 0.5884361281231587	 0.18150545014364938	 -0.2740606751373349	 -1.558837890625	 -0.223876953125	 -0.424560546875	 -0.29818505	 -0.64564764	 0.38282752	 -0.5896339	 -21.21945	 -1.5516565	 24.578083	Scatto 30m	3	Braccio
105	 2784355041	 0.996992324742254	 -0.006108258400764288	 0.013258009144047678	 -0.07611319713349336	 0.5564985086767245	 0.15394239059160264	 -0.176318562272857	 -1.601318359375	 -0.343017578125	 -0.448974609375	 -0.35063928	 -0.66406244	 0.33003765	 -0.571969	 -13.036467	 -0.7891563	 23.974152	Scatto 30m	3	Braccio
106	 2784371708	 0.9959004663890902	 0.015168731047651943	 0.0065821889373791085	 -0.08893168970164239	 0.6974802238865259	 0.2285747355522303	 -0.1293410796399415	 -1.60498046875	 -0.459716796875	 -0.4697265625	 -0.39149383	 -0.69312286	 0.25648487	 -0.5482053	 -10.2190695	 -2.3514931	 33.65651	Scatto 30m	3	Braccio
107	 2784388375	 0.9950108319948522	 0.04448927054566301	 -0.009091406351125821	 -0.08883408889489135	 1.0812565274500612	 0.17990181117566348	 -0.0789748632619745	 -1.57470703125	 -0.539794921875	 -0.453125	 -0.40423867	 -0.735697	 0.17065367	 -0.5159637	 6.284875	 2.6501503	 55.77003	Scatto 30m	3	Braccio
108	 2784405042	 0.997223025477554	 0.032486128410379206	 -0.027804429039513027	 -0.06097378653228544	 0.955068108653357	 -0.16075394267494325	 -0.08659457864513476	 -1.501220703125	 -0.573486328125	 -0.39501953125	 -0.40494812	 -0.7723359	 0.11777958	 -0.47501814	 26.703638	 19.476198	 38.26261	Scatto 30m	3	Braccio
109	 2784421709	 0.9995112434876254	 -0.012939852795127438	 -0.012045866341177824	 -0.025782386537162808	 0.45189714734750575	 -0.6239278104133071	 0.06722555534400076	 -1.46240234375	 -0.623291015625	 -0.3828125	 -0.4244314	 -0.77628666	 0.107063755	 -0.45362347	 37.909126	 26.64914	 -7.4669704	Scatto 30m	3	Braccio
110	 2784438376	 0.999847240658744	 0.006324759398111501	 -0.012605436839428276	 -0.010324520702614581	 0.38568359117926326	 -0.17597636443949408	 -0.08184442038702705	 -1.4287109375	 -0.63916015625	 -0.365966796875	 -0.42151085	 -0.7864578	 0.09999415	 -0.4402433	 15.894802	 15.286343	 3.7791443	Scatto 30m	3	Braccio
111	 2784455043	 0.9987252608368413	 0.04472674439983046	 -0.021640514433713846	 0.008891559864256994	 0.10579566589186468	 -0.4805753507131572	 0.011278024281164187	 -1.393798828125	 -0.585693359375	 -0.328857421875	 -0.3783295	 -0.81365806	 0.094870694	 -0.43107674	 19.411537	 18.863245	 -21.624096	Scatto 30m	3	Braccio
112	 2784471710	 0.9968413001131912	 0.07336851769713348	 -0.01870481514750594	 0.02397108445327012	 -0.018972268978919016	 -0.4714835184042519	 0.042113774159935814	 -1.360595703125	 -0.446044921875	 -0.28173828125	 -0.30379644	 -0.8451891	 0.08819987	 -0.43079463	 14.4998665	 17.729992	 -26.645147	Scatto 30m	3	Braccio
113	 2784488377	 0.9970147985297253	 0.0652382694876775	 -0.00996907531267166	 0.040075893557032734	 -0.12299427358271472	 -0.36211652486593476	 0.055461581500600925	 -1.337158203125	 -0.27685546875	 -0.265625	 -0.2279633	 -0.8636321	 0.09546611	 -0.43938443	 6.6557994	 14.594323	 -26.554077	Scatto 30m	3	Braccio
114	 2784505044	 0.997285154884147	 0.04471149603439595	 0.005207850770850953	 0.05827589776586406	 -0.14377658536053983	 -0.24011972471858833	 0.19902297363888305	 -1.32177734375	 -0.138427734375	 -0.26611328125	 -0.16191933	 -0.86388105	 0.12344823	 -0.46070868	 8.676931	 6.648299	 -27.279417	Scatto 30m	3	Braccio
115	 2784521711	 0.9968613003164519	 0.035799023154268805	 0.015449819319546256	 0.0689005149152462	 -0.06879467553344171	 -0.16344274962062721	 0.24127330704386918	 -1.306884765625	 -0.004638671875	 -0.306640625	 -0.09897381	 -0.85144925	 0.16232052	 -0.48876423	 12.256911	 3.5684254	 -22.454018	Scatto 30m	3	Braccio
116	 2784538378	 0.9966472926802211	 0.028352196945905905	 0.03264205055028974	 0.06946094915417203	 -0.018440424470393867	 -0.13280550711239852	 0.22296257979616835	 -1.29931640625	 0.110107421875	 -0.34619140625	 -0.04424723	 -0.82411975	 0.20254366	 -0.52711016	 13.163896	 3.2156734	 -17.56052	Scatto 30m	3	Braccio
117	 2784555045	 0.9958062515293247	 0.03379330312136458	 0.05760095563532769	 0.06253040851585677	 0.10515034873128129	 -0.022980127261078495	 0.17097671643864465	 -1.318115234375	 0.21923828125	 -0.43701171875	 0.00656881	 -0.7789002	 0.23153849	 -0.5828049	 11.536748	 -3.4934072	 -8.536428	Scatto 30m	3	Braccio
118	 2784571712	 0.9960178195873595	 0.04163076683341521	 0.043211484741460256	 0.06594050275621646	 0.27687489292434275	 -0.11250045467645575	 -0.17162421958295013	 -1.318359375	 0.33349609375	 -0.52880859375	 0.06869477	 -0.7346792	 0.2565723	 -0.6242581	 -3.4665062	 2.5691178	 10.409765	Scatto 30m	3	Braccio
119	 2784588379	 0.9948569056870633	 0.055419860253774655	 0.03512437717045203	 0.07716640735839479	 0.3686345548941616	 -0.9335415030112169	 -0.22956976851862487	 -1.25	 0.479248046875	 -0.64990234375	 0.14936927	 -0.6848483	 0.2782529	 -0.65669405	 5.1397357	 40.86887	 36.226	Scatto 30m	3	Braccio
120	 2784605046	 0.9965264568800141	 -0.017368614664277027	 0.02313015139634367	 0.07809192057563646	 0.3929311148445703	 -0.9666555270991501	 0.030767703152064563	 -1.149169921875	 0.536865234375	 -0.667724609375	 0.18300028	 -0.6475149	 0.34426668	 -0.6547642	 12.102405	 32.469383	 42.362724	Scatto 30m	3	Braccio
121	 2784621713	 0.9959531372645216	 -0.049685013998088445	 0.010408429003687745	 0.07416476496721262	 0.4840025854896739	 -0.6811706265336211	 -0.06519266482858999	 -1.037353515625	 0.525390625	 -0.5986328125	 0.19630232	 -0.62095445	 0.42411402	 -0.62929195	 1.8381133	 9.312329	 39.57129	Scatto 30m	3	Braccio
122	 2784638380	 0.9957496558474883	 -0.055402986523345354	 0.00940289074602202	 0.07297066266329844	 0.6240225173015771	 -0.4424997037482463	 0.14586943337359753	 -0.926513671875	 0.468994140625	 -0.510986328125	 0.20417897	 -0.5916811	 0.50318813	 -0.5958409	 10.002937	 -16.612276	 32.698612	Scatto 30m	3	Braccio
123	 2784655047	 0.9952725413822495	 -0.07269835556773652	 0.012425186979965227	 0.06319123512622794	 0.6278594934517227	 0.006785550228673415	 0.05119615618715473	 -0.843505859375	 0.368896484375	 -0.41357421875	 0.19266796	 -0.5639556	 0.58292234	 -0.5522996	 -5.5249257	 -32.879505	 7.9955635	Scatto 30m	3	Braccio
124	 2784671714	 0.9963233332713457	 -0.06849763236590406	 0.022213969995961372	 0.046415832173505644	 0.14068853653545033	 0.3120796404004291	 0.09434560654950047	 -0.811767578125	 0.2392578125	 -0.32421875	 0.16687956	 -0.5353523	 0.6479128	 -0.5155174	 -5.968569	 -14.360819	 -24.373802	Scatto 30m	3	Braccio
125	 2784688381	 0.9981454158133355	 -0.04859364967432611	 0.027438651134635617	 0.024320907180122673	 -0.03046234835424079	 0.5163242183014451	 0.25582879734888153	 -0.83349609375	 0.136474609375	 -0.25927734375	 0.13603005	 -0.5122976	 0.68821424	 -0.4953871	 -3.6754627	 -9.162423	 -42.996742	Scatto 30m	3	Braccio
126	 2784705048	 0.9993795741504364	 -0.027481637181796748	 0.021904060163731674	 0.0023320671182534003	 0.1307841191344914	 0.9910126048359476	 0.27116375447025404	 -0.87158203125	 0.0693359375	 -0.23046875	 0.108568475	 -0.50312394	 0.7043918	 -0.4887855	 -26.028072	 -16.337524	 -63.825947	Scatto 30m	3	Braccio
127	 2784721715	 0.9993925796990469	 -0.01812803666767865	 0.023677239005674786	 -0.018034253023830608	 0.08703797159598395	 0.8948879134882767	 0.004670664094968191	 -0.921875	 0.029541015625	 -0.222412109375	 0.074341975	 -0.5059833	 0.70505136	 -0.49128088	 -34.629295	 -3.5658712	 -51.022778	Scatto 30m	3	Braccio
128	 2784738382	 0.9979770747294439	 -0.00523626981754538	 0.03327142894271202	 -0.053919864697252906	 -0.006310511073507066	 0.32036733732506023	 -0.01599399630014811	 -1.0126953125	 -0.00439453125	 -0.213623046875	 0.02193346	 -0.5273058	 0.6800005	 -0.508986	 -12.712474	 0.9870895	 -24.232954	Scatto 30m	3	Braccio
129	 2784755049	 0.9965662226854638	 0.004915531257664585	 0.0367528898310267	 -0.07403260392522969	 0.1785118303857806	 0.17386265728260153	 0.11400715049128232	 -1.131591796875	 -0.02734375	 -0.234619140625	 -0.03786082	 -0.5574198	 0.6354287	 -0.53299177	 -8.116325	 -13.2736225	 -15.129053	Scatto 30m	3	Braccio
130	 2784771716	 0.996476922080976	 0.01106583898469976	 0.034291741180353115	 -0.07573220883091147	 0.3490946660415266	 0.3198178702576768	 0.03435048149445602	 -1.243408203125	 -0.06591796875	 -0.261962890625	 -0.09334406	 -0.58620065	 0.5821168	 -0.5556943	 -21.106936	 -19.117453	 -9.413851	Scatto 30m	3	Braccio
132	 2784805050	 0.9790279809335666	 0.05227650480727536	 0.05285377774208267	 -0.18967830074278252	 1.0054401363517491	 0.6457273099048606	 -0.0757152616829943	 -1.435302734375	 -0.154541015625	 -0.33642578125	 -0.19625434	 -0.6608846	 0.420625	 -0.5897376	 -25.669222	 -25.13115	 13.376541	Scatto 30m	3	Braccio
133	 2784821717	 0.9952972858180563	 -0.006393331120912921	 0.017993999023662943	 -0.09496659496646746	 0.7634117848001383	 0.2619826199413401	 -0.24732757850284437	 -1.49169921875	 -0.26904296875	 -0.368896484375	 -0.26277968	 -0.68665045	 0.35376444	 -0.5781946	 -23.692904	 -12.565766	 33.153122	Scatto 30m	3	Braccio
134	 2784838384	 0.9957991183561898	 -0.01486348616800287	 0.012652917537710197	 -0.08946002647972193	 0.7561292055855626	 0.037123721096494006	 -0.31137730570664746	 -1.51708984375	 -0.41064453125	 -0.3798828125	 -0.3276726	 -0.70509434	 0.2935984	 -0.556123	 -9.366884	 4.8170753	 38.158474	Scatto 30m	3	Braccio
136	 2784871718	 0.983654546957163	 -0.03094802780353159	 -0.014223961172291024	 -0.17681524468817583	 1.7965565144044406	 -0.05765266683043757	 -0.6187426143932186	 -1.4267578125	 -0.688232421875	 -0.3955078125	 -0.43706977	 -0.7449777	 0.1809895	 -0.4703416	 3.6634018	 14.911607	 45.63653	Scatto 30m	3	Braccio
137	 2784888385	 0.996119667961913	 0.049383225121962526	 -0.020033488684225387	 -0.07003972806301316	 0.7543959786868721	 0.21254175299158107	 -0.37221137686060124	 -1.338623046875	 -0.719970703125	 -0.35302734375	 -0.4269092	 -0.7867145	 0.11137944	 -0.431768	 1.5303493	 17.733112	 39.10827	Scatto 30m	3	Braccio
141	 2784955053	 0.9962232562205996	 0.039235125018396905	 -0.07022123005016656	 -0.03269262271916671	 0.6648105801018657	 -2.157194538250522	 -0.0459601839433913	 -1.156494140625	 -0.66015625	 -0.261474609375	 -0.39506677	 -0.8381156	 0.09153568	 -0.3648367	 14.673882	 15.65115	 -23.679129	Scatto 30m	3	Braccio
142	 2784971720	 0.9981431212379072	 0.03816119639820276	 -0.003529245202914755	 0.04734529589308906	 0.15287843003891674	 -0.14154058536323635	 0.15641812137499403	 -1.161376953125	 -0.579345703125	 -0.2392578125	 -0.3429164	 -0.84941	 0.117342144	 -0.38359076	 15.38908	 0.09613247	 -12.549812	Scatto 30m	3	Braccio
143	 2784988387	 0.9958223870938911	 0.06516749719482146	 0.009147482711796108	 0.06330319290545212	 0.07743922311982344	 -0.06132216899229656	 0.27525877419403555	 -1.188232421875	 -0.427490234375	 -0.2236328125	 -0.26108524	 -0.8578561	 0.14135855	 -0.41944614	 14.287607	 -8.094962	 -15.995645	Scatto 30m	3	Braccio
150	 2785105056	 0.817848220042742	 0.25472835105435365	 0.15729617959499245	 0.4914220874430336	 3.00929798169173	 -0.7918671746096778	 -2.191923938781264	 -1.080078125	 0.47802734375	 -0.583740234375	 0.20128554	 -0.63097215	 0.38203937	 -0.6445186	 6.6761665	 -4.40963	 57.311703	Scatto 30m	3	Braccio
152	 2785138390	 0.9729175178969943	 -0.18792236284354447	 0.02517305521469754	 0.13222331943953275	 1.1910757439203596	 0.21037511567193698	 0.4088439194183243	 -0.93017578125	 0.25634765625	 -0.349365234375	 0.15609775	 -0.5835336	 0.5797219	 -0.5468496	 0.8287547	 -48.22809	 -18.166899	Scatto 30m	3	Braccio
153	 2785155057	 0.9966808701861075	 -0.07098950099274615	 0.013104315775585573	 0.03762991711282319	 0.1269401287959021	 1.043850356630352	 0.06538315354194962	 -0.908935546875	 0.110107421875	 -0.263427734375	 0.12830979	 -0.5631031	 0.6396665	 -0.5072262	 -30.481789	 -25.635801	 -58.900017	Scatto 30m	3	Braccio
154	 2785171724	 0.9995559698666293	 -0.027797938819509038	 0.009905809217157615	 0.004124638786850071	 -0.2313407873818041	 1.2251856568941262	 0.15303064401248878	 -0.914794921875	 0.0361328125	 -0.2373046875	 0.109228976	 -0.5584847	 0.6559711	 -0.49584854	 -31.972776	 -3.7101917	 -77.964035	Scatto 30m	3	Braccio
155	 2785188391	 0.9990749881429785	 4.667925505212889E-4	 0.018226612426728326	 -0.038945356222123285	 0.01013450761834861	 0.9216937137718778	 0.01818451428010781	 -0.96630859375	 0.018310546875	 -0.23046875	 0.078842625	 -0.5744256	 0.6341434	 -0.511548	 -33.979115	 -7.459643	 -52.817635	Scatto 30m	3	Braccio
156	 2785205058	 0.9976063544748278	 0.00904434129317283	 0.016869572719812046	 -0.06644681270209907	 0.12442146269799416	 0.29892495462888263	 -0.02338004294002133	 -1.04248046875	 0.01318359375	 -0.2392578125	 0.039750427	 -0.6061154	 0.5897475	 -0.53220475	 -15.033392	 -8.546823	 -18.77554	Scatto 30m	3	Braccio
157	 2785221725	 0.9969132531086479	 0.011647459181665987	 0.025046507579776778	 -0.07349132553574238	 0.1269303914255141	 0.07578008705952252	 0.11598061251748779	 -1.1328125	 0.004638671875	 -0.25732421875	 -0.0066189766	 -0.63420004	 0.5365959	 -0.556607	 -0.23559338	 -11.169678	 -11.325059	Scatto 30m	3	Braccio
158	 2785238392	 0.9961552583856947	 -0.002607666891627114	 0.028534456137913836	 -0.08278699219578806	 0.2859937336394538	 0.15960603103068322	 0.019708225084980633	 -1.237548828125	 -0.044921875	 -0.277099609375	 -0.069043174	 -0.66074294	 0.4815572	 -0.57162476	 -9.105485	 -16.331898	 -3.6560526	Scatto 30m	3	Braccio
161	 2785288393	 0.953622777221718	 -0.07269855666154251	 0.06828110560451678	 -0.28400036838125914	 1.6786521030189712	 0.6112483503115824	 -0.7461916923120477	 -1.4326171875	 -0.45556640625	 -0.342041015625	 -0.30776525	 -0.72447675	 0.30171898	 -0.53794014	 -20.11388	 -9.385815	 28.358799	Scatto 30m	3	Braccio
162	 2785305060	 0.9949920678194031	 -0.008125211519664624	 0.01680203753285742	 -0.09819601544346696	 0.7255999154939738	 0.26044266717257925	 -0.19100506487153898	 -1.435791015625	 -0.593017578125	 -0.37060546875	 -0.36950338	 -0.7399628	 0.22551659	 -0.51484436	 -8.288663	 -5.5527344	 36.784157	Scatto 30m	3	Braccio
163	 2785321727	 0.995098263917989	 0.014293725007293923	 0.0072505963214640765	 -0.09758362273354808	 1.0340865728612885	 0.29453246017842594	 -0.22513319253809438	 -1.391845703125	 -0.690673828125	 -0.375732421875	 -0.40836442	 -0.76088065	 0.13932389	 -0.48465267	 2.3301601	 2.47073	 56.010914	Scatto 30m	3	Braccio
164	 2785338394	 0.995448050765044	 0.05477940046691274	 -0.00836523698463404	 -0.07753978541852483	 1.0159867020562134	 0.07039661072240672	 -0.21746881240435728	 -1.32470703125	 -0.695068359375	 -0.3408203125	 -0.4004214	 -0.7955297	 0.053831063	 -0.45155025	 19.35713	 18.51715	 46.63495	Scatto 30m	3	Braccio
170	 2785438396	 0.9861854499102748	 0.14919077309275477	 -0.037858491490430024	 0.06121361148734956	 0.8960365603289502	 -2.5421027272604797	 -0.16182537395871377	 -1.234375	 -0.39794921875	 -0.23583984375	 -0.23667553	 -0.8628882	 0.040208533	 -0.4447381	 11.725081	 2.620435	 -14.025675	Scatto 30m	3	Braccio
171	 2785455063	 0.9963967800466198	 0.05021998553765619	 0.015148364622213585	 0.06664785678923331	 0.016254299526944974	 -0.07327130652216682	 0.16198012445810292	 -1.25732421875	 -0.2490234375	 -0.246337890625	 -0.16132581	 -0.86261076	 0.07058394	 -0.47423083	 9.093213	 -0.28127283	 -15.466669	Scatto 30m	3	Braccio
172	 2785471730	 0.9959357669413057	 0.044650925973065164	 0.034525471308182905	 0.07018714104256585	 -0.0028259973710015457	 -0.062458805180873614	 0.2091994394916764	 -1.284423828125	 -0.1044921875	 -0.283935546875	 -0.08924097	 -0.84509075	 0.10305651	 -0.5169498	 10.924947	 -0.8144203	 -16.996183	Scatto 30m	3	Braccio
173	 2785488397	 0.9965265657304311	 0.026771048066785208	 0.05185318740860795	 0.05940843151006745	 0.19888290912151596	 0.0997113353737522	 -0.12191075788356699	 -1.343505859375	 0.0166015625	 -0.34375	 -0.039000303	 -0.81148493	 0.13341416	 -0.56760204	 -2.5604253	 -4.8765616	 4.3768034	Scatto 30m	3	Braccio
174	 2785505064	 0.993453831767604	 0.07604500426008243	 0.022295211263579254	 0.08227736643853806	 0.308019913091922	 -0.6621399079703352	 -0.15190233194212743	 -1.32666015625	 0.1845703125	 -0.431884765625	 0.06845115	 -0.7851508	 0.1541113	 -0.59590477	 7.9680448	 36.927814	 14.180716	Scatto 30m	3	Braccio
179	 2785588399	 0.8972137457007403	 -0.16443119457333122	 0.07046260161057273	 0.4037386512969801	 3.0980455501890853	 -1.3535892460499475	 -0.0682197359869876	 -0.955810546875	 0.23974609375	 -0.336669921875	 0.17370829	 -0.6080525	 0.55558336	 -0.5398378	 -0.65826267	 -39.384117	 -14.6375065	Scatto 30m	3	Braccio
201	 2785955073	 0.8996669849626466	 0.09881064073581486	 -0.12067945284455212	 -0.40776493609276704	 1.166817824660083	 -0.04028278555974485	 -1.0818603327077891	 -1.193603515625	 0.137451171875	 -0.340087890625	 0.0806048	 -0.8250692	 0.14289197	 -0.5406902	 0.8466349	 -7.572727	 -6.3756876	Scatto 30m	3	Braccio
204	 2786005074	 0.9621134891274086	 0.12126231370108337	 0.07793621237036862	 0.2314282439900212	 0.8314648385258578	 -2.6594620426736633	 -0.48489840269389795	 -1.0283203125	 0.498046875	 -0.58203125	 0.2959426	 -0.707103	 0.26502335	 -0.58496684	 8.024336	 47.00831	 39.670723	Scatto 30m	3	Braccio
208	 2786071742	 0.9022548846542765	 -0.3188926851658118	 0.10066776330565792	 0.2722307475217901	 1.5378954758629257	 0.5224926527290129	 0.07080078133728561	 -0.86181640625	 -0.038330078125	 -0.208251953125	 0.18006873	 -0.599976	 0.6442578	 -0.43878946	 -11.273776	 -8.484568	 -54.100044	Scatto 30m	3	Braccio
209	 2786088409	 0.9993011495541676	 -0.01583096787282673	 0.027066894998456936	 0.020346403885483453	 0.17506919481120375	 0.7411567985545184	 0.34194196422900724	 -0.900390625	 -0.077880859375	 -0.18798828125	 0.16284224	 -0.5772075	 0.6667304	 -0.44247553	 -14.03479	 -21.60324	 -52.76583	Scatto 30m	3	Braccio
210	 2786105076	 0.9991174588529743	 -0.015070676892829482	 0.03539722249147854	 -0.01685866996699542	 0.1491254141653781	 0.821430941438313	 0.09350987586701104	 -0.967529296875	 -0.114013671875	 -0.185791015625	 0.12368859	 -0.57461965	 0.6676755	 -0.45686215	 -29.250654	 -13.281284	 -48.65263	Scatto 30m	3	Braccio
211	 2786121743	 0.9975887299246938	 -0.009997631927757489	 0.048471682899463804	 -0.048654591149934596	 0.10558405788729472	 0.36123046965275585	 -0.050294653126821354	 -1.077392578125	 -0.1533203125	 -0.19873046875	 0.06368468	 -0.58486396	 0.6473901	 -0.48452494	 -18.221903	 -5.8529816	 -22.169672	Scatto 30m	3	Braccio
212	 2786138410	 0.9967963113626137	 -0.0057207436869970985	 0.054069225328250876	 -0.05865923301542533	 0.20742250027975848	 0.15570403717939535	 0.051798374147477975	 -1.20458984375	 -0.196044921875	 -0.224365234375	 -0.0026958343	 -0.5953292	 0.61581933	 -0.5160839	 -8.309032	 -13.34701	 -11.961472	Scatto 30m	3	Braccio
213	 2786155077	 0.9968986268602373	 -0.009394438083243029	 0.052931239555409515	 -0.057473090889576424	 0.3378766221100481	 0.31266920503299794	 -0.010547087528874725	 -1.322021484375	 -0.264892578125	 -0.277099609375	 -0.06996946	 -0.60185504	 0.5828662	 -0.54142576	 -20.09389	 -18.936514	 -8.84736	Scatto 30m	3	Braccio
214	 2786171744	 0.9963021429809444	 0.025055275794958892	 0.0394143940242685	 -0.07211642385834227	 0.4044474221317934	 0.43005407467419465	 -0.03580702779567032	 -1.41357421875	 -0.310546875	 -0.31591796875	 -0.11613566	 -0.622503	 0.51925653	 -0.57391226	 -27.726114	 -21.671438	 -5.2427363	Scatto 30m	3	Braccio
215	 2786188411	 0.9937037543388301	 0.05795721372628779	 0.031211901009435997	 -0.0906621598318532	 0.5644551951409305	 0.3919798971087808	 -0.04316839228842996	 -1.47265625	 -0.3232421875	 -0.36181640625	 -0.14705816	 -0.654961	 0.42070425	 -0.6102525	 -26.564474	 -25.65895	 8.698587	Scatto 30m	3	Braccio
216	 2786205078	 0.9936158887655411	 0.05265452338687393	 0.023895247754590513	 -0.09687096517693894	 0.7319908122108518	 0.1619980272306144	 -0.16326473837469913	 -1.521728515625	 -0.349853515625	 -0.388671875	 -0.180267	 -0.68520695	 0.31675926	 -0.6306021	 -18.020533	 -15.23789	 29.713867	Scatto 30m	3	Braccio
217	 2786221745	 0.9954298299912976	 0.0198301141380417	 0.014956057254182864	 -0.09220919958538969	 0.6714923112071625	 0.04915589260240713	 -0.18421598422686147	 -1.53564453125	 -0.43212890625	 -0.41650390625	 -0.22814846	 -0.7059698	 0.2346593	 -0.62808454	 -10.040423	 -3.3178585	 30.71223	Scatto 30m	3	Braccio
218	 2786238412	 0.9958123027235971	 0.002190972341467312	 8.411536666041998E-5	 -0.0913950234374454	 0.7825110377627167	 0.09100026043043696	 -0.13739607313793717	 -1.521240234375	 -0.543701171875	 -0.41943359375	 -0.2823749	 -0.7254895	 0.16544873	 -0.605439	 -5.0190306	 -1.2673604	 37.88674	Scatto 30m	3	Braccio
219	 2786255079	 0.9965038796973702	 0.014441235425808663	 -0.011466469045705365	 -0.0814861249237523	 1.1946338968526675	 0.04584497520754685	 -0.160984538939973	 -1.4677734375	 -0.642822265625	 -0.408203125	 -0.31755033	 -0.74805033	 0.09797391	 -0.5744422	 6.0847588	 11.091026	 61.4493	Scatto 30m	3	Braccio
220	 2786271746	 0.9989898972984194	 0.0015276169355264435	 -0.007822444065749003	 -0.044222854397133665	 0.8381584036013128	 -0.34542826573682645	 -0.04902601443595456	 -1.404541015625	 -0.6806640625	 -0.387451171875	 -0.33979657	 -0.7572384	 0.0642464	 -0.5540767	 24.41025	 28.885155	 29.391502	Scatto 30m	3	Braccio
221	 2786288413	 0.999696266197065	 0.015167718036225603	 -0.005647948597797325	 -0.018585380218255208	 0.5130067127672292	 -0.09481721765778478	 -0.1409766613415276	 -1.38330078125	 -0.69970703125	 -0.375732421875	 -0.3370707	 -0.76710314	 0.041723922	 -0.5442382	 7.6028466	 17.888327	 16.138535	Scatto 30m	3	Braccio
222	 2786305080	 0.9988689627705497	 0.039744720237006426	 -0.026077816739075613	 0.0010487616942859157	 -0.07496589215732943	 -0.5067695938308263	 -0.07920375374165181	 -1.343017578125	 -0.646484375	 -0.331787109375	 -0.30337104	 -0.79435384	 0.027806964	 -0.5255425	 7.4385405	 24.700502	 -27.186407	Scatto 30m	3	Braccio
223	 2786321747	 0.9981693475811718	 0.05316927650908587	 -0.02707219612891826	 0.009903422723265777	 -0.2467831905966012	 -0.4971465368028762	 -0.004714997065813631	 -1.29638671875	 -0.552001953125	 -0.280029296875	 -0.25328845	 -0.8234666	 0.014184716	 -0.50749046	 3.9825146	 20.372513	 -35.853897	Scatto 30m	3	Braccio
224	 2786338414	 0.9983719348798007	 0.04274035996067782	 -0.02796041386842785	 0.025395994390865845	 -0.03818720803765479	 -0.3230066707542066	 0.0364772552084879	 -1.240966796875	 -0.439697265625	 -0.243408203125	 -0.20293258	 -0.8471829	 0.018864699	 -0.49065647	 6.1341715	 15.40928	 -20.32754	Scatto 30m	3	Braccio
225	 2786355081	 0.9986835603157369	 0.03294217110841799	 -0.013611595797649256	 0.03688745284766893	 0.30524817975203083	 -0.18545749110961068	 0.1740029907841034	 -1.209716796875	 -0.35009765625	 -0.224853515625	 -0.15484133	 -0.85904694	 0.035178937	 -0.48664665	 20.655075	 9.479966	 -2.6187472	Scatto 30m	3	Braccio
228	 2786405082	 0.9710712687442684	 0.19007379614401804	 0.05014497451596429	 0.13556557295121924	 -0.026210325866279666	 -0.09890318852151701	 0.6050544179387063	 -1.220703125	 0.09033203125	 -0.33447265625	 0.08194588	 -0.8339893	 0.04625731	 -0.5436977	 1.1922159	 -3.5513425	 -18.431894	Scatto 30m	3	Braccio
230	 2786438416	 0.9775005997909927	 0.14742164347431735	 0.06411258501606994	 0.13656138870902773	 0.7771998146236736	 -1.805295839117182	 -0.1084702368533269	 -1.1591796875	 0.4423828125	 -0.576171875	 0.27726522	 -0.76063496	 0.08144922	 -0.5813127	 8.57798	 56.51335	 36.314785	Scatto 30m	3	Braccio
231	 2786455083	 0.9972624316832654	 -0.012248627824307967	 0.027063652888828536	 0.0677138993258772	 0.3147286734336675	 -0.972600653879813	 0.14474218797790755	 -1.095703125	 0.48291015625	 -0.59423828125	 0.30593914	 -0.739745	 0.14618474	 -0.58121306	 2.3500035	 42.96335	 34.750572	Scatto 30m	3	Braccio
233	 2786488417	 0.9768074788196393	 -0.13782157135652584	 0.07526412293641305	 0.14555986943333907	 1.1755782601979332	 -0.8791964495433879	 0.1980816847877097	 -0.988525390625	 0.357666015625	 -0.433349609375	 0.27397987	 -0.69807076	 0.35167113	 -0.5603211	 17.15573	 -3.761396	 24.309715	Scatto 30m	3	Braccio
234	 2786505084	 0.9945351175775664	 -0.07679262395819203	 0.018301312181713995	 0.06832170067423168	 0.5474158012141146	 -0.12078811457644034	 0.1701440728032904	 -0.936279296875	 0.241455078125	 -0.3388671875	 0.2522982	 -0.6802363	 0.44451112	 -0.5253898	 15.361824	 -22.001633	 12.890137	Scatto 30m	3	Braccio
235	 2786521751	 0.9953015831383221	 -0.06886924966717389	 0.0207103551062903	 0.06482951676513975	 0.4897118070093453	 0.33413270585940763	 0.12301560688380503	 -0.90771484375	 0.121826171875	 -0.260009765625	 0.23056588	 -0.6540211	 0.5269732	 -0.49132007	 1.6601934	 -36.040195	 -14.057393	Scatto 30m	3	Braccio
237	 2786555085	 0.9882918003148686	 -0.0839828015902156	 0.06804151839043918	 0.10768731699962543	 0.3575642664841246	 1.5985604310677803	 0.3715970120039439	 -0.95166015625	 -0.042724609375	 -0.213134765625	 0.19240536	 -0.57464015	 0.6461664	 -0.4639375	 -16.64512	 -28.867388	 -57.726494	Scatto 30m	3	Braccio
239	 2786588419	 0.9962359697008625	 -0.03297545455076911	 0.07652752549623222	 -0.023875718057805976	 0.3025636881635301	 1.5071800156881219	 -0.07421707175464154	 -1.1044921875	 -0.12548828125	 -0.2109375	 0.11357349	 -0.5583986	 0.6576552	 -0.492729	 -26.377512	 -2.6746223	 -28.624237	Scatto 30m	3	Braccio
244	 2786671754	 0.8853004948119181	 0.20855562247478754	 0.12447884689937096	 -0.39655088310900255	 1.7972170383577222	 0.11055108123607965	 -0.7190562742613748	 -1.540771484375	 -0.146728515625	 -0.44482421875	 -0.058667295	 -0.66935384	 0.26255742	 -0.6925224	 -10.5468025	 -14.057163	 33.606472	Scatto 30m	3	Braccio
246	 2786705088	 0.9876507934709662	 -0.0012149468311327682	 -0.014904520847775661	 -0.15595604931732066	 1.694522895141926	 -0.7699041990678737	 -0.13466938312986	 -1.559326171875	 -0.34130859375	 -0.435546875	 -0.16171733	 -0.7129175	 0.15193206	 -0.6652165	 3.2129307	 16.620861	 45.586414	Scatto 30m	3	Braccio
247	 2786721755	 0.9971681192243563	 -0.051433513590919966	 0.0034817286339790536	 -0.05475594258135003	 0.6641110402764167	 -0.3420378890810096	 -0.11601189783327243	 -1.546875	 -0.49658203125	 -0.44482421875	 -0.23411861	 -0.70910364	 0.14386013	 -0.6493574	 5.36994	 21.482807	 29.77147	Scatto 30m	3	Braccio
248	 2786738422	 0.9990522380762042	 0.00856325263716054	 -0.008486505223057385	 -0.04182434133729436	 0.4404687816030348	 0.08183017298062292	 -0.280708492901132	 -1.532958984375	 -0.590576171875	 -0.4501953125	 -0.25287297	 -0.7225273	 0.10835066	 -0.6342474	 -13.804508	 7.2200084	 17.819006	Scatto 30m	3	Braccio
249	 2786755089	 0.9987853610666563	 0.03723249358618125	 -0.01294639454785007	 -0.02956238841019904	 0.33716383366648495	 -0.3271589213489319	 0.11489422434906857	 -1.49462890625	 -0.5703125	 -0.412353515625	 -0.24200824	 -0.7430674	 0.06438561	 -0.62059456	 18.796082	 16.523455	 4.8738976	Scatto 30m	3	Braccio
250	 2786771756	 0.9993728790198702	 0.0176693993880839	 -0.027289521889249328	 -0.014032925562990295	 0.027340644656105792	 -0.5669811779482534	 -0.14100055867477776	 -1.4443359375	 -0.5458984375	 -0.36767578125	 -0.23456419	 -0.7652287	 0.047587864	 -0.5976122	 6.2840714	 33.80775	 -16.81888	Scatto 30m	3	Braccio
251	 2786788423	 0.9995396347636561	 0.008067935044711094	 -0.028222859793983205	 -0.007674447582751599	 -0.16106326487475126	 -0.21087533879670256	 0.07772920192378534	 -1.3935546875	 -0.54345703125	 -0.333984375	 -0.23020427	 -0.78451365	 0.041717436	 -0.57428575	 5.903608	 7.2645473	 -23.508345	Scatto 30m	3	Braccio
252	 2786805090	 0.9996278641504495	 4.2092004983868003E-4	 -0.026632868065648744	 -0.005886117474190211	 -0.16176615600156435	 -0.2733679639464231	 0.14749517880307955	 -1.340576171875	 -0.544921875	 -0.3056640625	 -0.23066077	 -0.8003559	 0.041279964	 -0.5518354	 9.935688	 9.0635395	 -25.95755	Scatto 30m	3	Braccio
253	 2786821757	 0.9998905485888302	 -0.00761284416193303	 -0.01206928690444875	 0.003907398125665818	 -0.00641251386152502	 -0.29980399793736123	 0.12785856288227304	 -1.30419921875	 -0.5556640625	 -0.291015625	 -0.2326076	 -0.805501	 0.049799513	 -0.5427542	 12.24534	 12.764175	 -18.160976	Scatto 30m	3	Braccio
254	 2786838424	 0.9998201519469565	 -0.003316964397792943	 0.01071297464136284	 0.01529358304263373	 0.2299169387213083	 -0.11521864569290016	 0.10397650802292416	 -1.320068359375	 -0.559326171875	 -0.2998046875	 -0.2259435	 -0.7984727	 0.059940718	 -0.5547958	 13.210364	 5.8261485	 -1.533246	Scatto 30m	3	Braccio
255	 2786855091	 0.9992209213673263	 0.017545290813557643	 0.015027225589164696	 0.03199836813325727	 0.16280274029944705	 -0.04503067833314909	 0.03077059332140835	 -1.3525390625	 -0.512939453125	 -0.3095703125	 -0.19338669	 -0.7919322	 0.070891514	 -0.5748212	 6.2062	 3.125463	 -2.2075539	Scatto 30m	3	Braccio
256	 2786871758	 0.9983537157461883	 0.04030213997788212	 0.016757006194571215	 0.0372128810007705	 0.061774539191890715	 -0.20410367515357705	 -0.03767222722010891	 -1.391845703125	 -0.413330078125	 -0.318359375	 -0.13945231	 -0.78638357	 0.07241879	 -0.59741926	 3.3221018	 12.4901905	 -8.481836	Scatto 30m	3	Braccio
257	 2786888425	 0.9986754596951605	 0.03224131094033045	 0.01721923691854227	 0.03621217960095736	 0.10342925926176005	 -0.2836947567934376	 -0.08919314034674042	 -1.425048828125	 -0.304931640625	 -0.333984375	 -0.09201368	 -0.7770307	 0.07775266	 -0.6178279	 1.5662416	 18.140043	 -4.7758775	Scatto 30m	3	Braccio
258	 2786905092	 0.9989686978456467	 -0.007595171946682466	 0.005939406899777345	 0.04436865485173312	 0.1538413571929354	 -0.3985332346905466	 -0.0914010543821567	 -1.43994140625	 -0.246826171875	 -0.347412109375	 -0.06931892	 -0.76847005	 0.11497077	 -0.6256441	 2.492806	 24.451834	 -0.7065687	Scatto 30m	3	Braccio
259	 2786921759	 0.9977397563354503	 -0.03945149908977788	 -0.0011192255906383732	 0.05438478814266739	 0.27812326953372074	 -0.3380084988971277	 0.0034276487120561694	 -1.43212890625	 -0.244873046875	 -0.3369140625	 -0.06369794	 -0.75852275	 0.18005013	 -0.6230312	 8.717002	 17.97031	 7.2419605	Scatto 30m	3	Braccio
260	 2786938426	 0.9970896089557061	 -0.050022823793674676	 0.0021034271546085397	 0.05749438586913869	 0.5049895119497028	 -0.29268600671154305	 -0.05058694672796671	 -1.424560546875	 -0.266357421875	 -0.33349609375	 -0.06434207	 -0.74155	 0.2530604	 -0.6180002	 8.192902	 11.327667	 22.438934	Scatto 30m	3	Braccio
261	 2786955093	 0.9972488366907957	 -0.0464501279379064	 2.9145231706867447E-4	 0.057767277839221094	 0.8642093916219269	 -0.21850579140405255	 -0.06451931563883839	 -1.419189453125	 -0.284423828125	 -0.329345703125	 -0.06132329	 -0.7217999	 0.32286552	 -0.6090996	 8.118355	 -2.5308714	 43.131584	Scatto 30m	3	Braccio
262	 2786971760	 0.9977420621313337	 -0.027359781928291083	 0.0023137305040947247	 0.061293282159668935	 0.5361118308381119	 -0.23550394008211806	 -0.28620634068557316	 -1.4169921875	 -0.284423828125	 -0.325927734375	 -0.04275931	 -0.69732255	 0.38188633	 -0.605042	 -5.2062407	 6.699007	 28.361027	Scatto 30m	3	Braccio
263	 2786988427	 0.9986136015685574	 -0.004196143383117301	 -0.0014007754378906891	 0.052452883344536065	 0.07286929364767564	 -0.3299094914765557	 -0.18935322963828927	 -1.410400390625	 -0.234130859375	 -0.326416015625	 -0.011819646	 -0.6769886	 0.41951635	 -0.6046097	 2.2431796	 17.746517	 5.0202227	Scatto 30m	3	Braccio
264	 2787005094	 0.9989048842386024	 -0.005479761530911786	 -0.00944918953211671	 0.04549414550263409	 0.0722532886225826	 -0.1649232582668047	 -0.071163539538217	 -1.38427734375	 -0.189697265625	 -0.31591796875	 0.017513506	 -0.6627259	 0.45233753	 -0.59655553	 1.94553	 6.2241726	 -0.19923687	Scatto 30m	3	Braccio
265	 2787021761	 0.998755132945525	 -0.014719396381497107	 -0.012424057551081058	 0.04601267846038066	 0.20997972941279955	 -0.019870330531109395	 0.11688633329308092	 -1.34619140625	 -0.16650390625	 -0.301513671875	 0.04234744	 -0.64861286	 0.48992705	 -0.58092993	 4.8139324	 -10.753658	 -1.4154387	Scatto 30m	3	Braccio
266	 2787038428	 0.9986419449408809	 -0.024482211916883212	 -0.007371439071132136	 0.04539327032030152	 0.2525136101244476	 0.1635519796248923	 0.15025662796522324	 -1.31494140625	 -0.16162109375	 -0.283935546875	 0.05785077	 -0.6306301	 0.5316894	 -0.56237495	 -0.94076604	 -20.080397	 -8.08379	Scatto 30m	3	Braccio
267	 2787055095	 0.9984544994333936	 -0.03569107587405679	 7.776134667573654E-4	 0.042592898251469925	 0.20446971204251296	 0.19955426368552298	 0.08709940820681987	 -1.29638671875	 -0.186279296875	 -0.2626953125	 0.060105976	 -0.60849214	 0.57686543	 -0.54161906	 -5.652846	 -16.887669	 -11.812893	Scatto 30m	3	Braccio
268	 2787071762	 0.9984853688309209	 -0.038652546389535414	 0.008326940598238576	 0.03825716858914241	 0.15899397218794142	 0.13778354413672755	 0.05700578454777862	 -1.298828125	 -0.22265625	 -0.261962890625	 0.053572025	 -0.5832522	 0.6196855	 -0.52243364	 -5.1815677	 -11.907179	 -11.361669	Scatto 30m	3	Braccio
269	 2787088429	 0.9981019270055392	 -0.05101119580244687	 0.010505584977147042	 0.03286386914107315	 0.15365128843986228	 0.0961064447931846	 0.12881379909887458	 -1.310791015625	 -0.279541015625	 -0.27001953125	 0.03540669	 -0.5590713	 0.6638607	 -0.49545413	 -1.516859	 -13.003718	 -12.379774	Scatto 30m	3	Braccio
270	 2787105096	 0.9975105347418723	 -0.06567264943427159	 0.007208902273455526	 0.02465497765723762	 0.21393752647860567	 0.22180245135822405	 0.15367247239371506	 -1.328125	 -0.37353515625	 -0.277587890625	 0.006945873	 -0.54022247	 0.707775	 -0.45515484	 -8.650179	 -17.216455	 -17.27209	Scatto 30m	3	Braccio
271	 2787121763	 0.9982023446389282	 -0.05622408934901271	 0.012775056947700094	 0.016362422015206383	 0.15788564243308734	 0.4306255984071345	 0.07150560348211456	 -1.35107421875	 -0.46826171875	 -0.298583984375	 -0.024256874	 -0.5225672	 0.73998094	 -0.42280433	 -21.383463	 -9.977638	 -24.607346	Scatto 30m	3	Braccio
272	 2787138430	 0.9994240622644048	 -0.02823467508572436	 0.01830242185253717	 0.00440093672420061	 0.0625947513125753	 0.43255037347564873	 -0.02172876317062855	 -1.384765625	 -0.526123046875	 -0.332275390625	 -0.050076354	 -0.5110785	 0.7522508	 -0.41280743	 -22.83526	 0.5229327	 -22.75988	Scatto 30m	3	Braccio
273	 2787155097	 0.9998355717530445	 -0.005180842146740056	 0.015609981654817973	 -0.0076365440252448855	 -0.003974866848874865	 0.38715480206855996	 -0.08451150714456976	 -1.41455078125	 -0.552001953125	 -0.353759765625	 -0.06713025	 -0.5106829	 0.7484154	 -0.41781703	 -20.473114	 6.7572093	 -19.839626	Scatto 30m	3	Braccio
274	 2787171764	 0.9996883689378363	 0.01015772498317391	 0.007110096950585455	 -0.021666383060587602	 0.022833926872810287	 0.36262403762622747	 -0.1081956366975967	 -1.427490234375	 -0.56005859375	 -0.359619140625	 -0.07586883	 -0.5252196	 0.7311622	 -0.4287076	 -20.620089	 6.3425894	 -17.0201	Scatto 30m	3	Braccio
275	 2787188431	 0.9990678336976843	 0.02401332318064195	 -0.0030754503801087023	 -0.03574025161352213	 0.08990258657322867	 0.31835002681526753	 -0.09009097110728036	 -1.410888671875	 -0.564453125	 -0.344482421875	 -0.075839266	 -0.55486596	 0.7003288	 -0.44261932	 -20.108856	 1.5612112	 -13.858211	Scatto 30m	3	Braccio
276	 2787205098	 0.9980764469338045	 0.039892379939034384	 -0.009556960656247117	 -0.04648299260812844	 0.14505020248775202	 0.24078073613948908	 -0.047015154277387	 -1.383056640625	 -0.548828125	 -0.320556640625	 -0.06698513	 -0.59453636	 0.6548202	 -0.46179038	 -16.525206	 -4.311983	 -10.649595	Scatto 30m	3	Braccio
277	 2787221765	 0.9965344236651913	 0.06052125778834555	 -0.010482268957459906	 -0.05609315326762505	 0.23023217406564406	 0.08782160353452731	 -0.10124219043676558	 -1.33642578125	 -0.50390625	 -0.291015625	 -0.0492886	 -0.6390301	 0.5903803	 -0.49057338	 -11.135868	 -6.4569545	 -0.33788013	Scatto 30m	3	Braccio
278	 2787238432	 0.9932707367135001	 0.08470600146054968	 0.0029145946982099273	 -0.07892808145984195	 0.7058963694309698	 -0.4889263412881118	 -0.22565334899308556	 -1.309326171875	 -0.42333984375	 -0.265625	 -0.034615554	 -0.68493086	 0.49253425	 -0.53580016	 8.3955345	 -12.473766	 41.291367	Scatto 30m	3	Braccio
279	 2787255099	 0.9949471382985654	 0.058726703274625425	 -0.012194348756402408	 -0.08051499346330877	 0.994942946850944	 -0.6487073643331118	 0.21962635268652103	 -1.290283203125	 -0.35400390625	 -0.25390625	 -0.03057971	 -0.73040396	 0.40200174	 -0.5513344	 33.499027	 -25.673042	 49.1006	Scatto 30m	3	Braccio
280	 2787271766	 0.9980741093276282	 0.031704350529457775	 5.213724736268245E-4	 -0.05331636351169086	 0.532216473337864	 -0.5171561202856595	 -0.04190515561899477	 -1.279296875	 -0.34765625	 -0.246826171875	 -0.03616515	 -0.75158924	 0.34289223	 -0.5623439	 19.54415	 4.519044	 30.016941	Scatto 30m	3	Braccio
281	 2787288433	 0.998101938036994	 0.036651992740969475	 0.01727169668073536	 -0.04637716257686731	 0.28414415756516503	 -0.3497110003657532	 -0.09478336095319526	 -1.294677734375	 -0.31640625	 -0.25390625	 -0.03962216	 -0.7579936	 0.28430977	 -0.58569944	 9.273866	 10.412408	 14.037075	Scatto 30m	3	Braccio
282	 2787305100	 0.9990219298400068	 0.00989402277909171	 0.003271372430067421	 -0.042971969170834234	 0.23778767688406455	 -0.3265701448206521	 0.2590869001642632	 -1.326416015625	 -0.31884765625	 -0.2666015625	 -0.057158887	 -0.7682047	 0.24375197	 -0.58921957	 24.985441	 4.7728825	 3.679286	Scatto 30m	3	Braccio
283	 2787321767	 0.9985213764255262	 -0.0031626913470494955	 -0.01935195090650516	 -0.05070069231113398	 0.0500293506632513	 -0.30648688460789797	 -0.03588971066806991	 -1.28857421875	 -0.365234375	 -0.25439453125	 -0.083564535	 -0.7907902	 0.20572965	 -0.57038873	 6.7964063	 15.970081	 -2.701161	Scatto 30m	3	Braccio
284	 2787338434	 0.9987790663370283	 -0.006036862437239887	 -0.002232177347942788	 -0.04897908046436997	 0.029180751041582957	 -0.143938153725918	 -0.11747797603161284	 -1.270263671875	 -0.418212890625	 -0.248779296875	 -0.114438124	 -0.80081946	 0.16881412	 -0.56311107	 -2.0188494	 9.966457	 -4.921045	Scatto 30m	3	Braccio
285	 2787355101	 0.9990830092245606	 0.0020293117143813932	 0.007984599128232794	 -0.04201510144607306	 0.06165387655874477	 -0.11530484387342524	 -0.10212969448719342	 -1.270263671875	 -0.4599609375	 -0.2568359375	 -0.13633491	 -0.8031134	 0.13143583	 -0.5649306	 -1.3854396	 8.104233	 -4.2016735	Scatto 30m	3	Braccio
286	 2787371768	 0.9993249515685115	 0.020108897490036637	 0.0033639631285875553	 -0.03056071279268066	 -0.008038519764905189	 -0.14707077038364824	 -0.18776232878466126	 -1.275146484375	 -0.4560546875	 -0.256103515625	 -0.13635144	 -0.8076385	 0.09349396	 -0.5660279	 -6.7546062	 12.357805	 -7.2254925	Scatto 30m	3	Braccio
287	 2787388435	 0.9993572542091056	 0.025209748061843062	 -0.0029360440666422742	 -0.025316530321793432	 0.02410974989956577	 -0.33497119330148406	 -0.183710068929219	 -1.265869140625	 -0.429443359375	 -0.248779296875	 -0.12839587	 -0.8148077	 0.057653233	 -0.562387	 -3.1657035	 22.595837	 -7.1855607	Scatto 30m	3	Braccio
288	 2787405102	 0.9997764431013957	 0.0048416228532358885	 -0.017185251355088308	 -0.011326501822324836	 0.03945564350243637	 -0.5466369257348296	 -0.06457773935668977	 -1.23974609375	 -0.41748046875	 -0.236572265625	 -0.12805218	 -0.8258246	 0.04653137	 -0.54722136	 5.176291	 32.681095	 -11.009855	Scatto 30m	3	Braccio
289	 2787421769	 0.999324916320526	 -0.023271825891386544	 -0.027279571912528666	 0.007997418141110298	 -0.019507030771078168	 -0.5254944964496999	 -0.04006086667385453	 -1.1884765625	 -0.445556640625	 -0.2236328125	 -0.13953461	 -0.8371668	 0.068171434	 -0.52443755	 4.233841	 30.924015	 -15.008421	Scatto 30m	3	Braccio
290	 2787438436	 0.9983795829385085	 -0.0418621444921245	 -0.029267776447656327	 0.02508319142095855	 0.029284498297247198	 -0.42199869875142565	 0.021743469543033092	 -1.13623046875	 -0.510986328125	 -0.219482421875	 -0.15695353	 -0.8440412	 0.11412467	 -0.4999358	 8.491811	 23.7634	 -12.823663	Scatto 30m	3	Braccio
291	 2787455103	 0.9978967829591744	 -0.043434155571354285	 -0.026958139082278124	 0.039859044478692617	 0.05488900035587077	 -0.2987026178770332	 0.03143858903175253	 -1.09619140625	 -0.57763671875	 -0.2265625	 -0.16784093	 -0.84488785	 0.17266592	 -0.47768247	 9.352906	 15.739825	 -10.424455	Scatto 30m	3	Braccio
292	 2787471770	 0.998110140065142	 -0.036618375680751145	 -0.020827129368603096	 0.044737831238332804	 0.1011080142310531	 -0.1923695069708489	 0.06032325325908604	 -1.076904296875	 -0.633544921875	 -0.239990234375	 -0.17094383	 -0.8399049	 0.2304571	 -0.4606817	 10.867643	 7.773692	 -7.670128	Scatto 30m	3	Braccio
293	 2787488437	 0.9984011105265482	 -0.030190253824196767	 -0.018170852596279152	 0.04419944783942515	 0.1314701948908854	 -0.1112406176149512	 0.037816579619312805	 -1.06884765625	 -0.6787109375	 -0.25146484375	 -0.16887157	 -0.83210826	 0.28363737	 -0.4456775	 8.912108	 2.6130846	 -4.746539	Scatto 30m	3	Braccio
294	 2787505104	 0.998650173338028	 -0.02558141967840266	 -0.016877914957084465	 0.04193516717345257	 0.11720827282217844	 -0.03905899788712632	 0.019008486661108236	 -1.06787109375	 -0.707275390625	 -0.26123046875	 -0.16384512	 -0.8227819	 0.33187196	 -0.43133053	 5.297832	 -1.0544572	 -4.6102138	Scatto 30m	3	Braccio
295	 2787521771	 0.9990907495653383	 -0.016091835122307607	 -0.009934075213877238	 0.03821048449067419	 0.09759955637466791	 0.012833810568901594	 -0.0232716313366542	 -1.07470703125	 -0.728759765625	 -0.27587890625	 -0.15458521	 -0.81144255	 0.3710804	 -0.42422137	 1.013079	 -2.1705282	 -4.2360997	Scatto 30m	3	Braccio
296	 2787538438	 0.9993297135284475	 -0.014681477642291052	 0.010993621660741583	 0.031681511267148535	 0.1869325239444266	 -0.05784704313474606	 -0.23042992601228857	 -1.10888671875	 -0.739501953125	 -0.28564453125	 -0.15453191	 -0.79263407	 0.40057614	 -0.43288568	 -1.3103096	 4.8365564	 7.618717	Scatto 30m	3	Braccio
297	 2787555105	 0.9988848036024809	 -0.02271905948629961	 0.034510776363413875	 0.02284731456617033	 0.6565705403559338	 -0.11424547763959766	 -0.2404785732262304	 -1.1787109375	 -0.759033203125	 -0.322265625	 -0.17388046	 -0.76461685	 0.42228442	 -0.4547556	 9.1067095	 -7.0030966	 31.114452	Scatto 30m	3	Braccio
298	 2787571772	 0.9987636113172506	 -0.015165681173461495	 0.03012337173010993	 0.03652168258279624	 0.6308726092504372	 -0.11436224423826517	 -0.2398158946587847	 -1.265869140625	 -0.775634765625	 -0.3623046875	 -0.17912328	 -0.7323567	 0.45085892	 -0.47780222	 6.2792845	 -5.217671	 30.4394	Scatto 30m	3	Braccio
299	 2787588439	 0.9987306575383094	 0.0027539447361730335	 0.018881864976342203	 0.04661506898527177	 0.10098857594336029	 -0.22087818722826377	 -0.29251905273058804	 -1.347412109375	 -0.73828125	 -0.38671875	 -0.16104361	 -0.7022452	 0.47917923	 -0.5013025	 2.3924375	 16.176037	 6.0932016	Scatto 30m	3	Braccio
300	 2787605106	 0.9989642490942358	 0.0068532545984009985	 0.012948317065661687	 0.04307903223339951	 0.048974157020404877	 -0.2263573863380506	 -0.21804039187739485	 -1.40283203125	 -0.6767578125	 -0.38671875	 -0.1386474	 -0.6757827	 0.5028918	 -0.52076334	 4.2482677	 14.347385	 2.0336504	Scatto 30m	3	Braccio
301	 2787621773	 0.999337445662481	 -0.011755050204765902	 0.00746612659591378	 0.03362655862744427	 0.21389271898149925	 -0.10428677837032732	 -0.10394811959766405	 -1.442138671875	 -0.6474609375	 -0.41455078125	 -0.13077456	 -0.65316194	 0.5298765	 -0.5248892	 1.001784	 0.37413645	 5.7304554	Scatto 30m	3	Braccio
302	 2787638440	 0.9993440974744361	 -0.01557327339951542	 -2.566872153000888E-4	 0.03269223318010303	 0.16119437921752267	 -0.02192792945555346	 -0.02340488988031235	 -1.464599609375	 -0.63525390625	 -0.425048828125	 -0.12172788	 -0.6337598	 0.5585367	 -0.5211215	 -0.7758137	 -3.8367004	 -0.7618656	Scatto 30m	3	Braccio
303	 2787655107	 0.9993986529541944	 -0.016612759450627124	 -0.0038497430293988337	 0.030191524893335712	 0.18767629733675695	 0.048836464728515855	 0.028517768640895544	 -1.4775390625	 -0.62109375	 -0.42626953125	 -0.11260363	 -0.6167595	 0.5858246	 -0.5135542	 -3.4399245	 -8.832558	 -2.851565	Scatto 30m	3	Braccio
304	 2787671774	 0.9992998566089125	 -0.02107894184675796	 -0.007574059728013672	 0.029968456938329613	 0.2482546125708171	 0.09636697913040897	 0.062394829433524895	 -1.4853515625	 -0.6171875	 -0.430419921875	 -0.104169935	 -0.6005724	 0.614847	 -0.5004245	 -6.1642585	 -13.492007	 -2.7924285	Scatto 30m	3	Braccio
305	 2787688441	 0.9990640867239159	 -0.026014738999965037	 -0.008284529665672502	 0.033549225646652865	 0.2900915552629517	 0.11201677256183105	 0.03563155118472599	 -1.488525390625	 -0.6142578125	 -0.434326171875	 -0.09647039	 -0.58115244	 0.647473	 -0.48346046	 -9.133368	 -14.127113	 -1.4644413	Scatto 30m	3	Braccio
