2	1595704691	0.997216385152589	0.0472829917261349	-0.01741517101386837	0.05495918208258982	-0.23377240347179265	0.016991708527874596	-0.18770134280835432	-1.60986328125	-0.2939453125	-0.893310546875	0.1866763	0.64472103	-0.49870032	0.54843843	-5.5751753	14.133618	-19.495457	Scatto 10m	3	Petto
3	1595721358	0.9971414459941081	0.06703520379095203	0.030931690610508766	0.016076338185679717	-0.3207603159907795	-0.04357650189520148	0.030816515701900332	-1.620361328125	-0.17919921875	-0.896728515625	0.056053557	0.69875	-0.55233145	0.4511502	2.3430662	14.100245	-23.091022	Scatto 10m	3	Petto
4	1595738025	0.998688070443609	0.04026429338610435	0.029794861129223933	-0.010639120359746568	-0.04859295039362296	-0.14359543826108653	0.19343997553449527	-1.661865234375	-0.139892578125	-0.96630859375	-0.10252352	0.7300779	-0.54509836	0.39917788	13.610434	2.5441434	-14.882554	Scatto 10m	3	Petto
5	1595754692	0.9993412231963419	0.03064256370750501	0.015978322863290914	-0.011083596363419492	0.31095203770834035	-0.18359705428411918	0.09056007236366298	-1.67822265625	-0.140869140625	-0.999267578125	-0.25006396	0.73151654	-0.48542118	0.40831113	14.418788	-13.140573	1.0666313	Scatto 10m	3	Petto
6	1595771359	0.9984439829798424	0.05369430798418645	0.013918844342567962	-0.005727120883564696	0.41159571794471655	0.022085822887579928	0.00730398037732816	-1.692138671875	-0.119384765625	-1.026123046875	-0.35043845	0.7085267	-0.39509526	0.4680628	6.6340423	-22.501415	-1.9725909	Scatto 10m	3	Petto
7	1595788026	0.9992643861946306	0.032986973091724714	0.009907913458856667	0.016863550640527917	0.35763725334981045	-0.04316218617764504	-0.15237446837651986	-1.697021484375	-0.054931640625	-1.051513671875	-0.38515738	0.6915993	-0.32895237	0.51491237	-2.5890162	-18.044931	4.966551	Scatto 10m	3	Petto
8	1595804693	0.999182583934197	0.022977115273470322	0.02859513637768352	0.016986297767104253	-0.056670493413799594	-0.18765878596819746	0.02485806146598391	-1.714599609375	-0.0400390625	-1.10546875	-0.37760562	0.6773143	-0.29189432	0.55987257	0.6636994	9.537195	-2.8012667	Scatto 10m	3	Petto
9	1595821360	0.9970245589778793	0.0210833452283595	-0.044351870217223435	0.05941744657237919	-0.5628944299574911	-0.18603434813815056	-0.2128135753103399	-1.685791015625	0.085205078125	-1.07177734375	-0.4328877	0.6812999	-0.27651954	0.5215129	-20.172815	30.45236	-19.504547	Scatto 10m	3	Petto
10	1595838027	0.9991692481031523	2.1669543813393477E-4	-0.039523924327852046	-0.009931067102508684	-0.3152434279129399	0.11051896992079646	-0.45034029527120933	-1.633056640625	0.112548828125	-0.977783203125	-0.4407759	0.70097595	-0.27357012	0.4893964	-31.092264	5.455003	-21.446228	Scatto 10m	3	Petto
12	1595871361	0.9963524847950481	0.07160593276598501	-0.04185888180726311	-0.020053689169134303	0.536503869597741	0.32045495357855724	-0.15015951692564403	-1.62353515625	0.099853515625	-0.944091796875	-0.45738396	0.70399857	-0.29577175	0.45574683	17.994795	-35.398453	-5.692398	Scatto 10m	3	Petto
14	1595904695	0.9700286229810363	-0.16792172643865197	-0.05697886915430464	0.16613299749680546	1.2820893586731192	-0.7997611164933937	0.5108391872452132	-1.437744140625	0.161376953125	-0.7236328125	-0.38337138	0.75700533	-0.4448669	0.28646615	17.752312	6.808301	45.952	Scatto 10m	3	Petto
15	1595921362	0.9994232882566699	0.009359211308345147	-0.006127213252640124	0.032061710990956234	0.3197716300251838	-0.043152717339779184	0.12600776931542826	-1.41162109375	0.219482421875	-0.730712890625	-0.39966127	0.7496193	-0.4431332	0.2863125	15.829412	-13.442476	-8.986328	Scatto 10m	3	Petto
17	1595954696	0.998442531923238	-0.0177555628858716	0.0403970443058875	0.034136919085765	0.6215699784433151	-0.003917455384118203	-0.31967661668907615	-1.41357421875	0.252685546875	-0.75390625	-0.3726174	0.7474572	-0.44329286	0.3255083	-4.905071	-15.641712	-6.4048758	Scatto 10m	3	Petto
19	1595988030	0.9923051429158134	-0.03191787430804102	0.10345341303337037	-0.06007615145987844	0.3654464601901467	0.5431149352321496	-0.27899851744919735	-1.580078125	0.151611328125	-0.885009765625	-0.2642606	0.7598636	-0.40717658	0.432413	-5.435822	-25.784206	-19.539639	Scatto 10m	3	Petto
20	1596004697	0.9975968231124895	-0.03113387390279196	0.04558363224575176	-0.04187353439772501	0.4351941838546393	0.2477732304322241	-0.15741198762095718	-1.65234375	0.0419921875	-0.95458984375	-0.19099979	0.769726	-0.38315827	0.4735305	-5.9382443	-30.281885	-3.5104122	Scatto 10m	3	Petto
21	1596021364	0.997733660234962	-0.04445863460153056	0.03948153419152106	-0.03149891270181827	0.09367411264594055	-0.07138518796280319	-0.3839462449053699	-1.704833984375	-0.05419921875	-1.026123046875	-0.11147681	0.7751556	-0.3688691	0.5006423	-17.025253	0.59096915	7.228487	Scatto 10m	3	Petto
22	1596038031	0.9984871316306932	-0.015682086574083806	0.012160255874520466	-0.051280096583956714	-0.154897473643544	-0.15828174466735315	-0.21238368113863598	-1.732177734375	-0.1611328125	-1.053955078125	-0.054802697	0.7928922	-0.32369328	0.5133629	-8.820112	15.630493	-5.7101674	Scatto 10m	3	Petto
23	1596054698	0.997896177907411	-0.035738588201686794	0.02481088931319639	-0.04806652892210323	-0.07629107619638871	-0.3045443955741289	0.0018077482979892909	-1.739501953125	-0.28466796875	-1.100830078125	0.017236304	0.7987857	-0.2947121	0.5242035	7.145114	17.079987	-6.336561	Scatto 10m	3	Petto
24	1596071365	0.9978305873763554	-0.061817271110648275	0.008521924798248872	-0.020979053513518586	0.41389526760967177	-0.4433704571629384	0.11970597319854498	-1.743896484375	-0.37646484375	-1.15771484375	0.08716004	0.79856	-0.3031902	0.51262146	25.84514	8.959016	15.241251	Scatto 10m	3	Petto
25	1596088032	0.9986491410411413	-0.04663537601638909	-0.022676665075915314	0.0032868925500208483	0.5504319401607094	-0.5890968687862386	-0.14293764900860878	-1.73681640625	-0.410888671875	-1.144287109375	0.11961153	0.8026995	-0.32744005	0.48389047	23.022028	19.816853	28.797482	Scatto 10m	3	Petto
26	1596104699	0.9994939924739287	-0.017749010460915496	0.009146740084998913	0.024760225806765457	0.4528342410023871	-0.41736948968539894	-0.42878084348560497	-1.74462890625	-0.391845703125	-1.16357421875	0.12516207	0.78494036	-0.35374635	0.4930182	6.2503624	21.247868	29.38718	Scatto 10m	3	Petto
27	1596121366	0.998303497951031	0.02918282831588455	0.001537963331666309	0.05035993624908342	0.16036675811106307	-0.0366721085507884	-0.31719510210837665	-1.76416015625	-0.29931640625	-1.165283203125	0.075925134	0.7659094	-0.37910753	0.5137081	-9.209761	7.8436456	7.88608	Scatto 10m	3	Petto
28	1596138033	0.9978469360551088	0.033368680491194506	-8.627621112411443E-5	0.05646251786914592	-0.25739199884295066	0.004440083679659184	-0.09069298439332105	-1.776123046875	-0.172119140625	-1.16015625	0.019267146	0.7434394	-0.40573445	0.5313252	-6.9080215	10.3318205	-20.476011	Scatto 10m	3	Petto
29	1596154700	0.998265028521254	0.03907449526795803	0.00918609241523255	0.043078212093273956	-0.2988898655707054	0.001983247077867305	0.13298973416130114	-1.773193359375	-0.05224609375	-1.177978515625	-0.031114247	0.7190343	-0.417948	0.5543836	4.3030653	6.729442	-27.74253	Scatto 10m	3	Petto
30	1596171367	0.9992823673002704	0.02283864279586323	0.013150412507355604	0.027206864003346765	-0.12869609665477927	-0.06402613132286705	0.2827521628551189	-1.774169921875	0.023193359375	-1.215087890625	-0.05957972	0.6974167	-0.4270929	0.5724089	15.922689	0.2993406	-20.23132	Scatto 10m	3	Petto
31	1596188034	0.999373077602385	0.02409881978008732	0.011753232654115682	0.02312055732292007	0.14203505505812242	-0.11675687688916761	0.052069888281242246	-1.77099609375	0.078125	-1.2470703125	-0.08728479	0.6763587	-0.43190655	0.59023494	6.0991993	-2.5642655	-0.4486847	Scatto 10m	3	Petto
32	1596204701	0.999519190079698	0.02389986173284045	-0.002604162846367692	0.019580694764109785	0.26853514572977627	-0.16752304754321481	0.10040266508870281	-1.759765625	0.12451171875	-1.260986328125	-0.118567966	0.66434073	-0.43232524	0.59807014	8.828606	-7.338548	6.4687805	Scatto 10m	3	Petto
33	1596221368	0.9992581937568934	0.028221920795853533	0.008130181880902906	0.0249095471433507	0.2807989115554672	-0.19311057505946908	0.14845918372072023	-1.74853515625	0.181640625	-1.291015625	-0.15070386	0.6420078	-0.4337896	0.61395526	11.332998	-8.380914	7.4722557	Scatto 10m	3	Petto
34	1596238035	0.9991492407675178	0.032859751501165324	0.016330003369152416	0.018824515795578034	0.25119007772490676	-0.2166067599185262	0.005979814313343226	-1.736083984375	0.229248046875	-1.341552734375	-0.17788233	0.6151807	-0.4283864	0.63749194	3.0104125	-3.7858686	9.495144	Scatto 10m	3	Petto
35	1596254702	0.9992533309974245	0.032718053859189855	0.019371722417549062	0.006858995028140303	0.10059840528865985	0.039439879728898175	-0.08381176628831866	-1.734375	0.249267578125	-1.408203125	-0.19537286	0.59063333	-0.41521445	0.663761	-6.5420966	-4.228978	-7.2383304	Scatto 10m	3	Petto
36	1596271369	0.999235868669483	0.037553883571917274	0.009438713305057913	-0.005319331175594022	-0.15902157460053803	-0.0024941968819953905	-0.1544750452030672	-1.7333984375	0.24755859375	-1.4609375	-0.2109428	0.576524	-0.38878024	0.68700314	-6.515385	10.219592	-15.29686	Scatto 10m	3	Petto
37	1596288036	0.9994560931184414	0.029180665176693876	-0.01535539269868047	4.6757174483269553E-4	-0.30323261587120737	-0.02794153477337584	-0.3154285876825698	-1.7373046875	0.238525390625	-1.477783203125	-0.23501268	0.57859373	-0.36614212	0.68988276	-13.23897	19.986944	-20.639416	Scatto 10m	3	Petto
39	1596321370	0.9945252123387239	0.03897534490821619	-0.07700597124664256	-0.058911840102504394	-0.2618908203780597	0.039282246034493484	-0.40790771257171826	-1.77197265625	0.141845703125	-1.378662109375	-0.24724127	0.6392861	-0.28855303	0.6685226	-1.6702853	-0.8233009	-14.903749	Scatto 10m	3	Petto
40	1596338037	0.9955439466050626	0.0031945517839764848	-0.04775875022438903	-0.08124744299927383	0.45285598201376615	0.08535162283141634	0.20517558068872688	-1.791259765625	-0.00634765625	-1.24365234375	-0.20942754	0.6909167	-0.22329953	0.6549135	10.407171	-23.568918	6.0688477	Scatto 10m	3	Petto
41	1596354704	0.9993788584465498	-1.124054943264785E-4	-0.03278223935484796	0.012930948842117597	0.7578895187603079	-0.15250603476681426	-0.02444598318299064	-1.790283203125	-0.05712890625	-1.186279296875	-0.22578919	0.70890635	-0.22644113	0.62864596	0.67964846	-19.097311	32.47768	Scatto 10m	3	Petto
42	1596371371	0.998584476209885	-0.032135000634517075	-0.026437115782662866	0.033128001991420575	0.5725397225310036	-0.4760446081171657	0.0013528584772507235	-1.763427734375	0.0	-1.111328125	-0.22966258	0.7243162	-0.26435304	0.5939182	4.7465754	1.9874424	34.564728	Scatto 10m	3	Petto
43	1596388038	0.999377601056348	-0.013134397837786999	-0.0131650839946888	0.029976301701686584	0.20504396234011876	0.020951542017984912	0.13150490048301422	-1.7451171875	0.045166015625	-1.075927734375	-0.24155387	0.72661334	-0.291325	0.57342356	9.486739	-8.87483	-2.9999313	Scatto 10m	3	Petto
44	1596404705	0.9993152473222637	-0.01381509780805834	-0.005760344712210764	0.033837818644132545	0.06372807334700467	0.0180357767851637	-0.04889263888575245	-1.72412109375	0.094970703125	-1.056884765625	-0.25250083	0.7225364	-0.32271454	0.55681235	-2.3687837	-3.4918513	-7.2450604	Scatto 10m	3	Petto
45	1596421372	0.9995298310611092	0.006461635053453985	0.02074415875270602	0.021634323863464314	-0.09174414282193069	0.019801191812759578	-0.18339187934046502	-1.71484375	0.147705078125	-1.08056640625	-0.2624602	0.7018102	-0.34019497	0.5681942	-11.802448	3.280179	-11.460069	Scatto 10m	3	Petto
46	1596438039	0.9995907463317891	-0.002654587459862273	0.027134077190506232	-0.008662266925833162	-0.11133523275288439	0.05339779433471931	0.11663072803801683	-1.7314453125	0.1435546875	-1.1455078125	-0.24656284	0.6898957	-0.34298462	0.5878882	5.4472885	3.018351	-17.879204	Scatto 10m	3	Petto
47	1596454706	0.9991896748144299	5.485604189389703E-4	0.021890640389000893	-0.03377118133942037	0.4033700014667244	0.0714484540204953	0.10886907730705372	-1.7578125	0.086669921875	-1.180908203125	-0.21971317	0.6878827	-0.32502368	0.61065805	7.35461	-21.635843	1.3485279	Scatto 10m	3	Petto
48	1596471373	0.9987115909642708	-0.020330061384991827	0.03690839435956351	-0.028277501719501108	0.7619787917180066	0.06150270380128643	-0.029940506637407716	-1.78466796875	0.00927734375	-1.24658203125	-0.17600766	0.6780367	-0.32582554	0.6349216	-0.5683787	-35.020233	19.857061	Scatto 10m	3	Petto
49	1596488040	0.998489641243481	-0.024953669318406202	0.043056221089706886	-0.02327901506692587	0.3534562281390314	-0.044302980139244205	-0.20645191811364916	-1.8037109375	-0.049072265625	-1.3369140625	-0.12916903	0.6617415	-0.33235705	0.65950936	-11.944794	-9.9065075	9.407433	Scatto 10m	3	Petto
50	1596504707	0.999111331017947	-0.029813271279904963	0.022454086881362637	-0.019583949281522905	-0.04313398815881695	-0.30138257316544936	-0.4130889972244333	-1.810302734375	-0.0966796875	-1.386962890625	-0.08809559	0.6571116	-0.34080225	0.6665565	-18.65268	21.759022	1.4394131	Scatto 10m	3	Petto
51	1596521374	0.9984007152458828	-0.05128627283895623	0.023061200459713414	-0.005823319341630107	-0.3073460119822365	-0.2727740962992531	-0.2957783251644975	-1.808837890625	-0.12158203125	-1.42626953125	-0.04226368	0.6479622	-0.37222472	0.6631798	-8.982779	28.727001	-13.920788	Scatto 10m	3	Petto
52	1596538041	0.99846543397533	-0.05239635815986593	-0.014195455980616669	-0.010949330460860829	-0.3472357548308114	-0.08434793295127027	0.25389072858044226	-1.808837890625	-0.13916015625	-1.446533203125	-0.0066828486	0.66353333	-0.3988712	0.63291454	18.972586	8.160528	-26.096485	Scatto 10m	3	Petto
53	1596554708	0.9959047473826413	-0.08534542519718416	-0.023638530051013018	-0.01819649514759775	0.5727112519506544	-0.1110087891341387	0.36663476870069245	-1.808837890625	-0.197265625	-1.4072265625	0.051544778	0.68375766	-0.43976256	0.58002377	17.94409	-24.835697	17.939661	Scatto 10m	3	Petto
54	1596571375	0.9998077684840359	-0.01516036279696785	0.010063621546418712	-0.007301575186732634	0.058514033119141245	-0.4559856159158543	-0.6219642963865333	-1.804443359375	-0.222900390625	-1.385009765625	0.07049329	0.6797825	-0.44363034	0.57975745	-10.023316	36.468655	17.075056	Scatto 10m	3	Petto
55	1596588042	0.9994409467343262	0.016986452616386066	0.01747446114793003	0.022888810058513512	0.392405199503845	-0.5313826274844227	-0.22060538564602009	-1.805419921875	-0.187744140625	-1.427978515625	0.0526273	0.6601786	-0.4490477	0.5997924	10.666777	14.811631	27.775215	Scatto 10m	3	Petto
56	1596604709	0.9990193309344172	0.012643303570210207	0.007725314112275562	0.04172340849028999	0.1405504098207817	-0.3263491543864871	-0.07042522224592605	-1.80322265625	-0.110107421875	-1.442626953125	0.021614026	0.63641626	-0.46967897	0.611481	8.654201	9.654575	7.630665	Scatto 10m	3	Petto
57	1596621376	0.9985364147458163	0.029814183132289465	3.7223882370113204E-4	0.04512210488201613	-0.03806582046120402	-0.07138099369095972	0.05933121399372056	-1.794921875	-0.016845703125	-1.449462890625	-0.026041457	0.6140544	-0.48113644	0.6251135	5.806761	1.5428376	-10.178219	Scatto 10m	3	Petto
58	1596638043	0.9985997150799029	0.04571059268721622	0.0052481140501584875	0.026107624507735905	-0.07564468697368035	0.07887455174945163	0.13405555941975364	-1.781982421875	0.045166015625	-1.47607421875	-0.069099694	0.59539914	-0.4696852	0.6481675	4.850942	-4.2848845	-17.92371	Scatto 10m	3	Petto
59	1596654710	0.9993102370680731	0.0328366075091763	-0.006477513041100281	0.016088788737566587	-0.06108852361405259	0.03132781693844621	0.03644040055210844	-1.774658203125	0.07568359375	-1.48193359375	-0.10321688	0.5885666	-0.4586771	0.65768623	1.9871538	0.19438282	-14.027027	Scatto 10m	3	Petto
60	1596671377	0.9994905491927963	0.025217046936198056	-0.01668266529590479	0.010219163210594961	0.01643900923993622	0.010412198360063941	0.029181374286084742	-1.768798828125	0.09814453125	-1.462158203125	-0.13349135	0.5911762	-0.4475398	0.6575705	0.98350406	-1.8604864	-9.793956	Scatto 10m	3	Petto
61	1596688044	0.9995738372214606	0.024834670917399992	-0.014021749552169616	-0.006226845291605888	0.09893825717049705	-0.0018641808509931215	0.04573768440042404	-1.771728515625	0.092041015625	-1.439697265625	-0.15134758	0.5989242	-0.42676255	0.66049784	0.9086662	-5.306631	-6.0984626	Scatto 10m	3	Petto
62	1596704711	0.9992388512215327	0.03045166384217718	0.005125520585117533	-0.023835759216904562	0.26711049262689124	0.06401398559166245	0.030211790560634257	-1.780029296875	0.052001953125	-1.45068359375	-0.15244323	0.60006243	-0.394033	0.6792822	-3.3614063	-14.353678	-2.2255735	Scatto 10m	3	Petto
63	1596721378	0.9995982905364325	0.01769023000312203	0.0034948066454103814	-0.02186548983192055	0.21252869716938988	-0.004877658111479194	-0.017218067089912106	-1.787353515625	-0.003662109375	-1.47265625	-0.14743717	0.6030088	-0.37022445	0.6910693	-3.8918693	-8.110204	-0.7127962	Scatto 10m	3	Petto
64	1596738045	0.9995179607402669	0.016289624435287475	-0.011176913938104218	-0.023949340036748146	-0.07188847767211337	-0.10278960187346362	-0.12988648220034843	-1.7958984375	-0.049560546875	-1.447265625	-0.14532772	0.6167403	-0.34350392	0.693193	-4.8487234	9.62214	-8.685251	Scatto 10m	3	Petto
65	1596754712	0.997218748223907	0.03547737790813349	-0.048004480942160394	-0.04462839518715873	-0.26176039169589577	-0.295440688266761	-0.258812552527903	-1.805908203125	-0.124267578125	-1.381103515625	-0.15301663	0.6584637	-0.28438553	0.67980635	-7.7625413	27.233326	-10.116291	Scatto 10m	3	Petto
66	1596771379	0.9988014286552139	-9.003466967849316E-4	-0.04015188283279473	-0.027977165637545542	0.10713328682985247	-0.4405686977673804	0.09695816614724932	-1.793701171875	-0.204345703125	-1.27197265625	-0.14564152	0.6931796	-0.261369	0.65572613	9.560622	16.069027	10.78565	Scatto 10m	3	Petto
69	1596821380	0.9992900197832172	0.029894323118958233	-0.022763178518834623	-0.0027610705597929668	1.3289731483722302	-0.5195434697610766	-0.02941203768299211	-1.786865234375	-0.224853515625	-1.208740234375	-0.17334501	0.70382744	-0.24079713	0.6454419	2.200117	-2.1158278	9.253399	Scatto 10m	3	Petto
73	1596888048	0.9969387225346507	0.048280068458524866	0.023467213111278168	0.05684635792562898	0.3930403457783867	0.5187194851252608	-0.23711742950170867	-1.793212890625	-0.0576171875	-1.239501953125	-0.2408091	0.6654058	-0.2571224	0.6581294	-0.752128	-21.518337	-8.942643	Scatto 10m	3	Petto
75	1596921382	0.9965962558350632	-0.04869826705829228	0.044828538294518556	-0.04914044968688825	0.660383136487577	0.08832519933554708	-0.22632063869820554	-1.807861328125	-0.16015625	-1.333984375	-0.16437043	0.65910393	-0.2672179	0.6834903	-10.888879	-9.00427	9.864092	Scatto 10m	3	Petto
76	1596938049	0.9992387341429166	-0.029602147613449037	0.016951032373017986	-0.018929541637925595	0.2664134036140715	-0.2603756506402489	-0.2098059385311827	-1.80908203125	-0.209228515625	-1.3740234375	-0.1275004	0.65766424	-0.2777411	0.6885358	-11.684401	5.2332797	12.415382	Scatto 10m	3	Petto
77	1596954716	0.999133908426204	-0.032990564716113335	0.017062643769877595	-0.018759580492960174	0.12128439421935772	-0.17986303437436718	-0.11074551048871607	-1.80712890625	-0.24755859375	-1.412841796875	-0.08839529	0.65559703	-0.29029053	0.69145525	-5.1811824	6.2830086	2.3221617	Scatto 10m	3	Petto
84	1597071385	0.984764125523484	-0.11056675984575387	0.11763259359397159	0.06463111962154783	0.712954121040859	-1.323097121613742	0.13410357613175244	-1.777587890625	-0.087158203125	-1.6708984375	-0.029088454	0.5601806	-0.41937098	0.71377844	8.347109	9.658083	-9.263983	Scatto 10m	3	Petto
91	1597188054	0.9958426282360399	0.08949735178424242	-0.0117034375971114	0.012276536969141884	0.1494955326265108	-0.47983624465666497	-0.370025944599301	-1.774658203125	-0.058837890625	-1.68896484375	-0.099638306	0.5603289	-0.36623746	0.73618895	-2.368514	28.492981	-1.3137951	Scatto 10m	3	Petto
96	1597271389	0.9803010254985901	0.19021024894731287	-0.014502036862768993	-0.05118253147944818	1.5792981694981285	-1.0655526088848482	-0.1102122330617692	-1.7939453125	-0.261962890625	-1.622802734375	-0.17812657	0.5624228	-0.19556944	0.7833927	-6.504396	-7.3329897	-4.204767	Scatto 10m	3	Petto
97	1597288056	0.9991862314409702	0.0335155149323525	0.018378984292262507	0.01287626087013888	-1.717980860534206E-4	0.1541120763451382	-0.1025364020653575	-1.78564453125	-0.255615234375	-1.658935546875	-0.20441762	0.5400626	-0.18060939	0.7961949	-5.3032255	-7.29113	-16.298111	Scatto 10m	3	Petto
98	1597304723	0.9991497816594838	0.03094089703183933	0.009911440285762465	0.025379874943204983	-0.09285073945027522	0.22046161924979843	-0.10960916086245523	-1.784912109375	-0.22119140625	-1.67333984375	-0.24042672	0.5218817	-0.17237903	0.8000752	-2.569416	-7.913203	-23.229374	Scatto 10m	3	Petto
