2	2450166442	0.9997896304003108	-0.018914976097801683	0.006975810868072142	0.0037758026911572096	-0.6832362588052576	-0.06964980736575549	-0.04462350439905091	-0.712646484375	0.228759765625	-0.529052734375	0.41364548	-0.24911733	0.87068236	-0.09354302	20.646618	17.66794	21.278894	Triplo salto in lungo	4	Petto
3	2450183109	0.9997689146984989	-0.014245668483549023	-0.011864954815750563	-0.010881221404907842	-0.8304790194940465	0.06360067847661037	-0.22377714367985543	-0.71533203125	0.2119140625	-0.520751953125	0.43231514	-0.25767428	0.86026704	-0.08153822	14.13966	27.5587	31.638336	Triplo salto in lungo	4	Petto
4	2450199776	0.9990637927729377	-0.03013764097623528	-0.030856735660427518	-0.0033350308728275907	-0.6024572924354168	0.26949539996005634	-0.38095132314363933	-0.671875	0.16796875	-0.505126953125	0.46109456	-0.26817465	0.844721	-0.04382956	-6.567291	29.920336	24.129585	Triplo salto in lungo	4	Petto
5	2450216443	0.998396745020044	-0.028967779141183203	-0.048549895400611776	-0.00277758196969799	-0.4179423938194473	0.02784283488712382	-0.27451896184039654	-0.596435546875	0.097412109375	-0.49169921875	0.49403584	-0.28102154	0.8227636	0.003955179	-2.916202	10.364194	18.240015	Triplo salto in lungo	4	Petto
6	2450233110	0.9989734106819819	-0.010194344126807253	-0.043491352527652745	-0.007530096516513762	-0.41343191970382664	-0.09895959920200324	-0.4054533351296098	-0.527099609375	0.098388671875	-0.509033203125	0.5266782	-0.28949192	0.7988143	0.026460987	-8.028613	-0.8323584	24.497753	Triplo salto in lungo	4	Petto
7	2450249777	0.9977085573722428	-0.02679511111713534	-0.06126781464799839	-0.010291329101580123	-0.1396633289984707	0.019080767851577293	-0.3131996478844089	-0.430419921875	0.069091796875	-0.527587890625	0.5638392	-0.30967313	0.7629446	0.064059734	-13.604916	-1.9799685	5.5388145	Triplo salto in lungo	4	Petto
8	2450266444	0.9971493032424701	-0.034068253846999796	-0.06715613056515106	-0.004761853671561539	0.16860741656920308	-0.040117491873079225	-0.19183126539972298	-0.316650390625	0.0126953125	-0.565185546875	0.59731567	-0.32804316	0.7230027	0.11344226	-9.889966	-11.176369	-14.041283	Triplo salto in lungo	4	Petto
9	2450283111	0.9977362371256593	-0.020884584649225824	-0.06392366604145161	1.3045326562405314E-5	0.40026238414369797	-0.05888789168728022	-0.11892617865480246	-0.20458984375	-0.021728515625	-0.62841796875	0.62978554	-0.33449504	0.6843876	0.15197699	-5.3865404	-14.940472	-29.507336	Triplo salto in lungo	4	Petto
10	2450299778	0.9990724819033813	-0.0031545853431979576	-0.04291770529525995	0.0015149478273399075	0.3228656775097882	0.013612648780647343	-0.16222141691925018	-0.12744140625	-0.033203125	-0.681640625	0.6532056	-0.3313996	0.65935385	0.16955628	-7.7120175	-10.879353	-26.925423	Triplo salto in lungo	4	Petto
11	2450316445	0.999454977948268	0.007980506757180095	-0.031721370946213336	0.00445120114334402	-9.571512787039174E-4	-0.00615010677630555	-0.1844502462013201	-0.07373046875	-0.02392578125	-0.73388671875	0.6713439	-0.32000166	0.6441054	0.1789547	-8.0180855	-7.532872	-8.554638	Triplo salto in lungo	4	Petto
12	2450333112	0.999679208670267	-0.007915250063304125	-0.023723276035493086	0.004004340515991134	-0.19443986252559023	-0.022645083743784343	-0.1606420692817463	-0.035888671875	-0.037841796875	-0.7685546875	0.6803013	-0.31928682	0.6298415	0.19633093	-7.4863973	-5.3147573	2.292983	Triplo salto in lungo	4	Petto
13	2450349779	0.9999853048678048	0.005395405342230486	-4.893330199785273E-4	-2.0050643883245958E-4	-0.06011379409018066	-0.10479660587560959	-0.2663965314107926	-0.0283203125	-0.032958984375	-0.772705078125	0.6801782	-0.3159743	0.6319912	0.19520561	-7.899122	-14.931529	-5.05174	Triplo salto in lungo	4	Petto
14	2450366446	0.9999214011678945	0.008020909520024766	0.008587342733770003	0.004371960850549528	0.18209002840551922	-0.1266393530379463	-0.10852673857718789	-0.0302734375	-0.031982421875	-0.75927734375	0.67371523	-0.3107822	0.6425077	0.19158886	1.5856072	-11.419852	-19.116827	Triplo salto in lungo	4	Petto
15	2450383113	0.9994424187857568	0.03023219980888686	0.01311296978286275	0.005377327390552745	0.22633396247070084	-0.07568421525953385	-0.027985103964830678	-0.0458984375	-0.008544921875	-0.75	0.6727748	-0.29043698	0.6585224	0.17137359	3.0983791	-6.4302435	-22.338644	Triplo salto in lungo	4	Petto
16	2450399780	0.9997766666114708	0.0034124348969414298	0.020554323071247747	-0.003534400997736109	0.05950604710896383	0.026014809395613306	-0.20054706621791044	-0.06591796875	0.024169921875	-0.726806640625	0.6612268	-0.29441246	0.6710711	0.16051236	-10.157903	-6.7569103	-13.151321	Triplo salto in lungo	4	Petto
17	2450416447	0.9998701347288309	-0.012001213089754992	0.010753718026001974	2.0520804324886124E-4	0.053444261306721835	0.09068283657793308	0.12514860870862957	-0.08203125	-0.005615234375	-0.7001953125	0.6483162	-0.3044447	0.677506	0.16728823	2.7664104	8.162483	-14.503239	Triplo salto in lungo	4	Petto
18	2450433114	0.9996928595215658	0.012026670678016993	0.021656870070521143	-7.251156776117984E-4	0.15906749815231314	0.017849031968040094	0.10173070769906624	-0.11474609375	0.00927734375	-0.677001953125	0.6378722	-0.29951218	0.6925822	0.15408306	4.3139625	2.7547011	-19.975588	Triplo salto in lungo	4	Petto
19	2450449781	0.999572180264425	0.011088932820000452	0.027005851312345844	-0.0017821350209863975	0.12563973871941297	0.015457201547388878	0.06705732549118076	-0.152099609375	0.02783203125	-0.646484375	0.6240309	-0.2965413	0.70956916	0.13842125	2.5858977	1.4760507	-17.875362	Triplo salto in lungo	4	Petto
20	2450466448	0.9995977299163531	0.001396770496149502	0.028127919988127918	-0.0033537285811897077	0.07182103536300455	0.0307953334020867	0.04115277292855181	-0.197509765625	0.038330078125	-0.608154296875	0.6061377	-0.30080378	0.7250499	0.12812874	0.70478797	1.7859043	-14.751484	Triplo salto in lungo	4	Petto
21	2450483115	0.9996648336134359	-0.004529913083158199	0.025389791256676897	-0.0022491829678471524	0.040527645416140796	0.002386229921405761	0.11278514508486823	-0.244384765625	0.03466796875	-0.576171875	0.5875054	-0.30736893	0.738264	0.123807944	5.142834	3.1542127	-13.726997	Triplo salto in lungo	4	Petto
22	2450499782	0.9997165617843717	0.001843331033422435	0.02373596742159687	4.555542216599928E-5	0.018312259234879905	-0.031924758617168314	0.08544905938305125	-0.282958984375	0.035400390625	-0.55078125	0.57229024	-0.30787852	0.75112325	0.11622865	5.080769	0.9506276	-11.921901	Triplo salto in lungo	4	Petto
23	2450516449	0.9997351140022037	0.0035657792810318	0.022732028462996715	-4.918648971529439E-4	-0.04178991616917878	-0.008528664721360341	0.06769004650622946	-0.325439453125	0.03955078125	-0.527099609375	0.5583696	-0.3076053	0.7629961	0.106956124	3.8944128	2.559479	-8.660908	Triplo salto in lungo	4	Petto
24	2450533116	0.9997499652003221	-0.0022641580953810525	0.022152385845004317	-0.0020377613814831774	-0.09049818297640129	0.013339784561097079	0.0532648042779119	-0.369140625	0.04150390625	-0.505615234375	0.5429475	-0.31148505	0.773213	0.101621084	3.051515	4.1413956	-6.088747	Triplo salto in lungo	4	Petto
25	2450549783	0.9996513701740195	1.0712217617619979E-4	0.025988753800588404	-0.0046595396700902245	-0.06962398097632647	-0.015519752993941057	0.02865692778715478	-0.41796875	0.044677734375	-0.4853515625	0.52517885	-0.31619492	0.78467506	0.09215772	2.7823043	1.6627511	-6.531231	Triplo salto in lungo	4	Petto
26	2450566450	0.9994353470689682	0.001358649313789373	0.0329785929336349	-0.006289158074880036	-0.007161141681908205	0.010907594723138209	-4.895381881721023E-5	-0.47509765625	0.050537109375	-0.462646484375	0.501859	-0.322043	0.7989145	0.07849611	-0.28380597	0.68359363	-9.554867	Triplo salto in lungo	4	Petto
27	2450583117	0.9993099968224491	1.0051225765866922E-4	0.03666357179751848	-0.005941603407405461	0.05765176425404194	0.055385550537398624	-0.01908276988135853	-0.549560546875	0.054931640625	-0.439453125	0.47388428	-0.328396	0.81447566	0.064955845	-3.8268716	0.57553536	-12.868431	Triplo salto in lungo	4	Petto
28	2450599784	0.999461138449915	7.411132224729444E-4	0.03259164779612462	-0.003829879048302204	0.09439129475615311	0.024333257242280908	-0.006998695272399965	-0.620361328125	0.056640625	-0.4267578125	0.44774076	-0.33240736	0.82834363	0.05366911	-3.0816019	-1.7215296	-14.494623	Triplo salto in lungo	4	Petto
29	2450616451	0.999473183137283	0.009878688039920591	0.03088748274662373	-0.0013157209484559453	0.028007825478072713	-0.06818058178075012	-0.0032969136276504163	-0.68408203125	0.068115234375	-0.4169921875	0.4250416	-0.33009037	0.8420583	0.036305286	1.6749095	-4.0835547	-10.1502695	Triplo salto in lungo	4	Petto
30	2450633118	0.9994073812006984	0.022197330062009857	0.02625911496383732	-0.001619821285215567	-0.10587345600484235	-0.06506779022620075	0.031242173039504342	-0.740966796875	0.106689453125	-0.42578125	0.41048554	-0.3222789	0.8529691	0.0090479255	6.2615976	0.9369055	-5.4514656	Triplo salto in lungo	4	Petto
31	2450649785	0.9995711601024231	0.020339677614061302	0.02045455913231509	-0.005040279432202367	-0.09704937967650211	0.06544211828830036	-0.08989074595003745	-0.790283203125	0.149658203125	-0.43505859375	0.401291	-0.31717932	0.85912234	-0.016487408	-3.2939289	4.7643633	-3.115137	Triplo salto in lungo	4	Petto
32	2450666452	0.9999656519828712	5.873359234659925E-4	0.008077901791869681	0.0017599413698015237	-0.1529908031046632	0.15124993241437537	-0.263450421099259	-0.81787109375	0.162841796875	-0.439697265625	0.39545736	-0.31434783	0.8628478	-0.01711393	-11.510774	8.779827	4.570821	Triplo salto in lungo	4	Petto
33	2450683119	0.9998340609711098	-0.015826236151292805	-0.005734486769476188	0.006963938023360845	-0.12169986576184777	-0.031675482035837935	-0.11492970786446838	-0.81494140625	0.151611328125	-0.414794921875	0.39453706	-0.31404302	0.86353636	0.004738186	-0.15033616	0.99559754	0.3593092	Triplo salto in lungo	4	Petto
34	2450699786	0.9999439224944772	-0.004374589892602976	-0.0094313862590113	0.002015882651336301	-0.11234500713693601	-0.14101724258867468	0.11215635651254557	-0.796630859375	0.146240234375	-0.40087890625	0.4011062	-0.31319934	0.8606956	0.0149408765	12.50559	-1.4331876	-7.844424	Triplo salto in lungo	4	Petto
35	2450716453	0.999860232172126	-0.001897530499614275	-0.0166039538850325	4.7351250155647234E-4	-0.26534324919632934	-0.004150226217877029	0.1300430976937597	-0.77099609375	0.14501953125	-0.39794921875	0.4171298	-0.31186226	0.85336536	0.022639781	13.119265	10.329808	-3.8491445	Triplo salto in lungo	4	Petto
36	2450733120	0.9998091115482065	-0.0028859818978245744	-0.019249381470663855	-0.001694959193745016	-0.16202818888774678	0.05026307095540991	-0.15029124552941012	-0.740478515625	0.137451171875	-0.3984375	0.4368964	-0.31171402	0.84319884	0.031175163	-3.5840333	4.697646	2.434949	Triplo salto in lungo	4	Petto
37	2450749787	0.9997946231370881	-0.003205842657807323	-0.01992207291672876	-0.0018828514869514703	0.13516765472565223	0.04848697768537452	-0.3739801292410333	-0.703369140625	0.125732421875	-0.4072265625	0.45496875	-0.31228864	0.832942	0.041074015	-21.172028	-8.99001	-2.8400636	Triplo salto in lungo	4	Petto
38	2450766454	0.9999369137037278	9.280709925628128E-4	-0.011005988934058577	-0.0020434051188635005	-0.28989886897237527	0.0061991264837786275	-0.7775448004252208	-0.676025390625	0.122802734375	-0.406005859375	0.46230435	-0.31319264	0.82832044	0.045499593	-27.282568	-7.7902107	31.101788	Triplo salto in lungo	4	Petto
39	2450783121	0.9998584508826026	-0.010131843421668119	-0.009963261742172215	-0.009008738145703995	-0.29442795452971426	-0.025019057257059663	-0.5041258004103196	-0.66259765625	0.113037109375	-0.4072265625	0.4620145	-0.32610297	0.8227822	0.056825202	-14.337746	-3.8222592	21.952505	Triplo salto in lungo	4	Petto
40	2450799788	0.9998297546814237	-0.013603590135411403	-0.012329131421824015	-0.0018429616098425694	-0.5086546943399293	0.022537850170361876	-0.45300100202827415	-0.64208984375	0.088623046875	-0.3955078125	0.46207082	-0.3342494	0.8179982	0.0751478	-8.914949	5.1373153	29.761295	Triplo salto in lungo	4	Petto
41	2450816455	0.9998761875991583	-0.008225533050314537	-0.012969567436244389	0.003426426524494264	-0.6080739070249496	-0.1836577766296431	-0.5144210236835471	-0.617431640625	0.0693359375	-0.393310546875	0.4650906	-0.3345506	0.8144239	0.092089534	-1.6278913	-4.3525906	39.008648	Triplo salto in lungo	4	Petto
42	2450833122	0.9998499152519205	0.00800240527376056	-0.013649090823944223	-0.007057676688660197	-0.23153401959743047	-0.14319249895130035	-0.3929943546127217	-0.587646484375	0.079345703125	-0.3955078125	0.47676763	-0.3353657	0.8075801	0.08965076	-6.003001	-11.0066395	15.986261	Triplo salto in lungo	4	Petto
43	2450849789	0.9997053498809946	0.01954352082168559	-0.010651488095285213	-0.009685557008585146	0.0621295241929373	-0.004207915176107677	-0.24432312349774388	-0.565673828125	0.115478515625	-0.406982421875	0.49043348	-0.33321142	0.80180466	0.07452982	-11.40111	-8.708726	-5.0155916	Triplo salto in lungo	4	Petto
44	2450866456	0.9997173993270261	0.023635334977025135	-0.0024326216982830666	-7.581391721582509E-4	0.09529188702888192	0.04734141952704312	-0.11026362059669147	-0.56005859375	0.16455078125	-0.421630859375	0.4977315	-0.32256714	0.8030466	0.057706296	-8.304237	-3.4324086	-11.760214	Triplo salto in lungo	4	Petto
45	2450883123	0.9997561196313687	0.018891150144314528	-0.005203990655219981	0.010185489046366349	-0.1924081225830923	0.1184007356515974	-0.03349373364310197	-0.546142578125	0.2041015625	-0.43896484375	0.50523484	-0.3050362	0.8056554	0.051088084	-2.1621785	10.080648	-0.7865858	Triplo salto in lungo	4	Petto
46	2450899790	0.9997875968081715	0.0091224244409992	-0.004063413983944304	0.018028624674510385	-0.4393670176898467	0.12089203622108503	-0.07945531132254242	-0.52294921875	0.220458984375	-0.4453125	0.5093466	-0.2852214	0.80995524	0.05645771	0.39818028	15.590908	13.144852	Triplo salto in lungo	4	Petto
47	2450916457	0.9997709180482447	-0.003473227292692449	0.008312676741582094	0.019415136428395405	-0.610803477971561	0.11461968120911367	-0.12291849776908349	-0.510498046875	0.21533203125	-0.443603515625	0.5004755	-0.27051005	0.81944406	0.06971508	2.3155513	17.630415	23.78083	Triplo salto in lungo	4	Petto
48	2450933124	0.999410367477996	-0.020308445150835963	0.023558172873862946	0.014542933813285863	-0.6685652909093505	0.04134502745109633	-0.07370112456596163	-0.537841796875	0.17431640625	-0.415283203125	0.47524223	-0.2685596	0.8329593	0.09055146	9.443984	15.2172575	26.436768	Triplo salto in lungo	4	Petto
49	2450949791	0.9996330600287427	-0.00931675178099467	0.02537588051736525	-0.0017343937822004998	-0.6722573710838641	-0.09816385140808741	-0.08461093942959694	-0.58203125	0.146484375	-0.392578125	0.45367083	-0.27459016	0.8426182	0.09368909	15.608228	7.371273	27.461834	Triplo salto in lungo	4	Petto
50	2450966458	0.9997848710052658	-0.0068567159695918645	0.0169905480773436	-0.00972205899631931	-0.7568021291709521	0.04488817999999872	-0.17535389173605948	-0.6279296875	0.140869140625	-0.37744140625	0.44163007	-0.28525573	0.8456107	0.092383966	10.713811	14.9112015	33.11329	Triplo salto in lungo	4	Petto
51	2450983125	0.9996820366896192	-0.024374305382256822	-0.0033634301107373647	-0.005514172206010027	-0.587462323278903	0.21311014627770514	-0.2279919344698924	-0.6337890625	0.104736328125	-0.365478515625	0.44164395	-0.29796416	0.83860886	0.113593645	-1.1009372	18.863922	25.34283	Triplo salto in lungo	4	Petto
52	2450999792	0.9993040580878909	-0.026508076454068163	-0.026131765655020126	-0.0024191311517565983	-0.5700711046909911	0.06472465427069748	-0.3457378290676495	-0.591796875	0.04541015625	-0.354248046875	0.4584875	-0.30614737	0.82152396	0.14546926	-1.6197501	7.110821	29.71009	Triplo salto in lungo	4	Petto
55	2451049793	0.9903716320332637	-0.03619554384005186	-0.13310892781903913	-0.011658747992742803	-0.8181158720884403	0.08451368458907119	-0.8968027959935747	-0.310546875	-0.023681640625	-0.439453125	0.5576979	-0.3046689	0.7412423	0.21612515	-13.334292	-4.014824	2.7635422	Triplo salto in lungo	4	Petto
56	2451066460	0.998971539286302	-0.0017621049708876901	-0.04237479568392186	-0.016035441146841134	0.2195392689106892	0.0548389705685744	-0.166713337814889	-0.23046875	-0.016357421875	-0.48291015625	0.590577	-0.30706722	0.7119656	0.22368191	-11.793003	-7.0094213	-19.620136	Triplo salto in lungo	4	Petto
57	2451083127	0.9971114371947769	-0.03426301582627128	-0.06712882384595475	-0.009410025021967085	0.7242647835525737	-0.011649722684268254	0.10372207051468738	-0.121337890625	-0.046630859375	-0.56005859375	0.6266273	-0.31735432	0.6606057	0.26499894	-0.28944927	-3.7974203	-53.551323	Triplo salto in lungo	4	Petto
58	2451099794	0.9992688277105818	-0.0013110394579707862	-0.03770636267367763	0.006190424491128943	0.5051775064273378	-0.025709341660396748	-0.15046964639612023	-0.042724609375	-0.05029296875	-0.6201171875	0.6478623	-0.30326855	0.6386915	0.28350645	-5.289671	-10.438402	-39.23401	Triplo salto in lungo	4	Petto
59	2451116461	0.9991070522061888	0.022011789162596218	-0.03571786478341429	0.0049813155927961325	0.006149963713182466	-0.0700978609949196	-0.21924733580022576	0.02490234375	-0.06591796875	-0.68798828125	0.67402536	-0.27526087	0.6235188	0.28486097	-5.4323635	-12.701293	-10.010081	Triplo salto in lungo	4	Petto
60	2451133128	0.9996931759970953	0.011800536772750836	-0.019171895644008594	-0.010331486540230084	-0.37970035268092295	-0.059658717391504176	-0.21306076674212013	0.05224609375	-0.0107421875	-0.730224609375	0.690505	-0.26848292	0.61187273	0.2770049	-7.4200597	-12.604711	12.125717	Triplo salto in lungo	4	Petto
61	2451149795	0.999797907313207	0.004734009080018087	0.017931668959714597	0.007758153032882132	-0.11601315140298285	-0.04808263199822801	-0.15100308919896824	0.0439453125	-0.012451171875	-0.720458984375	0.67677057	-0.2659268	0.62869066	0.27570415	-4.9051304	-8.812877	-3.719119	Triplo salto in lungo	4	Petto
62	2451166462	0.9998824305034815	-0.0030356289347810983	0.01214408536769253	0.00885614577584537	0.4512744370522912	0.0013134005400893198	-0.06920087597358676	0.025390625	-0.037109375	-0.695556640625	0.6641081	-0.26623762	0.6394683	0.28135133	-1.5260963	-1.9387456	-37.0939	Triplo salto in lungo	4	Petto
63	2451183129	0.999964892317909	0.005213413995908467	0.0014867563140571057	-0.00638936630681869	0.1761695109686165	0.027744927654420104	-0.05325800887588776	0.015380859375	-0.023681640625	-0.69140625	0.6650334	-0.26750806	0.6409661	0.274468	-3.2031803	-0.7995682	-20.481018	Triplo salto in lungo	4	Petto
64	2451199796	0.9999815402890138	0.0033439146097103967	-0.003160492200022042	-0.003968451253076988	-0.09561201914618374	0.006066881214299925	-0.03791276341372607	0.020751953125	-0.01220703125	-0.70263671875	0.6679246	-0.26695657	0.63930994	0.27183422	-2.0048969	-1.4674398	-4.1519747	Triplo salto in lungo	4	Petto
65	2451216463	0.9999221019346393	0.008875573721812524	0.007353808842888276	0.004789128232129792	-0.02494356455300843	-0.09053994276105401	-0.07484837538346624	0.01904296875	-0.00732421875	-0.693359375	0.66332984	-0.2598202	0.6482866	0.26872244	0.59767437	-7.047404	-8.435857	Triplo salto in lungo	4	Petto
66	2451233130	0.9996326299219007	0.013216861745307895	0.022121586081481324	0.008399713701613187	0.14720430707372645	-0.09442415891082684	-0.09307850600869443	-0.008056640625	7.32421875E-4	-0.66943359375	0.6492755	-0.2514858	0.66869617	0.26084816	0.024827372	-7.7999997	-18.781387	Triplo salto in lungo	4	Petto
67	2451249797	0.9996128857205236	0.018452219560672944	0.020815906205561344	-5.406880923645719E-4	0.11401938104927067	0.007744160341556783	0.00321756466841824	-0.03955078125	0.018798828125	-0.642822265625	0.6394066	-0.24535227	0.6867845	0.24349284	-0.38753682	0.4696443	-16.645042	Triplo salto in lungo	4	Petto
68	2451266464	0.9997789816443343	0.014322340318742077	0.014768096349651873	-0.004331484759208332	-0.022979676093089485	0.023058262394397493	-0.031158906062926775	-0.066162109375	0.048828125	-0.62890625	0.633431	-0.24261662	0.6984869	0.22807617	-2.2287533	-0.12017779	-8.287271	Triplo salto in lungo	4	Petto
69	2451283131	0.9998851809175933	0.005539730366947215	0.013876190180153736	-0.0025273929131219013	-0.04050919899556864	0.024258723698186116	0.027111023306927846	-0.089599609375	0.064208984375	-0.608642578125	0.6253284	-0.24376273	0.70782566	0.22028856	0.5415395	2.2756598	-7.532487	Triplo salto in lungo	4	Petto
70	2451299798	0.9998878720583967	0.0043731414289451265	0.014264824441030057	-0.0012781737910924629	-0.039979634517659776	0.05214638345444411	0.05901688816191229	-0.113525390625	0.073974609375	-0.59228515625	0.6164938	-0.24458864	0.7171238	0.21411513	1.0529984	4.806196	-7.842352	Triplo salto in lungo	4	Petto
71	2451316465	0.9999258812167461	0.00412618002137588	0.011436720854444195	-6.388485286428215E-4	-0.06635431226066879	0.04778109019839498	0.10209062559103452	-0.13427734375	0.081298828125	-0.58251953125	0.6096368	-0.24421449	0.72447234	0.20938545	3.4920137	6.3335266	-6.768612	Triplo salto in lungo	4	Petto
72	2451333132	0.9999266162658278	-0.003826903932744985	0.011417999329620428	0.0013214313338807404	-0.10182078295216973	0.02287847760415783	0.12669296877431685	-0.154541015625	0.075439453125	-0.565673828125	0.60075593	-0.24698867	0.7302463	0.2117298	5.9413095	6.254161	-5.0616555	Triplo salto in lungo	4	Petto
73	2451349799	0.9998942738907979	-0.008622487458049277	0.011562573253422248	0.0018440851903022695	-0.09677074838276972	-0.005809853378786423	0.11296924406239506	-0.17333984375	0.059814453125	-0.546142578125	0.5908659	-0.25207788	0.7347706	0.21782278	6.3566732	4.4393535	-5.3782573	Triplo salto in lungo	4	Petto
74	2451366466	0.9998317397181202	-0.00984362638256453	0.015477572896886034	2.0002274645739004E-4	-0.0805097076315123	-0.016596408966979864	0.06580527325548259	-0.19677734375	0.0439453125	-0.52587890625	0.57839733	-0.2598302	0.74050844	0.22269282	4.4564633	2.2007587	-5.913222	Triplo salto in lungo	4	Petto
75	2451383133	0.999764019991697	-0.008978971522632051	0.019755135434743363	-0.0010084762726520204	-0.06463369767254112	-0.019877419774623595	0.05979207438115178	-0.227783203125	0.027099609375	-0.500732421875	0.5631844	-0.26888433	0.7482873	0.22492427	4.1789355	1.8321756	-6.8943524	Triplo salto in lungo	4	Petto
76	2451399800	0.9997022666728157	-0.0026404487368515417	0.024175928359674918	-0.001982555837894223	-0.05267429956535398	-0.028208083172572847	0.05278560051194036	-0.272705078125	0.020751953125	-0.4765625	0.54641664	-0.27599663	0.75937134	0.22047701	4.089388	1.2124441	-7.6480103	Triplo salto in lungo	4	Petto
77	2451416467	0.9996321569506643	0.0026098765389069856	0.026779618400954552	-0.003404610537674519	-0.007957583276541958	-0.03217920408580436	0.08840799582217351	-0.322021484375	0.022705078125	-0.449951171875	0.52917534	-0.2817647	0.7722314	0.2103355	5.1564803	2.0078795	-11.0266905	Triplo salto in lungo	4	Petto
78	2451433134	0.9995586507712668	0.0037270422733652886	0.029267543760444385	-0.003467521657839784	0.05125661497182359	0.006016578635138367	0.0784667307315402	-0.3798828125	0.031982421875	-0.42724609375	0.5101166	-0.2872798	0.7860652	0.19837578	2.206033	2.5539176	-14.325155	Triplo salto in lungo	4	Petto
79	2451449801	0.9996388847583445	0.004368964983166079	0.02649447720094975	-0.0010270841822158374	0.08805601342969202	0.029951461069328875	0.020654382416136274	-0.439453125	0.04248046875	-0.40771484375	0.49248698	-0.2897578	0.7988641	0.18791823	-1.9681094	0.8003581	-15.120012	Triplo salto in lungo	4	Petto
80	2451466468	0.999720674037515	0.008353934028114685	0.022104374169780786	4.2700209960558344E-4	0.118513961488313	0.043448818671013925	-0.005713424482826877	-0.483642578125	0.05712890625	-0.396728515625	0.47854665	-0.2881745	0.81046563	0.17633569	-4.3772078	-0.17990446	-16.000084	Triplo salto in lungo	4	Petto
81	2451483135	0.9997529394263969	0.009195583576375566	0.019733937831764303	-0.004480295595295392	0.14869440558208136	0.06798539410477861	-0.053615459574405985	-0.52587890625	0.0732421875	-0.38623046875	0.46687824	-0.2897042	0.8195668	0.16250119	-8.111353	-1.3108968	-16.062635	Triplo salto in lungo	4	Petto
82	2451499802	0.9999685856889075	-0.003294247453473398	0.007191042265671022	5.142763602822564E-4	-0.005787437478356493	0.03416036719732872	-0.20591552517025818	-0.552001953125	0.0771484375	-0.381591796875	0.46020618	-0.29102382	0.8223568	0.16506012	-9.432936	-4.9270835	-3.2022438	Triplo salto in lungo	4	Petto
83	2451516469	0.9998904558513283	-0.0025632428597046064	0.014576918334135826	1.397688986048418E-4	-0.08856496959055499	-0.001618558227957343	-0.07300040252036141	-0.5732421875	0.072021484375	-0.3740234375	0.44692108	-0.29372427	0.8287693	0.16470988	-0.6546225	-0.70131546	-2.9930558	Triplo salto in lungo	4	Petto
84	2451533136	0.99986319338699	-0.00534613333673567	0.01549057109045854	0.0022484607196801565	0.023109723303857715	-0.005782426538225423	0.08645189590696642	-0.611083984375	0.072021484375	-0.360107421875	0.43173167	-0.29600254	0.8354846	0.16719936	2.9589193	2.0388913	-13.816896	Triplo salto in lungo	4	Petto
85	2451549803	0.9999708000533813	-0.006536387683481748	-8.126222474068578E-4	0.0038748318330805447	-0.13875934735163042	-0.06762465766409087	0.10407463213570177	-0.62060546875	0.063232421875	-0.344970703125	0.42988354	-0.29455686	0.83511853	0.17610611	10.245424	3.1378648	-6.6573544	Triplo salto in lungo	4	Petto
86	2451566470	0.9999825656985915	-0.0012930084812630138	-0.004750269657163243	0.003260577573654083	-0.1603529414756982	-0.009675224072923462	0.044414834414904014	-0.609375	0.059326171875	-0.347412109375	0.43386182	-0.2904918	0.83338577	0.1812361	6.4027343	4.285128	-3.4379258	Triplo salto in lungo	4	Petto
87	2451583137	0.9999675308808406	0.0011434064887176354	-0.007949566450608072	6.589377240980022E-4	-0.19121879769994582	0.0245656624920382	-0.12023521306859768	-0.59619140625	0.055419921875	-0.350830078125	0.4421225	-0.28681123	0.8296826	0.1841035	-0.20914912	0.86950773	3.7903976	Triplo salto in lungo	4	Petto
88	2451599804	0.9999085017859275	0.006551191371014786	-0.011555069887776938	0.0025593568979155046	0.03677268272455193	-8.694851919640589E-4	-0.43481413251741874	-0.56591796875	0.051513671875	-0.36181640625	0.45433983	-0.2784747	0.82585	0.18438876	-17.359951	-15.314171	2.416027	Triplo salto in lungo	4	Petto
89	2451616471	0.9999786430353081	0.0036502765560454953	-0.005208598919652863	-0.001503147239092978	-0.04797099310694808	0.01679758192985653	-0.8514178939799123	-0.552978515625	0.0634765625	-0.372314453125	0.45955262	-0.27649188	0.8238728	0.18329622	-32.42274	-26.83516	19.299477	Triplo salto in lungo	4	Petto
90	2451633138	0.9999327004331718	0.010121471405924953	0.005314079299071851	-0.0019776203394369085	-0.3990958054339757	-0.016036447253006125	-0.9215725044672447	-0.560302734375	0.075439453125	-0.372802734375	0.45532146	-0.27470788	0.8289133	0.17355372	-25.123339	-24.475094	39.192524	Triplo salto in lungo	4	Petto
91	2451649805	0.999886517460786	-0.0030389498373056267	0.013569845293799012	-0.005794504528410794	-0.49357478431412943	0.04490732869473396	-0.5866553357079687	-0.582275390625	0.08544921875	-0.369384765625	0.4395709	-0.28409424	0.83488804	0.17038192	-11.555221	-7.759382	34.112495	Triplo salto in lungo	4	Petto
92	2451666472	0.9999151259094123	-0.0011292526619983145	0.009775059862650483	-0.008538967775492401	-1.0427454697268992	-0.06173087888798421	-0.38196249342842703	-0.623046875	0.079345703125	-0.361328125	0.42772844	-0.29421198	0.83849096	0.16559246	16.625586	5.610782	54.57059	Triplo salto in lungo	4	Petto
93	2451683139	0.9998698560330957	0.0045492496272766525	-0.013558620731871696	-0.007465864185371541	-0.25407529291223097	0.08248966768636093	-0.3696940192806832	-0.601806640625	0.083251953125	-0.365966796875	0.4389765	-0.29656506	0.8323095	0.16312562	-9.717054	-2.457376	15.652159	Triplo salto in lungo	4	Petto
94	2451699806	0.9998444182739117	0.01652009616604133	-4.915744895134245E-5	-0.006182495670286753	0.21167685279869042	0.041250169227655814	-0.15702949378965386	-0.595458984375	0.108154296875	-0.372314453125	0.44199723	-0.29475486	0.8342567	0.14755985	-13.140885	-7.596955	-14.891015	Triplo salto in lungo	4	Petto
95	2451716473	0.9998288936295802	0.018190014142497546	-0.0018806888647274758	0.0027874465625994664	0.07914918958965082	0.05524305252388988	-0.17603189271832523	-0.596435546875	0.14697265625	-0.382080078125	0.44509524	-0.28459734	0.83822966	0.13515165	-10.976714	-4.4865675	-7.698224	Triplo salto in lungo	4	Petto
98	2451766474	0.9989365410659483	-0.03273347579362734	0.0010554757776211623	0.032452926779409835	-1.1112264907523577	0.24919639675978722	-0.4625084684639863	-0.5703125	0.087890625	-0.372314453125	0.41998598	-0.27206331	0.84661406	0.18121226	10.189501	9.886572	19.077147	Triplo salto in lungo	4	Petto
99	2451783141	0.9998556476718377	-0.009189733855234694	0.012959030703759424	-0.0060246272597523085	-0.7076150851444459	-0.07082670898179189	-0.11965778263751965	-0.591064453125	0.052734375	-0.35791015625	0.40609333	-0.28264663	0.84913	0.18487133	19.557577	5.9446235	28.321743	Triplo salto in lungo	4	Petto
100	2451799808	0.999873849041254	0.0018490411275598473	0.012061107946763296	-0.010168418039827293	-0.8444164902072289	0.02543231221366049	-0.15807805464211624	-0.62060546875	0.05859375	-0.360107421875	0.39848045	-0.29174367	0.8512828	0.17724809	19.379637	12.718516	36.250797	Triplo salto in lungo	4	Petto
101	2451816475	0.9999776076844007	-0.005801949975662746	-0.003322845778368999	2.831999222913107E-4	-0.6695322119887853	0.11900869706502773	-0.2015451782700765	-0.63037109375	0.045166015625	-0.35498046875	0.4014002	-0.2918437	0.8482837	0.18471628	8.986928	13.218953	29.626549	Triplo salto in lungo	4	Petto
102	2451833142	0.9999075240329288	-0.008213127385842789	-0.010059347773669238	0.0040370091961999255	-0.41384083138865413	0.06527064469571169	-0.24936940593137993	-0.606689453125	0.031005859375	-0.356689453125	0.4091436	-0.28820992	0.84281856	0.1979737	1.4133109	3.3158517	19.216724	Triplo salto in lungo	4	Petto
103	2451849809	0.9997476171697104	-0.009481916214761243	-0.020324156166775468	0.0013129754342876279	-0.4069200205592847	0.05111454036829174	-0.2609109405726714	-0.570556640625	0.00634765625	-0.3642578125	0.42527112	-0.28532988	0.8318156	0.21404272	1.1091437	1.229543	19.30449	Triplo salto in lungo	4	Petto
104	2451866476	0.9995082316533913	-0.010786502374988183	-0.029353357934745142	0.0023079431491429825	-0.5666688316940269	0.03299141387843214	-0.2557094918522526	-0.51611328125	-0.016845703125	-0.37451171875	0.44765452	-0.2801324	0.8163491	0.23389266	5.8045187	2.1559126	27.023434	Triplo salto in lungo	4	Petto
105	2451883143	0.9991683949642878	-0.011910157078713013	-0.03897161210854913	0.0013711719477151054	-0.43932162348072623	0.011057480178660265	-0.19818706042410214	-0.439208984375	-0.03955078125	-0.396484375	0.47713742	-0.27363658	0.79480916	0.25640166	4.013446	-0.55486196	18.826967	Triplo salto in lungo	4	Petto
106	2451899810	0.9987389721914463	-0.006874899345324703	-0.049594956008041015	-0.0036798809118941678	-0.24671027730556555	0.011021802146493953	-0.1588773952258511	-0.352783203125	-0.058349609375	-0.431884765625	0.51651204	-0.26554444	0.7663428	0.27462742	-0.5374852	-3.10374	7.5212917	Triplo salto in lungo	4	Petto
107	2451916477	0.9984252259040847	0.01793213091549889	-0.05261540079601502	-0.0075582113149521854	-0.03274470430242166	0.01370648890196461	-0.11345610153686878	-0.252197265625	-0.032958984375	-0.48876953125	0.5639549	-0.24612588	0.7399615	0.2717239	-4.3347135	-3.9078107	-5.7117305	Triplo salto in lungo	4	Petto
108	2451933144	0.9983745834601716	0.0027073304214722538	-0.05609187315488113	-0.009724362636928885	0.31016683302494386	0.06508636051448269	-0.45194594650060627	-0.158447265625	0.011474609375	-0.56396484375	0.60852224	-0.23524122	0.7047153	0.27881688	-26.140577	-16.634277	-21.51001	Triplo salto in lungo	4	Petto
109	2451949811	0.9948717195176209	-0.06704087614280857	-0.07573494975700168	-3.9193578037499685E-6	0.8037597220552579	-0.1689091431447626	0.209737657424996	-0.0419921875	-0.077392578125	-0.652587890625	0.6424415	-0.25307095	0.6363904	0.3438483	8.67786	1.4418566	-59.905193	Triplo salto in lungo	4	Petto
110	2451966478	0.9963351525129899	0.08169992820083632	-0.02525115322499	0.0019403246386900386	0.42977910955979	-0.027706741596070332	-0.06462445292866878	0.018798828125	-0.017333984375	-0.719970703125	0.6760412	-0.18914995	0.6461462	0.29947627	-2.4385495	-0.9435112	-35.81038	Triplo salto in lungo	4	Petto
111	2451983145	0.9988698693900868	0.029079345258545164	-0.03722551953860171	0.00525703329326438	-0.1957552575640923	0.019710928523305193	-0.7725128363157947	0.067138671875	0.043212890625	-0.791259765625	0.7031676	-0.1542014	0.62958515	0.2922325	-35.8368	-30.785862	-2.3546872	Triplo salto in lungo	4	Petto
112	2451999812	0.9984824741371758	-0.03779200152203388	-0.03985507600144569	-0.004010782814063418	-0.6297397635156607	-0.05409696469373105	-0.12197829277278542	0.1181640625	0.015380859375	-0.859619140625	0.72131985	-0.17135128	0.58975923	0.3201882	-5.096461	-14.929451	25.441166	Triplo salto in lungo	4	Petto
113	2452016479	0.9999019031398859	0.005764393494751052	0.011825278598748157	0.0048081858256524565	0.21820435299590638	-0.011637798165036687	-0.09297090271182616	0.11669921875	0.00244140625	-0.852783203125	0.71254873	-0.168248	0.60169965	0.31925622	-2.4152126	-0.6386351	-23.83964	Triplo salto in lungo	4	Petto
114	2452033146	0.9999846673559583	-6.618042381290046E-5	-0.004249270203245726	0.003550264199316755	0.28580612377359377	0.06573045273121128	-0.016052513268721414	0.112060546875	0.001220703125	-0.852783203125	0.7129683	-0.16475648	0.59980714	0.3236712	-2.1274297	6.606551	-26.010141	Triplo salto in lungo	4	Petto
115	2452049813	0.9998809843204086	0.0054097764756516065	-0.014332991727727952	-0.00182122515555766	0.032915855359774725	0.03903588575177415	-0.1035211149168751	0.125732421875	0.004638671875	-0.875244140625	0.72217965	-0.15702413	0.59128326	0.32277566	-6.060286	-1.6320262	-12.74066	Triplo salto in lungo	4	Petto
116	2452066480	0.9999309981731583	-0.00868464150113113	-0.007906052894672251	2.649944425613948E-4	-0.04067554693632959	-0.04576634218554971	-0.10191025670713702	0.140869140625	0.00146484375	-0.893310546875	0.7245781	-0.1602082	0.5830508	0.3307143	-3.0336194	-6.4448442	-9.428652	Triplo salto in lungo	4	Petto
117	2452083147	0.9999200247441226	0.004067738830944467	0.011612861297871091	0.0029221685428620363	0.057521106543789405	-0.0738483912843561	-0.038551818170480964	0.136474609375	-0.007080078125	-0.8798828125	0.7167113	-0.15908705	0.59346455	0.329873	1.5824136	-3.6596467	-14.39425	Triplo salto in lungo	4	Petto
118	2452099814	0.9993854028269606	0.02257559638157136	0.02675546637555207	0.0018177137939315857	0.10106752676004523	-0.048860097086330045	-0.0707271266441532	0.1103515625	0.0107421875	-0.845703125	0.70286536	-0.15028308	0.6200668	0.31450385	-0.76316375	-3.0623052	-17.121162	Triplo salto in lungo	4	Petto
119	2452116481	0.9991299805632715	0.02457371841930084	0.033684142829937376	8.904069283899308E-4	0.08109011752523543	0.012693945027087289	-0.0998421133345088	0.072998046875	0.03955078125	-0.7958984375	0.68439776	-0.14262617	0.65102535	0.2956751	-4.9805484	-1.7895387	-15.481075	Triplo salto in lungo	4	Petto
120	2452133148	0.9993703246926972	0.011901663046605282	0.0334261051253533	-6.040460253042834E-6	0.127502486083286	-0.002217427321371694	-0.05699478974356434	0.02734375	0.05419921875	-0.74365234375	0.66351867	-0.14390887	0.67698646	0.28411755	-2.8648057	-0.42238674	-17.676702	Triplo salto in lungo	4	Petto
121	2452149815	0.9994398816975908	0.0062019276928644285	0.03261780588446489	-0.004187804255410683	0.17272612579258045	-0.033472737362370476	0.022222600547903468	-0.01953125	0.06982421875	-0.69677734375	0.64281225	-0.15136686	0.6993521	0.27347264	1.4120972	1.0437574	-20.307274	Triplo salto in lungo	4	Petto
122	2452166482	0.9995053805435264	-0.0011752683120925256	0.03074655813092492	-0.00650093624308104	0.13417627370635363	-0.021388333439950676	0.12991969178701387	-0.067138671875	0.074462890625	-0.64697265625	0.6224272	-0.1644668	0.7172874	0.26652244	6.0478945	4.585811	-18.155834	Triplo salto in lungo	4	Petto
123	2452183149	0.9995891736768935	0.005031376120559206	0.027493968792759203	-0.006344352000117266	0.041706013149338556	0.024863025722526255	0.10477594381304631	-0.115966796875	0.08837890625	-0.611572265625	0.605101	-0.1724895	0.7340236	0.2555577	3.786279	5.1279893	-12.528123	Triplo salto in lungo	4	Petto
124	2452199816	0.999735618106241	-0.0014357811804582288	0.022414586447542826	-0.004921253551670751	-0.0377979788948518	0.05762800366587692	0.13976237797202098	-0.156005859375	0.099853515625	-0.586669921875	0.5898242	-0.18188094	0.74567556	0.250988	5.2389283	7.567994	-8.173899	Triplo salto in lungo	4	Petto
125	2452216483	0.9997536632868017	-0.009391817359175214	0.020076376671992524	-0.0011600047570333452	-0.09703565598936745	0.07520989406893372	0.12782855382169922	-0.193359375	0.08544921875	-0.552490234375	0.57383305	-0.19237024	0.7541224	0.254969	4.873552	8.014246	-4.8015265	Triplo salto in lungo	4	Petto
126	2452233150	0.9996346353865175	-0.002774321881644448	0.026869764817405137	-9.563537099032404E-4	-0.12861363635315953	0.07495267356629062	0.08991289382130696	-0.23974609375	0.07470703125	-0.5205078125	0.55378765	-0.20044197	0.76763934	0.25272954	3.581714	6.81847	-2.773612	Triplo salto in lungo	4	Petto
127	2452249817	0.9995248990875572	-0.004476932888648699	0.030485065507855905	-7.706859937507139E-4	-0.13632555184108347	0.023061803288479753	0.04899975515471723	-0.29443359375	0.072021484375	-0.48583984375	0.5302599	-0.21001829	0.782103	0.25106174	3.8895218	3.1072342	-2.5554295	Triplo salto in lungo	4	Petto
128	2452266484	0.9992643473292105	-0.005744486614265576	0.037915248949046416	-4.4601277705752507E-4	-0.09135747303660442	-0.007819429270786535	-8.187159828004602E-5	-0.356201171875	0.06201171875	-0.452880859375	0.50006634	-0.22165726	0.7993443	0.2486981	2.187039	-0.03678364	-4.7648	Triplo salto in lungo	4	Petto
129	2452283151	0.9991586719403684	-0.00814867194827501	0.0401419082166421	-0.002043192738177602	-0.08425300802079101	0.015437566058058868	-0.031000421517698728	-0.439697265625	0.047119140625	-0.4169921875	0.46722957	-0.23605727	0.8155954	0.24653196	0.18416215	0.09782396	-4.3505497	Triplo salto in lungo	4	Petto
130	2452299818	0.9994097597495325	-0.01018422931373697	0.03265790505473643	-0.003142423921560167	-0.1197210042882109	0.03778173523268204	-0.02575342449768373	-0.51220703125	0.02783203125	-0.39306640625	0.4396093	-0.25018334	0.826549	0.24691904	0.848539	1.8816907	-2.4057717	Triplo salto in lungo	4	Petto
131	2452316485	0.9996552668423049	-0.010903229273667214	0.023808944218593312	-0.0018976936111946288	-0.14074964794209155	0.04157449287673187	-0.0740925929880689	-0.56982421875	0.006591796875	-0.375244140625	0.4184198	-0.2612095	0.8330469	0.25045434	-0.1375615	0.7366947	0.023257256	Triplo salto in lungo	4	Petto
132	2452333152	0.9998553733958684	-0.01278721654769166	0.011197843054783553	5.724467587222143E-4	-0.12257520477417197	0.04955601786558373	-0.033825690449932944	-0.602294921875	-0.018798828125	-0.3671875	0.4063741	-0.2677186	0.83409226	0.25976396	0.7051378	2.5574505	-2.0666695	Triplo salto in lungo	4	Petto
133	2452349819	0.9999199555044219	-0.012039455636196184	0.003505901128941391	0.001686045459919808	0.030941140577509064	0.07774146429864996	-0.10768304933291922	-0.61474609375	-0.045654296875	-0.363037109375	0.40054289	-0.27094656	0.8323183	0.27092406	-7.527934	-1.2750626	-6.8727207	Triplo salto in lungo	4	Petto
134	2452366486	0.9999506779056366	-4.0367651995504295E-4	-0.0032017245711116753	-0.009392963381994121	0.059375723213902526	0.0859674409837957	-0.2557982276551668	-0.60791015625	-0.04736328125	-0.361328125	0.40609622	-0.27691397	0.82802296	0.26978225	-13.32416	-7.4427185	-3.3384104	Triplo salto in lungo	4	Petto
135	2452383153	0.9998982605109925	-0.004418665281404555	-0.013325984590738528	-0.0025223320379438867	-0.36087053923238765	-9.283439706159954E-4	0.004513637066411794	-0.588623046875	-0.0546875	-0.36181640625	0.41654631	-0.27612022	0.8205154	0.27749124	11.385914	5.3256307	7.819271	Triplo salto in lungo	4	Petto
136	2452399820	0.9998570041442104	-0.011914915507809487	-0.010194536715769977	0.00633067716418273	-0.3343580261902903	-0.17492480873982819	-0.02138623486004516	-0.5615234375	-0.077880859375	-0.3671875	0.4202222	-0.27193618	0.81425864	0.2940189	16.540564	-3.7146504	5.2484274	Triplo salto in lungo	4	Petto
137	2452416487	0.9997854990635594	-0.014835054809019255	-0.01425197181768656	0.002399647963947108	0.01886481951829714	-0.01414660439047254	-0.008158110516449827	-0.5390625	-0.10205078125	-0.37109375	0.42783234	-0.27095863	0.8038891	0.3119351	-0.23491184	-1.1439592	-10.749027	Triplo salto in lungo	4	Petto
138	2452433154	0.9995381084197144	-0.01490007870013682	-0.026350880368687716	0.0026811518540016954	-0.03946330500842475	-0.031196564882393366	0.0015894655950797801	-0.49267578125	-0.13720703125	-0.387939453125	0.44464058	-0.26583728	0.7878336	0.33308226	2.5155659	-0.7652167	-8.3283615	Triplo salto in lungo	4	Petto
139	2452449821	0.9992758786669913	-0.006906582712975173	-0.03741288686314546	5.415958888444207E-4	-0.10432864901619171	-0.038216667819379574	-0.08146348323354519	-0.42529296875	-0.156494140625	-0.41162109375	0.4724281	-0.25484946	0.7679375	0.34947926	1.9723548	-4.413426	-3.1080222	Triplo salto in lungo	4	Petto
140	2452466488	0.9992948694138848	8.055436299951868E-4	-0.03750278970321811	0.0016296708327841192	0.11122226080038151	-0.19047366683094885	-0.6216476865707069	-0.340576171875	-0.1591796875	-0.4423828125	0.5011145	-0.23902091	0.74982405	0.3598852	-15.022683	-36.551834	-7.69067	Triplo salto in lungo	4	Petto
141	2452483155	0.9997898154091671	0.007262465808903329	-0.019085328554899278	-0.0018253296769649987	0.30855497669119736	0.15954758486089582	-0.7289273367447817	-0.299560546875	-0.146484375	-0.46435546875	0.517684	-0.22929399	0.742212	0.35853732	-39.336357	-28.0344	-13.536203	Triplo salto in lungo	4	Petto
142	2452499822	0.999244674342726	0.03856989320490617	-0.004264132176543146	0.002064294708244846	-0.25235763600292715	0.09638348859639989	-0.7396450809441557	-0.2685546875	-0.102783203125	-0.474853515625	0.5275193	-0.2057103	0.75433165	0.33225077	-25.419003	-30.868767	15.348217	Triplo salto in lungo	4	Petto
143	2452516489	0.9976164257399056	0.04868637523924113	0.04874171347482054	-0.003917821784809179	-1.1263737098949844	0.3278990136206588	-0.3771120511392583	-0.3447265625	-0.003173828125	-0.4453125	0.49928766	-0.1985597	0.7944995	0.2829431	-3.4097009	-5.0271535	63.871113	Triplo salto in lungo	4	Petto
144	2452533156	0.9998828331205512	0.0045049254642582914	-0.014594756637489022	0.0010093344708537177	-0.5058791036826542	0.2153092905636276	-0.13006342636172602	-0.353271484375	0.030517578125	-0.450439453125	0.5101638	-0.19115275	0.7893392	0.2830855	-0.1136769	5.8910065	23.568695	Triplo salto in lungo	4	Petto
145	2452549823	0.9992635105575768	-0.012750876494956431	-0.036167666331083176	0.001323453407345271	-0.26420669549499254	0.15093284313785282	-0.21130930331869793	-0.2939453125	0.0029296875	-0.481689453125	0.53454256	-0.18585464	0.7674889	0.301137	-7.6895814	-0.9395819	11.020235	Triplo salto in lungo	4	Petto
146	2452566490	0.9998253194048238	0.004006665265079312	-0.0182267867409629	-0.0010303182009232248	-0.05772157264987913	-0.08814103050576194	-0.26518039622299944	-0.2421875	0.003173828125	-0.5048828125	0.5485159	-0.17855774	0.7591225	0.30163002	-6.795797	-14.596452	-3.9928546	Triplo salto in lungo	4	Petto
147	2452583157	0.9998231880147168	0.018263328595034156	0.0044118886136474975	-7.607730140596071E-4	-0.1260444653137664	-0.07966182836215417	-0.30923004900259	-0.2421875	0.031982421875	-0.5107421875	0.5475939	-0.1701011	0.76730394	0.28714365	-8.013946	-16.165333	0.123306274	Triplo salto in lungo	4	Petto
148	2452599824	0.999508046553151	0.027405500712799125	0.01444243334408671	-0.004900971871630133	-0.4949617347641075	0.1967332126291112	-0.35354139471647705	-0.2666015625	0.07861328125	-0.5107421875	0.5413354	-0.16273026	0.7824263	0.26131195	-12.279006	-5.6106873	26.08892	Triplo salto in lungo	4	Petto
149	2452616491	0.9998543610543388	0.016036512936120795	0.002419065973236434	-0.005313666651831029	-0.6058165854232223	0.200365718549403	-0.34398290829350886	-0.27880859375	0.1220703125	-0.518310546875	0.5423116	-0.15861899	0.78753084	0.2460355	-8.942043	-3.2474608	32.627766	Triplo salto in lungo	4	Petto
150	2452633158	0.9999731433307516	-0.003745887049515284	0.005795963533642285	-0.0024673374607012133	-0.3697688123658506	0.07765824801688104	-0.2707554839960583	-0.291259765625	0.12646484375	-0.513671875	0.5366953	-0.16374694	0.7898971	0.2474023	-6.9122806	-5.544091	16.631706	Triplo salto in lungo	4	Petto
151	2452649825	0.9999341250375015	-0.008747601597398347	0.007162282727437159	0.001981604882857147	-0.37871225967071304	0.008368285078543064	-0.2394243616238623	-0.301513671875	0.1083984375	-0.502685546875	0.5280397	-0.16831382	0.79238296	0.25489992	-2.7845898	-7.8224583	15.759834	Triplo salto in lungo	4	Petto
152	2452666492	0.9999627586420646	-0.004994599982781456	0.0057853066820513785	0.004008182450766701	-0.25732945723842415	-0.014041918675230698	-0.16230900197126621	-0.313232421875	0.095947265625	-0.49560546875	0.52062917	-0.16889437	0.7952895	0.26064265	-0.8580014	-6.3468723	7.3016644	Triplo salto in lungo	4	Petto
153	2452683159	0.9999873633448986	-0.0013846061392023268	0.00417601779485241	0.002432466183569543	-0.18728478478106583	-0.02368165107861532	-0.0906066500258575	-0.322265625	0.087890625	-0.484130859375	0.51562524	-0.16839579	0.7979048	0.26290992	1.2778302	-4.359502	1.9008207	Triplo salto in lungo	4	Petto
154	2452699826	0.999997638001655	0.0010399261930253978	0.0018710175548860843	-3.766137722273355E-4	-0.12996613254352415	-0.005294047259997674	-0.035697458428172395	-0.3271484375	0.090087890625	-0.484619140625	0.5137789	-0.16824527	0.79937506	0.2621534	1.8242929	-1.5266172	-2.077396	Triplo salto in lungo	4	Petto
155	2452716493	0.9999962981450966	0.0022915989589159524	-6.485491970801006E-4	-0.0013159233464329902	-0.0990406989840239	-3.3516301868742604E-5	-0.03938552993773544	-0.32763671875	0.093017578125	-0.4853515625	0.51457745	-0.16749677	0.7996023	0.26036733	0.7478712	-1.3897761	-3.615735	Triplo salto in lungo	4	Petto
156	2452733160	0.9999990837485967	0.001181100397742274	-6.590015840725051E-4	5.675147440362127E-5	-0.039746160114392685	0.03668547201461606	-0.012895309528864135	-0.328369140625	0.096923828125	-0.4853515625	0.5149671	-0.16617855	0.79967654	0.26021367	-0.7565214	1.3283011	-6.8476048	Triplo salto in lungo	4	Petto
157	2452749827	0.9999858007630414	-0.0024702405449840703	-0.00298181948922277	0.003661275253597191	-0.039753994843682	0.0453578835611028	-0.00631753331683638	-0.3232421875	0.093994140625	-0.487060546875	0.515741	-0.16318086	0.79811895	0.26531056	-0.7400649	1.9788693	-6.850194	Triplo salto in lungo	4	Petto
158	2452766494	0.9999540610229957	-0.005625767895207967	-0.005478969398873796	0.005496132597976849	-0.03267634086755786	-0.007040304120000294	-0.006239236701779768	-0.313720703125	0.0791015625	-0.490966796875	0.5175385	-0.15959892	0.7946149	0.2743524	0.7648882	-0.58556485	-8.01441	Triplo salto in lungo	4	Petto
159	2452783161	0.9999450822701079	-0.006945631074161518	-0.006133373509353974	0.004896159944655671	-0.008262018926416256	-0.013964059929665578	-0.015974439353527103	-0.29833984375	0.062255859375	-0.4951171875	0.51983696	-0.15693876	0.7901623	0.28422442	-0.04825199	-1.2589105	-9.286333	Triplo salto in lungo	4	Petto
