2	 3139976581	 0.9999972237518392	 0.0010779244087634199	 0.0020951260715857405	 -3.1848504743803296E-5	 0.08250900135009295	 0.1395439543232964	 0.02334924615374924	 -1.069580078125	 -0.987548828125	 -1.99951171875	 0.49170685	 0.63978636	 -0.36882174	 0.4613767	 -5.96312	 -3.4888022	 -2.823841	Scatto 10m	4	Braccio
3	 3139993248	 0.9999953375012551	 0.0012150838231464733	 0.002789223668827168	 -2.6225632268012117E-4	 0.08656401314378931	 0.1483552971443789	 0.019115815752051478	 -1.064453125	 -0.990234375	 -1.998291015625	 0.49737862	 0.642398	 -0.35860762	 0.45971727	 -6.2715797	 -3.3360574	 -2.2604542	Scatto 10m	4	Braccio
4	 3140009915	 0.9999935044780858	 0.001013771256318824	 0.003253295254189659	 -0.0011744528367184648	 0.07963504502986146	 0.17808330714201986	 0.004558560750154844	 -1.059326171875	 -0.9931640625	 -1.998779296875	 0.5035759	 0.64529145	 -0.3474389	 0.45748964	 -8.068054	 -2.8936565	 -1.8366618	Scatto 10m	4	Braccio
5	 3140026582	 0.9999776445016821	 -0.004410959369386014	 -0.0013762202714749927	 -0.00483321343139076	 0.021657570958888095	 0.21761423177872352	 -0.04099768236083345	 -1.05517578125	 -0.990234375	 -2.00244140625	 0.5132913	 0.6501809	 -0.3373779	 0.4471835	 -11.887948	 -0.90257436	 -3.8069892	Scatto 10m	4	Braccio
6	 3140043249	 0.9995916173539037	 -0.023164888383242876	 -0.011932015176119361	 -0.011730877027556041	 -0.069164786984858	 0.30679679642723345	 -0.21861933050448326	 -1.050537109375	 -0.97119140625	 -2.031982421875	 0.5339328	 0.6554598	 -0.3338362	 0.41694328	 -21.092098	 7.94956	 -5.337494	Scatto 10m	4	Braccio
7	 3140059916	 0.9989983280139549	 -0.03699708948957947	 -0.01784203222941339	 -0.017754376377303597	 -0.1057708351250509	 0.34085552881509945	 -0.19556584594856707	 -1.04833984375	 -0.9248046875	 -2.075927734375	 0.5594856	 0.6666483	 -0.3290396	 0.36645463	 -22.888374	 6.7446704	 -4.633888	Scatto 10m	4	Braccio
8	 3140076583	 0.998693630343295	 -0.03749923184984415	 -0.023346239350564905	 -0.02568644449097296	 -0.0901037738526732	 0.087884076719187	 -0.15611045782704205	 -1.0517578125	 -0.873779296875	 -2.118896484375	 0.5859571	 0.68127584	 -0.31606802	 0.30433327	 -8.589994	 8.419446	 -10.104388	Scatto 10m	4	Braccio
10	 3140109917	 0.996303419378923	 -0.0036815387752317796	 -0.0560214793059381	 -0.06501950986040067	 -0.008557190084610658	 -0.23632384163193526	 -0.04280077876433799	 -1.060791015625	 -0.87158203125	 -2.1201171875	 0.57910806	 0.73578244	 -0.285296	 0.20460764	 8.108099	 -0.12989835	 -13.383256	Scatto 10m	4	Braccio
11	 3140126584	 0.9990130456019541	 0.030228532476319167	 -0.01647462343356038	 -0.028067014877937117	 0.2684110506422133	 -0.0766398348058096	 0.19863762347891428	 -1.056884765625	 -0.923095703125	 -2.066162109375	 0.5534448	 0.7658673	 -0.26997796	 0.18508951	 14.764201	 -13.767873	 -5.941983	Scatto 10m	4	Braccio
12	 3140143251	 0.9992172300408664	 0.02987158001425773	 0.0075345756026365404	 -0.024816246037588585	 0.3468683858395057	 -0.2082337419717882	 0.4565660508384288	 -1.023193359375	 -0.97705078125	 -2.02783203125	 0.5409959	 0.77947956	 -0.24925321	 0.19392784	 23.551916	 -27.59224	 -14.669241	Scatto 10m	4	Braccio
13	 3140159918	 0.9990865038461945	 0.01872010594750119	 0.02570659998503333	 -0.028546211358288057	 0.22260638926418086	 -0.21437608215261506	 0.22314927339443408	 -0.947998046875	 -1.014892578125	 -2.001220703125	 0.5533745	 0.77134943	 -0.22372864	 0.22077689	 18.886152	 -11.87384	 -14.854063	Scatto 10m	4	Braccio
14	 3140176585	 0.9987905709897662	 0.014590379465028044	 0.027681997076264956	 -0.03792391286342828	 0.014829427270703022	 0.18761159309066272	 0.04903567260855374	 -0.853759765625	 -1.0400390625	 -1.983642578125	 0.5698105	 0.7616754	 -0.1918243	 0.24159929	 -6.1831365	 -5.666039	 -1.7001505	Scatto 10m	4	Braccio
15	 3140193252	 0.9988917440005972	 0.00955757303895205	 0.02273721602544564	 -0.040086850368452505	 0.1872954752909955	 0.4891444722920735	 0.09775218462168267	 -0.75537109375	 -1.0517578125	 -1.959228515625	 0.58734155	 0.7565813	 -0.1512833	 0.24439363	 -7.430963	 -13.001285	 18.432266	Scatto 10m	4	Braccio
16	 3140209919	 0.9988805315533829	 -0.0021612328999375263	 0.021254270277296514	 -0.04220507968198994	 0.3645052335279232	 0.32758078474374025	 0.1693510525450819	 -0.658447265625	 -1.0390625	 -1.947021484375	 0.61494267	 0.7450418	 -0.105766244	 0.23573655	 9.878968	 -12.857873	 16.737467	Scatto 10m	4	Braccio
17	 3140226586	 0.9981954326995621	 -0.033683188158119104	 0.012949043882697804	 -0.04799628356198505	 0.2674428829410039	 0.6471326249522197	 0.14528066471660264	 -0.563720703125	 -0.982177734375	 -1.97314453125	 0.66481113	 0.71187556	 -0.07284488	 0.21436666	 -2.240831	 -13.419159	 30.880413	Scatto 10m	4	Braccio
18	 3140243253	 0.9971215017962181	 -0.0710341782683766	 0.020124998347548193	 -0.01725805941877956	 0.1971068959943558	 0.19303221822803357	 0.22225666235846803	 -0.49560546875	 -0.873779296875	 -2.052490234375	 0.73128855	 0.64555115	 -0.062180113	 0.21122214	 8.707103	 -11.596456	 5.727874	Scatto 10m	4	Braccio
19	 3140259920	 0.998215588786104	 -0.05740432994823286	 0.01604329417215968	 0.003604707992547585	 -0.04271193524706606	 -0.21571255410499968	 0.3104153267718955	 -0.456787109375	 -0.770263671875	 -2.121337890625	 0.7786172	 0.5833311	 -0.06793304	 0.22105482	 6.079573	 -20.058294	 -18.849567	Scatto 10m	4	Braccio
20	 3140276587	 0.999583194143637	 -0.021174942920046458	 4.507281266853403E-4	 0.01961776292273256	 -0.18591447340750344	 -0.27113505070284033	 0.16570960332415482	 -0.46240234375	 -0.734375	 -2.148681640625	 0.79297715	 0.5556536	 -0.0850606	 0.23494938	 -1.5155438	 -16.22945	 -24.720783	Scatto 10m	4	Braccio
21	 3140293254	 0.9990795033268685	 7.151584585618487E-5	 -0.009117582180015238	 0.04191671042451146	 -0.15678978323905438	 -0.32473032146260655	 0.047627080915777525	 -0.510498046875	 -0.7490234375	 -2.15673828125	 0.78439987	 0.55043674	 -0.11474752	 0.26185757	 1.239584	 -10.733029	 -28.773653	Scatto 10m	4	Braccio
22	 3140309921	 0.9980530713629321	 0.019279728996082657	 -0.018373120095906862	 0.05639846851463959	 -0.07858868843865419	 -0.30445339578548797	 -0.004531664385391515	 -0.5966796875	 -0.80517578125	 -2.157470703125	 0.7569025	 0.5615428	 -0.15423012	 0.29661626	 5.845878	 -5.869178	 -26.764975	Scatto 10m	4	Braccio
23	 3140326588	 0.997067261421799	 0.028296041642923264	 -0.027721853071274786	 0.06548060087132872	 0.04737767320505708	 -0.13175882580717693	 -0.09570314362205068	 -0.72021484375	 -0.875244140625	 -2.131591796875	 0.71596587	 0.5789427	 -0.20288737	 0.3332491	 6.565423	 4.640629	 -16.049335	Scatto 10m	4	Braccio
24	 3140343255	 0.995890405581211	 0.0338280318331312	 -0.035148702112701664	 0.07630552452726047	 0.1932722197530187	 0.026421016659097935	 -0.19512025434786057	 -0.874755859375	 -0.937255859375	 -2.079345703125	 0.66090924	 0.5974457	 -0.26024273	 0.37219805	 5.814767	 14.267746	 -3.7575226	Scatto 10m	4	Braccio
25	 3140359922	 0.9947041560570031	 0.026491725034700347	 -0.02884760712657275	 0.09502444943635265	 0.45288541965365303	 0.12747299432261253	 -0.27877930399940215	 -1.054443359375	 -0.965576171875	 -2.02490234375	 0.5978745	 0.59911704	 -0.3252903	 0.42165273	 8.098024	 21.379093	 13.724455	Scatto 10m	4	Braccio
26	 3140376589	 0.9934615145842024	 -0.023303065648818233	 -0.008541026183268187	 0.11143714391156229	 0.6619569824983942	 0.2170357613737084	 -0.2736997142091754	 -1.23046875	 -0.894775390625	 -2.022705078125	 0.55664176	 0.5505374	 -0.4058859	 0.47150338	 3.5512922	 19.668161	 30.401787	Scatto 10m	4	Braccio
27	 3140393256	 0.9901675564294171	 -0.08773664168270964	 -0.012655339955265134	 0.10821429790676214	 0.6215312429830946	 -0.026876894000576523	 -0.021199432243654476	 -1.36572265625	 -0.68408203125	 -2.102783203125	 0.54188675	 0.46073392	 -0.51089185	 0.48277614	 9.851332	 4.0689826	 25.981934	Scatto 10m	4	Braccio
28	 3140409923	 0.9919021982131918	 -0.09843311214710934	 -0.034502003535083266	 0.0724607712140681	 0.69157040387294	 -0.3789771009769487	 0.2091638518806635	 -1.46630859375	 -0.41943359375	 -2.133544921875	 0.5292433	 0.38480836	 -0.6072026	 0.45069858	 21.62752	 -12.89527	 32.164963	Scatto 10m	4	Braccio
29	 3140426590	 0.9969809287179494	 -0.019969462934678883	 -0.04559897240562488	 0.05959011695194553	 0.4799780460936199	 -0.6855200806322307	 0.3087304430681213	 -1.5498046875	 -0.265625	 -2.071533203125	 0.47979623	 0.35711187	 -0.6622127	 0.4513769	 29.029774	 -29.648838	 23.986523	Scatto 10m	4	Braccio
30	 3140443257	 0.9958716509176517	 0.05115940357995746	 -0.039736769794788636	 0.06358741581610189	 0.7412385428945567	 -0.5393802105276126	 0.10959529048203692	 -1.620361328125	 -0.225341796875	 -2.002685546875	 0.40380305	 0.35367107	 -0.6783104	 0.5017519	 14.203765	 -18.642752	 40.37788	Scatto 10m	4	Braccio
31	 3140459924	 0.9934580496864784	 0.09432435306904602	 -0.013657423099500745	 0.06290862202850865	 0.8556227758163442	 -0.28772677758593884	 0.18970471681124518	 -1.652587890625	 -0.23828125	 -1.965576171875	 0.3268839	 0.35167536	 -0.653527	 0.58512723	 -9.010759	 -18.76969	 41.465927	Scatto 10m	4	Braccio
32	 3140476591	 0.9933483065329637	 0.10324379225857389	 0.01545215830709887	 0.04859106987723219	 0.6240603648057569	 -0.14364830784268257	 0.09186042285930246	 -1.645263671875	 -0.290283203125	 -1.97705078125	 0.2712867	 0.34207395	 -0.5986686	 0.6715542	 -13.068619	 -8.73582	 25.677593	Scatto 10m	4	Braccio
33	 3140493258	 0.9979220276675796	 0.0610113764697926	 0.017264120232145852	 0.011453767489243151	 0.6538306876069564	 0.5757151922347367	 -0.5441056517977951	 -1.628173828125	 -0.37060546875	 -1.99169921875	 0.25409997	 0.34069598	 -0.5533353	 0.71636534	 -55.39279	 25.871721	 -2.0538511	Scatto 10m	4	Braccio
34	 3140509925	 0.999460532675547	 -0.026027159957469903	 0.019548833076622616	 0.004367344021543346	 0.18760977735381168	 0.8157678094911774	 -0.6001856435375804	 -1.591796875	 -0.35205078125	 -2.030517578125	 0.2724682	 0.3232617	 -0.56646097	 0.7073791	 -51.238895	 21.884817	 -36.54631	Scatto 10m	4	Braccio
35	 3140526592	 0.9976611924337743	 -0.052617009990974795	 -0.026763899928473615	 -0.03445706069658112	 0.142499039494522	 0.7176943929738379	 -0.41496924550339515	 -1.61083984375	 -0.30810546875	 -2.0078125	 0.30037272	 0.35420835	 -0.59662473	 0.65448576	 -41.9459	 15.399595	 -33.277725	Scatto 10m	4	Braccio
36	 3140543259	 0.9964871937574635	 -0.02858881587066059	 -0.040349244015637394	 -0.06758617308189177	 0.4265074651037292	 0.31109335252052167	 -0.08171280723012601	 -1.651611328125	 -0.34716796875	 -1.959716796875	 0.33181298	 0.4186836	 -0.5990038	 0.5964888	 -30.158499	 1.9222834	 0.86559486	Scatto 10m	4	Braccio
37	 3140559926	 0.9936462253061444	 0.032518534890658424	 -0.03444800216556734	 -0.1020933835770816	 0.5843063953913994	 0.024446727203715164	 0.18911211959144078	 -1.66748046875	 -0.516845703125	 -1.896484375	 0.3581081	 0.5148179	 -0.5414037	 0.560003	 -14.774756	 -15.211051	 20.357729	Scatto 10m	4	Braccio
38	 3140576593	 0.9903382742074777	 0.08890798857509868	 -0.03798157869746941	 -0.09941263444317747	 0.44176343603320106	 -0.05468614364502021	 0.2805157498208031	 -1.6279296875	 -0.77001953125	 -1.763671875	 0.3456976	 0.620906	 -0.44541618	 0.5445857	 0.94458455	 -20.026255	 14.572762	Scatto 10m	4	Braccio
39	 3140593260	 0.9923050167034118	 0.08744192144281138	 -0.040352903100675415	 -0.0778222809417606	 0.2827399378029162	 -0.13033746415300473	 0.1557171247774949	 -1.56005859375	 -0.970703125	 -1.579833984375	 0.31509876	 0.7050341	 -0.35691577	 0.52559596	 10.974167	 -8.626644	 5.7237453	Scatto 10m	4	Braccio
40	 3140609927	 0.9978302345713699	 0.0327366239669562	 -0.021873964873631167	 -0.052769935448115646	 0.06213003538083131	 -0.04960771029071377	 0.15255773118340255	 -1.47998046875	 -1.07568359375	 -1.466796875	 0.31280762	 0.7449064	 -0.30642492	 0.5033584	 7.9309506	 -6.5093975	 -8.686274	Scatto 10m	4	Braccio
41	 3140626594	 0.9983584478212533	 -0.035499846207906305	 -0.0033837403611921	 -0.04481875594347851	 -0.2679429008565122	 0.04464211680036344	 0.02724128423662657	 -1.408447265625	 -1.117431640625	 -1.49755859375	 0.36155084	 0.7481848	 -0.28984696	 0.47485718	 -6.060248	 -0.68343836	 -25.01487	Scatto 10m	4	Braccio
42	 3140643261	 0.9971524619321226	 -0.006497344965397611	 -0.031361275421288144	 -0.06827314680793367	 -0.030650937966981706	 0.49573517751095775	 0.22417781270435103	 -1.310302734375	 -1.166259765625	 -1.518798828125	 0.38962743	 0.7789295	 -0.25073436	 0.42260137	 -17.070425	 -27.78098	 -7.4050922	Scatto 10m	4	Braccio
43	 3140659928	 0.9933783260278167	 0.008277675760606257	 -0.026233185409999003	 -0.11154730586356455	 0.46162890751733504	 1.1389397492647413	 -0.20431852348366436	 -1.127197265625	 -1.240478515625	 -1.472900390625	 0.42344773	 0.8161362	 -0.166188	 0.35636422	 -40.382202	 -30.388378	 45.259663	Scatto 10m	4	Braccio
44	 3140676595	 0.9896522248022809	 -0.1100156045421729	 0.024727054382153616	 -0.08873338426262117	 0.553247130738064	 1.243179346460109	 -0.03638529291138615	 -0.923583984375	 -1.2373046875	 -1.618408203125	 0.5476686	 0.7668564	 -0.11597275	 0.3139123	 -20.209105	 -40.462955	 58.191097	Scatto 10m	4	Braccio
45	 3140693262	 0.9833925235634733	 -0.16193717613834968	 0.05102527375611031	 -0.06412423116041811	 0.7645631363492335	 0.1233103464960596	 -0.3526796672136733	 -0.731689453125	 -1.073974609375	 -1.923828125	 0.6924162	 0.65502006	 -0.082381	 0.29107043	 24.499037	 24.587105	 27.632706	Scatto 10m	4	Braccio
46	 3140709929	 0.9930439050189086	 -0.10439570229667633	 0.03958224248877664	 -0.037397675413589515	 0.4895790966799509	 -1.013637220629902	 -0.2671989493763381	 -0.59716796875	 -0.873291015625	 -2.09765625	 0.7711838	 0.5692795	 -0.058538355	 0.2788727	 50.72598	 25.53176	 -49.7326	Scatto 10m	4	Braccio
49	 3140759930	 0.9977833240640087	 -0.0657457288442051	 -0.00724178088334082	 0.0073139570794009965	 -0.9639980030026439	 -1.7377178145993475	 -0.06802507578596673	 -0.56298828125	 -0.70458984375	 -2.203857421875	 0.8047446	 0.5182558	 -0.092773765	 0.2742089	 -7.5734577	 -18.07934	 -59.68975	Scatto 10m	4	Braccio
50	 3140776597	 0.9967177883134231	 0.051595730885734103	 -0.024386296616153772	 0.05741811170104978	 -0.26062813354164194	 -0.7713870410642427	 -0.17994323623687491	 -0.65234375	 -0.8046875	 -2.17138671875	 0.75849867	 0.55855435	 -0.12738954	 0.31059402	 10.454393	 -10.479365	 -57.604984	Scatto 10m	4	Braccio
51	 3140793264	 0.9941151553249816	 0.0632104090792896	 -0.040932582984121176	 0.07787185491218467	 0.12267454936064798	 -0.41460584350264745	 -0.35624759001046247	 -0.8076171875	 -0.92724609375	 -2.094482421875	 0.69045323	 0.60518193	 -0.18139367	 0.35231474	 17.733475	 17.579403	 -32.31408	Scatto 10m	4	Braccio
52	 3140809931	 0.9940786043169061	 0.03536863089523368	 -0.028916287093865126	 0.098593289470704	 0.6820002716250927	 -0.11013889400983115	 -0.45229129152905345	 -0.998046875	 -0.99072265625	 -2.015625	 0.6249768	 0.61840606	 -0.24807341	 0.40674046	 27.93097	 36.927002	 7.81592	Scatto 10m	4	Braccio
53	 3140826598	 0.9920198900996117	 -0.0523522604098004	 0.003573641188819754	 0.11464295689396888	 0.7290850160944669	 0.06853330169918553	 -0.24470142947187054	 -1.1708984375	 -0.90576171875	 -2.044677734375	 0.605263	 0.55172193	 -0.33791554	 0.46375948	 17.545847	 22.588953	 26.627407	Scatto 10m	4	Braccio
54	 3140843265	 0.9845488760874145	 -0.1392131501497711	 -0.005508258888594742	 0.10607953857555436	 0.7995262329287809	 -0.40427259093612344	 0.15885194672572367	 -1.287109375	 -0.623046875	 -2.17236328125	 0.6201111	 0.4269282	 -0.4611876	 0.46957523	 39.84815	 0.44648546	 27.500954	Scatto 10m	4	Braccio
55	 3140859932	 0.9938817317512881	 -0.07716186964951283	 -0.030282810944171294	 0.07299383894940563	 0.7916537278425553	 -0.8711067935736845	 0.63305306249477	 -1.36865234375	 -0.341064453125	 -2.201904296875	 0.5992561	 0.35714433	 -0.5471027	 0.4626219	 50.481762	 -37.976837	 39.58119	Scatto 10m	4	Braccio
56	 3140876599	 0.9950946052524816	 0.045965782388543014	 -0.03409743616801104	 0.08069224432115576	 0.6381782131483784	 -0.6641859333713691	 0.6035713063680452	 -1.44775390625	 -0.2822265625	 -2.15576171875	 0.52249897	 0.35221332	 -0.5744972	 0.52239245	 24.332779	 -40.171566	 36.661087	Scatto 10m	4	Braccio
57	 3140893266	 0.9887037902594132	 0.13220206021192896	 -0.014925722688245215	 0.06902646742102114	 0.8905796076522045	 -0.6201327125828443	 0.20202855614602247	 -1.5078125	 -0.388427734375	 -2.103515625	 0.4252601	 0.3823592	 -0.5314024	 0.62495357	 21.000196	 -11.609908	 51.91728	Scatto 10m	4	Braccio
58	 3140909933	 0.9974147550276238	 0.05840363931828213	 0.020897810098492845	 0.03627813254086451	 0.8127707103459944	 1.4291790345893247	 -0.6781031448545429	 -1.51806640625	 -0.46240234375	 -2.0791015625	 0.3904749	 0.3711195	 -0.49839053	 0.67926925	 -98.32725	 40.33289	 -0.26763058	Scatto 10m	4	Braccio
59	 3140926600	 0.9993838971041354	 -0.027171182047609876	 0.02011286718447192	 0.009435340412850908	 -0.15290848261260645	 1.1524241280328276	 -0.12353783528581827	 -1.468505859375	 -0.421630859375	 -2.129638671875	 0.4049228	 0.34506592	 -0.5108269	 0.67529494	 -59.39822	 -8.065692	 -46.23744	Scatto 10m	4	Braccio
60	 3140943267	 0.9994633875052849	 -0.02346321362329412	 -0.00738693387187095	 -0.021629790819638478	 0.3087731686579729	 0.25154032239278606	 -0.07876202091442296	 -1.47314453125	 -0.38818359375	 -2.129638671875	 0.42553663	 0.35594267	 -0.519152	 0.6501576	 -21.800411	 5.862992	 -0.66539097	Scatto 10m	4	Braccio
61	 3140959934	 0.9967735002231509	 0.06440237724610043	 -0.00927359074191636	 -0.04699918693648562	 0.14255285045887822	 -0.21081441594420722	 -0.12477401770159995	 -1.468017578125	 -0.492919921875	 -2.1064453125	 0.42833483	 0.41699275	 -0.46027732	 0.6563469	 8.28732	 10.156151	 1.0204401	Scatto 10m	4	Braccio
62	 3140976601	 0.9899929341516795	 0.130367270392526	 -0.0340708957102095	 -0.0419230152261757	 -0.03649620190954721	 -0.26052585787098553	 -0.25641341441154186	 -1.4775390625	 -0.732177734375	 -1.982421875	 0.38196453	 0.5134938	 -0.36569455	 0.67579216	 13.023945	 17.695055	 -11.566742	Scatto 10m	4	Braccio
63	 3140993268	 0.9920457529899942	 0.11674076373138798	 -0.035548136447642216	 -0.030873095941732157	 -0.1884237120060866	 0.20497818348344116	 -0.32876547144155294	 -1.488525390625	 -0.92529296875	 -1.775390625	 0.32657716	 0.5915192	 -0.28100213	 0.68153524	 -17.145466	 10.499828	 -26.058987	Scatto 10m	4	Braccio
64	 3141009935	 0.9960354482517563	 0.04716119182141809	 -0.05714779618685598	 -0.04922740296716854	 -0.39996247209064123	 0.846483962636264	 -0.2867486720423377	 -1.4658203125	 -1.034423828125	 -1.615234375	 0.31445476	 0.659716	 -0.23628972	 0.6403595	 -48.16975	 -21.394629	 -35.759514	Scatto 10m	4	Braccio
65	 3141026602	 0.9947786350071366	 0.01280367934846377	 -0.07766158838395387	 -0.06496314969396964	 0.43465254017826455	 0.9382630760816719	 -0.5437712854496309	 -1.41259765625	 -1.115478515625	 -1.484130859375	 0.3281387	 0.7281221	 -0.2056399	 0.56557524	 -60.93235	 -13.215684	 22.221882	Scatto 10m	4	Braccio
66	 3141043269	 0.9958914194943904	 -0.008727699156915514	 -0.050137429787057604	 -0.07490224281837188	 0.546376728057705	 1.0630778455506362	 -0.16068574634882132	 -1.296875	 -1.1865234375	 -1.4365234375	 0.36605924	 0.7691967	 -0.16740197	 0.49630007	 -39.794975	 -35.513657	 39.08659	Scatto 10m	4	Braccio
67	 3141059936	 0.9936744741193478	 -0.08074308931998134	 -0.031619682144727275	 -0.07135677060916808	 0.632957789546907	 0.8714796425138538	 -0.0904279523200579	 -1.1708984375	 -1.216064453125	 -1.528076171875	 0.45792872	 0.7646404	 -0.1577448	 0.42513868	 -18.133755	 -27.204706	 46.193436	Scatto 10m	4	Braccio
68	 3141076603	 0.9876660912027206	 -0.1367071812430522	 -0.010600712903474809	 -0.07559407232618581	 0.818695363110046	 0.36209742004480866	 -0.17877766591936128	 -1.03857421875	 -1.162109375	 -1.7646484375	 0.5895742	 0.7099812	 -0.15556471	 0.35231906	 10.282021	 4.990906	 43.7526	Scatto 10m	4	Braccio
69	 3141093270	 0.9861089399311426	 -0.14891470010380237	 0.015119377151306568	 -0.07200677131651924	 0.7003325227047981	 -0.11387754499756697	 -0.32566681402946807	 -0.893310546875	 -0.996826171875	 -2.026611328125	 0.7161421	 0.61864686	 -0.141979	 0.2902733	 27.814934	 28.549965	 14.791321	Scatto 10m	4	Braccio
70	 3141109937	 0.9898069210496119	 -0.1279463968438907	 0.029534443249881585	 -0.05513343122709269	 0.3306895290180333	 -0.8425293505945239	 -0.2349221918091159	 -0.76025390625	 -0.767333984375	 -2.209716796875	 0.8082777	 0.5209449	 -0.12084699	 0.24637379	 43.323563	 15.106758	 -42.10199	Scatto 10m	4	Braccio
71	 3141126604	 0.9976487980527764	 -0.059083810012319604	 0.01996897108072782	 -0.028411605590949397	 0.019984031803537	 -0.9133509221256221	 0.14917180654989617	 -0.6689453125	 -0.6123046875	 -2.26953125	 0.84624165	 0.47142076	 -0.104981996	 0.22498088	 30.37075	 -26.110754	 -48.289337	Scatto 10m	4	Braccio
72	 3141143271	 0.9998534541977855	 -0.014877605797783966	 -0.007454912622282873	 0.0040188620624179005	 -0.15490271477907094	 -0.5149832700836684	 0.17761574986216835	 -0.662353515625	 -0.55517578125	 -2.29833984375	 0.851678	 0.45958337	 -0.11820813	 0.22238402	 7.103672	 -25.698536	 -30.878798	Scatto 10m	4	Braccio
73	 3141159938	 0.9992802624302923	 0.01846397867614752	 -0.01592260785691363	 0.02906043990939779	 -0.32379899787289185	 -0.3450084887684711	 -0.05418630183306694	 -0.712646484375	 -0.583740234375	 -2.2880859375	 0.83492297	 0.47390503	 -0.14221692	 0.24102329	 -6.8014936	 -12.510857	 -34.585304	Scatto 10m	4	Braccio
74	 3141176605	 0.9968729456916712	 0.056225695593402514	 -0.02446865382898195	 0.04984261512848047	 -0.2068968350706965	 -0.43312030622061737	 -0.20918186183210327	 -0.78662109375	 -0.679931640625	 -2.25048828125	 0.7910531	 0.5171476	 -0.17266695	 0.27745184	 3.6758065	 -3.9365666	 -40.76317	Scatto 10m	4	Braccio
75	 3141193272	 0.9944286278017151	 0.06751239429146819	 -0.04347589622113835	 0.06829075540071229	 -0.0248552600283527	 -0.42566167167304647	 -0.3312193991961681	 -0.92529296875	 -0.802978515625	 -2.186767578125	 0.72609407	 0.5672312	 -0.22280882	 0.31842205	 14.390017	 9.737017	 -37.153137	Scatto 10m	4	Braccio
76	 3141209939	 0.9947850967069795	 0.049420650835860364	 -0.032421096466936646	 0.0831208947529265	 0.4339609190506568	 -0.15970627820335864	 -0.41345031043459557	 -1.088623046875	 -0.875244140625	 -2.093994140625	 0.6608991	 0.5917052	 -0.27700737	 0.36927554	 24.098047	 27.928326	 -4.869928	Scatto 10m	4	Braccio
77	 3141226606	 0.9943597665134369	 -0.013507689862294725	 0.0025623261462577873	 0.10516478278705134	 0.6109195435978633	 0.10519591529629113	 -0.2704148765294692	 -1.23046875	 -0.828369140625	 -2.083740234375	 0.6264078	 0.54964393	 -0.34222427	 0.4340363	 14.624032	 22.006018	 20.98453	Scatto 10m	4	Braccio
78	 3141243273	 0.9893048829682018	 -0.10039344623328364	 0.008760515504917356	 0.10545263323770238	 0.515960951188037	 -0.17839852949976898	 -0.020557600798969428	 -1.31884765625	 -0.6123046875	 -2.171142578125	 0.6310433	 0.4417296	 -0.43630576	 0.46507704	 21.728548	 6.1179876	 13.954666	Scatto 10m	4	Braccio
79	 3141259940	 0.9892783301433877	 -0.11939973164802076	 -0.007697006662317597	 0.0837427350850876	 0.6697445198419113	 -0.6609473312990723	 0.5390501527306633	 -1.36181640625	 -0.286376953125	 -2.213623046875	 0.6334579	 0.32923597	 -0.5310645	 0.45640492	 41.299007	 -30.23244	 30.358059	Scatto 10m	4	Braccio
80	 3141276607	 0.9966925388369886	 0.005334143492607385	 -0.04019188657569645	 0.07042827694445408	 0.4978084959278256	 -1.0703345428128084	 0.7634441224993294	 -1.416748046875	 -0.150146484375	 -2.176025390625	 0.5747452	 0.31118873	 -0.57763505	 0.48904747	 42.668262	 -58.09152	 33.996296	Scatto 10m	4	Braccio
81	 3141293274	 0.9893105849875191	 0.1292948149974429	 -0.018506412169670527	 0.06484543125800073	 1.039350285324989	 -0.661615930412462	 -0.1323776762022707	 -1.466064453125	 -0.245849609375	 -2.149169921875	 0.48545206	 0.3501766	 -0.5400618	 0.5916468	 29.73156	 7.2053423	 57.949055	Scatto 10m	4	Braccio
82	 3141309941	 0.9941326436812644	 0.09477055116025657	 0.021363982668805685	 0.047564794171828434	 1.0087112390067936	 1.4104112761096266	 -0.2101414067537008	 -1.462890625	 -0.39404296875	 -2.13818359375	 0.43242446	 0.35221598	 -0.48816586	 0.6713025	 -96.58648	 29.23715	 18.456469	Scatto 10m	4	Braccio
83	 3141326608	 0.9991639503546359	 -0.030370546625136108	 0.024519444806271665	 0.012158414197637414	 0.00803156391724523	 0.742152397481703	 -0.11852822172154773	 -1.4140625	 -0.346923828125	 -2.182373046875	 0.44714493	 0.3175621	 -0.50116587	 0.6693644	 -41.706036	 0.2782285	 -26.961851	Scatto 10m	4	Braccio
84	 3141343275	 0.9995997212061069	 -0.017561920528568253	 0.006423749016756687	 -0.021229973165111576	 0.1083086006421056	 0.10084010031312965	 -0.06778307864101746	 -1.390869140625	 -0.3017578125	 -2.198486328125	 0.47105247	 0.31848598	 -0.5015555	 0.652011	 -8.040894	 5.105922	 -7.6567354	Scatto 10m	4	Braccio
85	 3141359942	 0.9968433972552057	 0.06922618718699547	 -0.010964876369783771	 -0.03729273176433776	 -0.0244763563215969	 -0.23597084430896045	 -0.148054012897844	 -1.394287109375	 -0.419921875	 -2.177734375	 0.46715948	 0.378598	 -0.44667926	 0.6624977	 14.240697	 8.809707	 -8.762634	Scatto 10m	4	Braccio
86	 3141376609	 0.992051242081847	 0.11830997621433348	 -0.02160259893973521	 -0.03701905362212049	 0.0018741185689237633	 -0.018656218139916414	 -0.2725290308697794	 -1.406494140625	 -0.646240234375	 -2.084228515625	 0.43386278	 0.46370673	 -0.36001536	 0.68346775	 -0.357032	 15.680957	 -14.567785	Scatto 10m	4	Braccio
87	 3141393276	 0.9943265613080599	 0.08805212427249987	 -0.03221737204479764	 -0.05023498608456462	 -0.17680334257428387	 0.47758765964255867	 -0.19428460363642006	 -1.406005859375	 -0.848876953125	 -1.947998046875	 0.41324028	 0.54135495	 -0.28792924	 0.67324895	 -28.275713	 -2.7495134	 -26.01212	Scatto 10m	4	Braccio
88	 3141409943	 0.9962306728988846	 0.02327516714313499	 -0.055960783709102964	 -0.06205726111067089	 -0.03824666560186038	 0.888270913708209	 -0.3487641837297358	 -1.38623046875	 -0.95947265625	 -1.84423828125	 0.42488536	 0.6068719	 -0.25920677	 0.61967015	 -56.379047	 -9.406135	 -13.862059	Scatto 10m	4	Braccio
89	 3141426610	 0.9957107059240107	 0.017440768884855185	 -0.05605398227147124	 -0.07151196235961473	 0.3666906118712704	 0.7518993824998248	 -0.36035989198215646	 -1.344970703125	 -1.05029296875	 -1.756591796875	 0.44272	 0.6681476	 -0.22455575	 0.55421335	 -47.098347	 -0.12307249	 17.908817	Scatto 10m	4	Braccio
90	 3141443277	 0.9964674840582755	 0.002255492765876055	 -0.04650722333297364	 -0.06988951384013598	 0.5484730307275937	 0.7164361909136371	 -0.17824625040303735	 -1.266357421875	 -1.12255859375	 -1.70263671875	 0.46832633	 0.7117778	 -0.1922005	 0.48693115	 -29.943115	 -6.6455016	 36.059265	Scatto 10m	4	Braccio
91	 3141459944	 0.996362525798012	 -0.034077369566394095	 -0.045588450853705005	 -0.06342036910646744	 0.4599374006426131	 0.5389430202897054	 -0.21602005229016613	 -1.185302734375	 -1.1474609375	 -1.70556640625	 0.5135839	 0.73072094	 -0.17947626	 0.41239172	 -17.34624	 0.2929361	 31.104187	Scatto 10m	4	Braccio
92	 3141476611	 0.9946069780628054	 -0.0745553953611989	 -0.040317233410816396	 -0.05977434986185248	 0.3912653525706387	 0.4664018649946058	 -0.2240318706674873	 -1.1142578125	 -1.125	 -1.798828125	 0.5832846	 0.71844983	 -0.18131816	 0.33276525	 -10.474899	 4.418968	 27.41093	Scatto 10m	4	Braccio
93	 3141493278	 0.9918250813824628	 -0.11394082988043307	 -0.027367281287141502	 -0.05051264338538952	 0.5830831170007045	 0.29545764848212563	 -0.27991829611706565	 -1.055908203125	 -1.02685546875	 -1.969970703125	 0.6726942	 0.6666336	 -0.19258347	 0.256893	 9.270942	 16.085413	 28.59977	Scatto 10m	4	Braccio
94	 3141509945	 0.9894592781421626	 -0.1363273045735311	 -0.002737781188818123	 -0.04876174197327493	 0.5275545877880264	 -0.06122406638558456	 -0.2007511437594659	 -0.998291015625	 -0.839599609375	 -2.153076171875	 0.7684523	 0.58018863	 -0.19102475	 0.19071399	 26.41127	 14.921166	 5.687978	Scatto 10m	4	Braccio
95	 3141526612	 0.9935619495489152	 -0.1036610145448062	 -0.0016224197988664037	 -0.0456772834798272	 0.11737476380461563	 -0.27522596874437827	 0.11773810259525906	 -0.939208984375	 -0.635986328125	 -2.275390625	 0.83156914	 0.50794953	 -0.18205348	 0.1316691	 13.989806	 -10.4653635	 -17.99428	Scatto 10m	4	Braccio
96	 3141543279	 0.9982626550888576	 -0.04174476084400914	 -0.022877440595273912	 -0.0347227462743186	 -0.07190579977885662	 -0.11643498665587246	 0.0046460577544104945	 -0.939697265625	 -0.530517578125	 -2.308349609375	 0.8514155	 0.4830706	 -0.18726434	 0.081650354	 -1.1164597	 -3.5273027	 -17.147793	Scatto 10m	4	Braccio
97	 3141559946	 0.999092115575453	 -0.014753253869510555	 -0.03588276035006499	 -0.017598681907671446	 -0.002016410787079856	 -0.0976254094407498	 -0.19306596550075672	 -0.991455078125	 -0.499267578125	 -2.311279296875	 0.8522348	 0.4774274	 -0.20916113	 0.04484105	 4.5193768	 6.853178	 -19.869392	Scatto 10m	4	Braccio
98	 3141576613	 0.9991581389865176	 -0.004824637389489295	 -0.040078731658754814	 -0.007309681230002252	 -0.04580973438415753	 -0.36395901571699746	 -0.29102172688286665	 -1.065673828125	 -0.489013671875	 -2.298095703125	 0.8453187	 0.4775216	 -0.2390122	 0.016814988	 8.975643	 3.1174173	 -36.25093	Scatto 10m	4	Braccio
99	 3141593280	 0.9993163881651759	 -0.004799021972627021	 -0.03658321296059964	 0.0023225550786386	 0.046499668691260154	 -0.5519580042950114	 -0.30836410044497053	 -1.14453125	 -0.485107421875	 -2.28076171875	 0.8376485	 0.47450063	 -0.27054104	 -0.0013488727	 18.13836	 -3.4197366	 -43.070923	Scatto 10m	4	Braccio
100	 3141609947	 0.9988666422111891	 -0.020900733080113643	 -0.04004076577403171	 0.015010913053082109	 0.2709190393684524	 -0.5893296019424612	 -0.1945972023206891	 -1.22119140625	 -0.44921875	 -2.26171875	 0.8350729	 0.45343047	 -0.311188	 -0.014709557	 28.207415	 -14.356657	 -35.28843	Scatto 10m	4	Braccio
101	 3141626614	 0.9980836934780093	 -0.0360357195014927	 -0.04427065154869403	 0.023884663379651897	 0.16076639759796668	 -0.4819480724857886	 -0.10112400719504537	 -1.31201171875	 -0.370361328125	 -2.2314453125	 0.835505	 0.4149102	 -0.35924146	 -0.026952643	 18.507877	 -15.4576235	 -29.422297	Scatto 10m	4	Braccio
102	 3141643281	 0.9985421894647468	 -0.022385775231703264	 -0.039875589298917054	 0.028675953415529754	 0.037061653854732604	 -0.479153009665701	 0.06375819949779479	 -1.39697265625	 -0.288818359375	 -2.192626953125	 0.8290477	 0.38425732	 -0.40525588	 -0.028180614	 6.588739	 -22.185806	 -27.431576	Scatto 10m	4	Braccio
103	 3141659948	 0.9976664815933258	 0.026390220522182067	 -0.04058201788928529	 0.04814818366271526	 0.21178796084839377	 -0.5841201348776528	 0.15716780558156854	 -1.470458984375	 -0.25732421875	 -2.139892578125	 0.80110794	 0.3839561	 -0.4590857	 0.0066621588	 11.250889	 -35.03578	 -20.97459	Scatto 10m	4	Braccio
104	 3141676615	 0.9931491236630983	 0.07642371474982057	 -0.043653111934609974	 0.07686767727388763	 0.8092820127545199	 -0.26162896361066523	 0.13825086769263584	 -1.544189453125	 -0.272705078125	 -2.077392578125	 0.7453359	 0.4059255	 -0.5216463	 0.087088645	 27.543928	 -32.707424	 19.246717	Scatto 10m	4	Braccio
105	 3141693282	 0.9953115242116443	 0.05557206287884476	 -0.02250095239310618	 0.07589744883911798	 1.0343073056749752	 0.2962047283235116	 0.07995171619626995	 -1.602294921875	 -0.2568359375	 -2.02587890625	 0.7005814	 0.40526637	 -0.5637947	 0.16456164	 13.715787	 -9.492492	 52.73044	Scatto 10m	4	Braccio
106	 3141709949	 0.9973070309797085	 0.0331363462155984	 -0.0053112202245309	 0.06521088450285889	 0.8835660956167504	 0.3716842312604141	 0.16311617349595803	 -1.61474609375	 -0.204833984375	 -2.012451171875	 0.6710986	 0.38892472	 -0.5885675	 0.22793159	 -5.7012506	 -5.184796	 48.015747	Scatto 10m	4	Braccio
107	 3141726616	 0.997874228113884	 0.04088371327839005	 0.0032634157953201352	 0.05064481189655313	 0.6668724288290383	 0.37219478474123235	 0.23066951343254308	 -1.606201171875	 -0.1728515625	 -2.01708984375	 0.64401966	 0.38280284	 -0.59635156	 0.28821135	 -17.636665	 -3.43282	 34.55308	Scatto 10m	4	Braccio
108	 3141743283	 0.9980483175597783	 0.04944205757869935	 0.0088155219853725	 0.037112333941777875	 0.4593323012646412	 0.38033125519873123	 0.043575829709180836	 -1.595703125	 -0.18310546875	 -2.039794921875	 0.6188035	 0.3877083	 -0.58937216	 0.34555075	 -17.028994	 8.008067	 20.731524	Scatto 10m	4	Braccio
109	 3141759950	 0.9990298795498749	 0.027550595271585016	 0.024721925092598074	 0.023855625886982413	 0.33003416088863624	 0.5418975324318778	 -0.11067087185668116	 -1.564697265625	 -0.195556640625	 -2.06982421875	 0.6144858	 0.38114652	 -0.57257456	 0.38638458	 -24.400663	 20.40424	 12.132202	Scatto 10m	4	Braccio
110	 3141776617	 0.9994976035857758	 -0.0028552040499615627	 0.027179908456079874	 0.016051193489697163	 0.117794096727854	 0.34237620970498484	 -0.035214606642044156	 -1.516845703125	 -0.173583984375	 -2.109375	 0.62531775	 0.36017138	 -0.5617595	 0.4045748	 -17.529768	 10.652689	 -2.3540878	Scatto 10m	4	Braccio
111	 3141793284	 0.9994847831856051	 -0.008819065135370036	 0.02646462206949868	 0.015875013363173127	 0.012881039605789374	 0.11565447625792716	 -0.027704832096775957	 -1.4677734375	 -0.13720703125	 -2.145263671875	 0.637337	 0.33624786	 -0.5529869	 0.41826367	 -5.6048813	 4.4472632	 -9.250827	Scatto 10m	4	Braccio
112	 3141809951	 0.9995922639007194	 0.004084883976985726	 0.02182450763664107	 0.017953009194767756	 -0.101505071748548	 0.11282665469765725	 -0.01750225980913139	 -1.423583984375	 -0.114990234375	 -2.17236328125	 0.64089495	 0.32126758	 -0.5420887	 0.43838438	 -5.928521	 2.816097	 -16.210415	Scatto 10m	4	Braccio
113	 3141826618	 0.9996290022157757	 0.01572925240554307	 0.015964089308016405	 0.015478901783430978	 -0.1095064392229673	 0.16948982046102545	 -0.04687712393279393	 -1.388427734375	 -0.117431640625	 -2.195068359375	 0.6380559	 0.31757078	 -0.52872056	 0.46096444	 -8.294688	 5.2449803	 -17.440863	Scatto 10m	4	Braccio
114	 3141843285	 0.9997802793120291	 0.015644113727388248	 0.01066236905288537	 0.00899826042220106	 -0.02131792805898934	 0.26931080416808684	 -0.1193263514215831	 -1.3623046875	 -0.14013671875	 -2.2119140625	 0.6349876	 0.3197068	 -0.51647127	 0.47732142	 -12.233246	 12.092435	 -14.067926	Scatto 10m	4	Braccio
115	 3141859952	 0.9999652804609699	 0.004339789727602961	 0.007095762887432356	 5.042288958416325E-4	 -0.0036847877034453247	 0.3263036032609224	 -0.13804585840390524	 -1.345703125	 -0.14990234375	 -2.226318359375	 0.6374981	 0.32100323	 -0.5090926	 0.4810175	 -15.450557	 14.030002	 -13.857437	Scatto 10m	4	Braccio
116	 3141876619	 0.999928591703637	 -0.007286629940899542	 0.0033566272296579607	 -0.008857176261466135	 -0.0973598032429045	 0.2787827991032029	 -0.10540577002431457	 -1.33935546875	 -0.1455078125	 -2.2275390625	 0.6462193	 0.32172516	 -0.5066125	 0.47142097	 -13.714868	 9.54955	 -18.451023	Scatto 10m	4	Braccio
117	 3141893286	 0.9997729422080945	 -0.013391567461419757	 -1.334779917065987E-4	 -0.016574442166237522	 -0.0898971590956627	 0.2113465492774355	 -0.08735989235367353	 -1.337646484375	 -0.14111328125	 -2.226806640625	 0.65856576	 0.32405433	 -0.5065546	 0.4524185	 -10.272203	 7.574911	 -17.192482	Scatto 10m	4	Braccio
118	 3141909953	 0.9995880962745313	 -0.018593053852899555	 -0.001790616165132042	 -0.0217882956752202	 -0.029815524805863514	 0.17034195340746483	 -0.09129228335829956	 -1.34619140625	 -0.1298828125	 -2.220458984375	 0.673669	 0.32609868	 -0.5078659	 0.42649978	 -7.5536327	 8.2565975	 -13.336823	Scatto 10m	4	Braccio
119	 3141926620	 0.9993882277109803	 -0.0254052947997417	 -0.0023877181226337756	 -0.023917360034310834	 0.02498815542987784	 0.12767294464841297	 -0.08412593041673899	 -1.353271484375	 -0.11328125	 -2.2119140625	 0.6908629	 0.32447717	 -0.5112398	 0.39504027	 -4.7164416	 8.008478	 -9.668678	Scatto 10m	4	Braccio
120	 3141943287	 0.9991380427348843	 -0.033030686223413167	 -0.003097644978934056	 -0.024950950344613698	 0.0655228079813385	 0.07744743322493786	 -0.05265842855523016	 -1.364990234375	 -0.080810546875	 -2.201904296875	 0.70951366	 0.31780657	 -0.5170213	 0.35816	 -2.0058548	 5.745775	 -6.649775	Scatto 10m	4	Braccio
121	 3141959954	 0.9989363954119304	 -0.037071860880194575	 -1.7224806978044518E-4	 -0.0274176108167992	 0.08469379911558295	 0.02093919711331059	 -0.012528350104136866	 -1.377197265625	 -0.046875	 -2.189697265625	 0.7304433	 0.3077257	 -0.5203947	 0.317722	 0.39766106	 2.2029455	 -5.0213003	Scatto 10m	4	Braccio
122	 3141976621	 0.998803040378079	 -0.039212502963709796	 0.004984942560182615	 -0.02881000677712926	 0.10412184709871601	 0.0032042087534282174	 0.08438598623449522	 -1.382568359375	 -0.010009765625	 -2.1787109375	 0.7534797	 0.29426062	 -0.5190832	 0.27610087	 -1.3949872	 -2.94601	 -2.4598927	Scatto 10m	4	Braccio
125	 3142026622	 0.9842619498769681	 -0.1640982708120046	 -0.05016005760922033	 -0.04223908334159571	 1.598561249057947	 0.35410278444669646	 0.860560463426598	 -1.47412109375	 0.1865234375	 -2.019287109375	 0.7760671	 0.20695715	 -0.57989717	 0.13641192	 -17.92148	 -13.710688	 23.864147	Scatto 10m	4	Braccio
126	 3142043289	 0.999522509239548	 -0.01363213410371758	 -0.022246040835352202	 -0.016553915259167426	 0.12535733127209328	 -0.10033332173427899	 0.45358881066399603	 -1.5244140625	 0.2099609375	 -1.957275390625	 0.7680207	 0.2104017	 -0.5947789	 0.110061266	 -18.027529	 -18.551733	 3.0053968	Scatto 10m	4	Braccio
127	 3142059956	 0.9995375329426265	 0.021666340165478	 -0.014457025893265698	 -0.015693449114943126	 0.11314829520916098	 0.016906200939504148	 0.17828647213421023	 -1.558349609375	 0.162841796875	 -1.950927734375	 0.75656945	 0.23912288	 -0.5991313	 0.10707237	 -7.8608847	 -4.5080495	 -0.9007387	Scatto 10m	4	Braccio
128	 3142076623	 0.9996134592629525	 0.022124768118061883	 -0.009896871126361952	 -0.013619054225008684	 0.12028882744332756	 -0.0058570752616379715	 0.021586502220533283	 -1.585205078125	 0.11328125	 -1.956787109375	 0.74685603	 0.2662218	 -0.599924	 0.106880255	 0.93482125	 -1.831147	 -2.765432	Scatto 10m	4	Braccio
129	 3142093290	 0.9996758338474552	 0.018277697504866408	 -0.010691740273496841	 -0.014136466504747524	 0.06941800309346663	 -0.09070698929618548	 -0.026885624345199744	 -1.606689453125	 0.06494140625	 -1.9462890625	 0.7370775	 0.29060918	 -0.6012667	 0.10364156	 5.039171	 -4.359116	 -7.537663	Scatto 10m	4	Braccio
130	 3142109957	 0.9997698562233361	 -0.0015357843408300986	 -0.015895269789234393	 -0.014325374408919365	 0.08439534617558686	 -0.1829533405718551	 -0.1425727777786198	 -1.636474609375	 0.034912109375	 -1.926025390625	 0.729392	 0.30077082	 -0.60827094	 0.08678172	 13.876484	 -5.144901	 -9.290246	Scatto 10m	4	Braccio
131	 3142126624	 0.999706095724455	 -0.019962602304106458	 -0.007780315426457963	 -0.011343869378643791	 0.13998456892922373	 -0.28496676864082754	 -0.14142022822176306	 -1.65869140625	 0.033935546875	 -1.898193359375	 0.73131996	 0.29465872	 -0.6118302	 0.06333507	 17.566761	 -11.133676	 -8.286253	Scatto 10m	4	Braccio
132	 3142143291	 0.9993880350633669	 -0.03417299768021892	 0.007466215925572729	 -1.3123064781250804E-4	 0.11962703023172727	 -0.3021164082338254	 -0.033733454712244496	 -1.65673828125	 0.062744140625	 -1.88720703125	 0.74519587	 0.26983047	 -0.6082302	 0.04394264	 11.695944	 -15.727206	 -9.662755	Scatto 10m	4	Braccio
133	 3142159958	 0.9991389241412656	 -0.03456720001138244	 0.019193257878577508	 0.012575285333303184	 0.035017771522153955	 -0.3717745955428647	 0.08104872995319828	 -1.63232421875	 0.1220703125	 -1.888427734375	 0.7645971	 0.23583594	 -0.59866935	 0.03698388	 5.027351	 -21.749977	 -15.039431	Scatto 10m	4	Braccio
134	 3142176625	 0.9994784456393545	 -0.012744046993822061	 0.02135920219983867	 0.02059636982445244	 -0.04599430707406535	 -0.48235656402135846	 0.13759341351631094	 -1.590576171875	 0.17626953125	 -1.91552734375	 0.77886856	 0.21304107	 -0.5877895	 0.049807914	 1.6213509	 -28.386099	 -20.055973	Scatto 10m	4	Braccio
135	 3142193292	 0.9989553489760841	 0.03297988344636327	 0.014454457341518902	 0.028135506089219307	 -0.09828739311947797	 -0.5300339162578036	 0.07816452748315988	 -1.547119140625	 0.1904296875	 -1.950927734375	 0.7779197	 0.2210863	 -0.58062327	 0.0940147	 4.4455442	 -29.611698	 -22.909058	Scatto 10m	4	Braccio
136	 3142209959	 0.9964204552126289	 0.07601867248333719	 0.010926571821102073	 0.035327721352595334	 0.020580853206407082	 -0.4123869139522096	 -0.039797974443358884	 -1.503173828125	 0.1474609375	 -2.0205078125	 0.7613652	 0.25742128	 -0.5708804	 0.167789	 12.405141	 -20.9665	 -14.906394	Scatto 10m	4	Braccio
137	 3142226626	 0.9943570569558998	 0.09781020922879222	 0.01353778174415815	 0.03878059718556313	 0.2307692824183268	 -0.21758486207730707	 -0.10540687689741667	 -1.459228515625	 0.05712890625	 -2.10400390625	 0.7333037	 0.3053903	 -0.5509474	 0.25585064	 16.148653	 -7.4008803	 -0.50876904	Scatto 10m	4	Braccio
138	 3142243293	 0.9911749960014451	 0.1255454809495343	 7.980427530263623E-4	 0.042542010324499106	 0.927371301671579	 0.22029054555314972	 -0.17323189528303035	 -1.425048828125	 -0.08154296875	 -2.16259765625	 0.67837924	 0.370502	 -0.5262816	 0.35434112	 11.863637	 18.965136	 43.836517	Scatto 10m	4	Braccio
139	 3142259960	 0.9958625520360568	 0.07879825409849402	 0.02037136811535656	 0.04041806482712587	 0.876864912584395	 1.0767184487584047	 -0.6442174125169554	 -1.4130859375	 -0.219970703125	 -2.18701171875	 0.64303446	 0.39370748	 -0.49727386	 0.42920864	 -28.602793	 69.426704	 43.07568	Scatto 10m	4	Braccio
140	 3142276627	 0.9989333619388024	 0.014733279256126025	 0.010807663891841847	 0.0424059345988661	 0.15681355266997488	 0.7912193600353729	 -0.17908527618312542	 -1.366455078125	 -0.2158203125	 -2.21533203125	 0.6236955	 0.37828386	 -0.50010335	 0.46669263	 -40.269676	 26.795967	 1.0456896	Scatto 10m	4	Braccio
141	 3142293294	 0.9989477040733208	 -0.036770056220083974	 -0.009926834127325757	 0.025552014723335074	 0.13244759643080645	 0.6708988865602155	 -0.12754131167483437	 -1.379638671875	 -0.14306640625	 -2.201904296875	 0.62021774	 0.34894243	 -0.53211135	 0.45872286	 -36.08656	 19.968565	 -3.4089165	Scatto 10m	4	Braccio
142	 3142309961	 0.9988763388147143	 -0.04295282122577812	 -0.00866221441515447	 0.018057711546158497	 -0.011878732228253497	 0.2892334854491662	 0.022010159354204663	 -1.384765625	 -0.04150390625	 -2.17822265625	 0.62197125	 0.31906468	 -0.56209236	 0.44204247	 -16.785305	 4.451521	 -11.169465	Scatto 10m	4	Braccio
143	 3142326628	 0.9995493541187326	 -0.021046718091908972	 -0.016215544332684243	 0.013970700067604204	 -0.1480722829532777	 0.17800681071685984	 -0.005642105055466064	 -1.40478515625	 0.0224609375	 -2.150390625	 0.61358255	 0.30803433	 -0.58478636	 0.43203735	 -9.391943	 2.9450934	 -19.622677	Scatto 10m	4	Braccio
144	 3142343295	 0.9997247367064109	 -0.00943332282622536	 -0.018396072983574045	 0.011092688426915923	 -0.16208243815415277	 0.23346258834087147	 -0.031936308111512796	 -1.42822265625	 0.053466796875	 -2.1220703125	 0.60126346	 0.30649668	 -0.6024843	 0.42609236	 -11.091946	 6.1698556	 -21.360746	Scatto 10m	4	Braccio
145	 3142359962	 0.9996845152102423	 -0.014108209676439859	 -0.01962938770762901	 0.006820235099476061	 -0.09216218877277707	 0.24330996818255257	 -0.0031256830557488263	 -1.455078125	 0.078125	 -2.089599609375	 0.5911983	 0.30508387	 -0.62124366	 0.41408333	 -12.32153	 5.927864	 -17.344921	Scatto 10m	4	Braccio
146	 3142376629	 0.9995981144898408	 -0.02258697823671857	 -0.017028585584188297	 0.0018615035565663351	 0.010355980475860583	 0.1397501675534293	 -1.1585454371862924E-4	 -1.48193359375	 0.1181640625	 -2.0517578125	 0.5870889	 0.3004543	 -0.63996935	 0.3943263	 -7.35938	 4.0160427	 -10.458279	Scatto 10m	4	Braccio
147	 3142393296	 0.9996347210472892	 -0.022428369360257078	 -0.014695557195493593	 -0.0033813197515207287	 0.12171640682211904	 0.10362511147229618	 0.0030708869091528243	 -1.506103515625	 0.146728515625	 -2.02001953125	 0.58612055	 0.298037	 -0.6551785	 0.37199202	 -6.299914	 3.5557492	 -3.5129776	Scatto 10m	4	Braccio
148	 3142409963	 0.9995728350184356	 -0.02281496362180105	 -0.016869738592821207	 -0.007002631502003906	 0.3698604476298972	 0.17908325983649892	 0.021660469786393854	 -1.531005859375	 0.166015625	 -1.972900390625	 0.58478254	 0.29822677	 -0.6701813	 0.3463344	 -12.5390625	 5.7330985	 10.668768	Scatto 10m	4	Braccio
149	 3142426630	 0.9990827682475809	 -0.035924619439249406	 -0.01829340556176634	 -0.014435900451596805	 0.6141278297343947	 0.11907585710595114	 0.07551141053804447	 -1.561279296875	 0.192626953125	 -1.92138671875	 0.58830863	 0.29580066	 -0.6873053	 0.30660495	 -13.345308	 0.5891283	 25.554344	Scatto 10m	4	Braccio
150	 3142443297	 0.9987673676224759	 -0.03838782865012581	 -0.021654725432391057	 -0.022829648495903618	 0.6985732917945456	 -0.025702421921749034	 0.1708281658966286	 -1.606689453125	 0.205810546875	 -1.855224609375	 0.59173316	 0.29795298	 -0.7029954	 0.258599	 -10.6618395	 -10.8732395	 30.58833	Scatto 10m	4	Braccio
151	 3142459964	 0.9991107858315901	 -0.015633211253576418	 -0.02988799002677595	 -0.025297201288742407	 0.4437701210159709	 -0.11568376835925845	 0.36282715301351637	 -1.659912109375	 0.1884765625	 -1.789794921875	 0.5821383	 0.31647024	 -0.7152384	 0.2222515	 -12.867676	 -23.417963	 12.9260235	Scatto 10m	4	Braccio
152	 3142476631	 0.9994514702572815	 0.0017534412374525712	 -0.027363905057124997	 -0.018571503558137345	 0.20753899925630107	 -0.08183610648767886	 0.2074438894507767	 -1.70703125	 0.156005859375	 -1.73291015625	 0.56675065	 0.33886546	 -0.72302675	 0.2029693	 -6.5874367	 -14.408117	 -0.6978283	Scatto 10m	4	Braccio
153	 3142493298	 0.9998915201363177	 0.003970150757323881	 -0.005956827683707616	 -0.012872531467996546	 0.09021456908606246	 -0.02615132585926339	 0.06901953756958808	 -1.72998046875	 0.125	 -1.718017578125	 0.5646191	 0.35356173	 -0.7196372	 0.19575979	 -2.3671165	 -5.2925544	 -5.901874	Scatto 10m	4	Braccio
154	 3142509965	 0.9998940127750268	 -0.00864178710543832	 0.005877181217816775	 -0.010136146862185728	 0.05210800136875657	 -0.04569134988445616	 0.09300564237526679	 -1.7353515625	 0.109375	 -1.721923828125	 0.5747297	 0.3566242	 -0.7128855	 0.18520045	 -2.1019716	 -6.5476394	 -8.744263	Scatto 10m	4	Braccio
155	 3142526632	 0.9998017268943017	 -0.011412564944561403	 0.011542109883811297	 -0.01153429494977802	 0.019741495862174642	 -0.1074528386453185	 0.09693620230533104	 -1.73583984375	 0.101318359375	 -1.731201171875	 0.5898877	 0.35776803	 -0.7027025	 0.17390756	 0.5575542	 -8.636045	 -11.194773	Scatto 10m	4	Braccio
156	 3142543299	 0.9998046661143764	 -0.00825838558232157	 0.013091737084886259	 -0.01228963398944322	 0.0018245836151039897	 -0.16082805597019598	 0.07305417471438563	 -1.730712890625	 0.08642578125	 -1.749755859375	 0.6048225	 0.36068976	 -0.69056123	 0.16497849	 3.739924	 -9.5492115	 -12.488712	Scatto 10m	4	Braccio
158	 3142576633	 0.9990293429286731	 0.0182026417840081	 0.03393982810504637	 -0.021380455275479576	 0.24241286114383015	 -0.2369411415751671	 0.10319316222303146	 -1.713623046875	 0.040771484375	 -1.814208984375	 0.6258124	 0.38294756	 -0.65633804	 0.17587042	 0.3806676	 -8.361209	 -0.65696716	Scatto 10m	4	Braccio
159	 3142593300	 0.9994018479319268	 0.030142997504672583	 0.01681047364761462	 -0.002180373230948038	 0.3781934738068641	 0.12328526771901865	 -9.252436082002463E-4	 -1.69921875	 7.32421875E-4	 -1.860107421875	 0.62587935	 0.4010776	 -0.6382105	 0.20024784	 -3.5315459	 -1.5589733	 13.739445	Scatto 10m	4	Braccio
160	 3142609967	 0.999467947472484	 0.026251010077523416	 0.01697415387472845	 0.009305081691568094	 0.40269563522398216	 0.24014143050814285	 -0.06361137397859087	 -1.671875	 -0.0224609375	 -1.9111328125	 0.6245664	 0.40903637	 -0.6245993	 0.2290893	 -5.968958	 5.241769	 17.442698	Scatto 10m	4	Braccio
161	 3142626634	 0.9995431036658721	 0.0245850072857923	 0.012216152473984776	 0.012646222735892951	 0.2551432452125583	 0.2056390879032292	 -0.005488759829528386	 -1.649658203125	 -0.029052734375	 -1.944091796875	 0.6195205	 0.41475487	 -0.61506236	 0.25665355	 -7.8542237	 3.7553668	 7.8193054	Scatto 10m	4	Braccio
162	 3142643301	 0.9997924113113452	 0.01941878926369032	 1.4039881348953956E-4	 0.0061664573258527755	 0.1419591458717262	 0.20289038091231637	 0.028917684155812855	 -1.641357421875	 -0.04638671875	 -1.9521484375	 0.61041933	 0.42426538	 -0.61118966	 0.27172515	 -10.06599	 3.3101094	 0.7444773	Scatto 10m	4	Braccio
163	 3142659968	 0.9999269628096791	 0.0078051027464248884	 -0.009216876455900249	 4.4565202248612884E-4	 0.04388026562428622	 0.14166838475034313	 -0.015830211587171992	 -1.650146484375	 -0.056640625	 -1.940673828125	 0.6019206	 0.43276393	 -0.6135167	 0.27203736	 -6.455652	 4.4993043	 -5.5494475	Scatto 10m	4	Braccio
164	 3142676635	 0.9999821438184828	 -0.0022318793163998013	 -0.005071361854326107	 -0.0022387603379122184	 -0.020361644689015985	 0.05700542470842085	 -0.09788019885421681	 -1.661376953125	 -0.061279296875	 -1.928955078125	 0.6009494	 0.43579826	 -0.6148624	 0.26624063	 -0.10783483	 6.9009695	 -9.618961	Scatto 10m	4	Braccio
165	 3142693302	 0.9999760101914368	 -0.006724262700520511	 0.0013402632121887748	 9.83375448188287E-4	 -0.1470747344333453	 0.10190186785548595	 -0.07890707065106853	 -1.659423828125	 -0.053955078125	 -1.928466796875	 0.60487396	 0.43248257	 -0.615037	 0.26232755	 -3.7551222	 8.855534	 -16.532373	Scatto 10m	4	Braccio
166	 3142709969	 0.9998991256420777	 -0.011720817923928567	 -0.004627127549579114	 0.006553675155403636	 -0.23157313359775583	 0.09180749327935589	 -0.045218937731852905	 -1.663818359375	 -0.032958984375	 -1.91845703125	 0.6056819	 0.42435253	 -0.6225245	 0.25600296	 -4.7770333	 7.963926	 -21.833412	Scatto 10m	4	Braccio
167	 3142726636	 0.9997951208017608	 -0.012238541777202995	 -0.012161723122750491	 0.010584281120872981	 -0.1638782075313765	 0.05447182543721656	 -0.09719257293765465	 -1.66943359375	 -0.004150390625	 -1.898193359375	 0.6007845	 0.41531453	 -0.63627666	 0.24844281	 -0.55673456	 8.66758	 -17.932037	Scatto 10m	4	Braccio
168	 3142743303	 0.9996708543784061	 -0.015459032259003823	 -0.014858004232951862	 0.014086906621981789	 -0.00440537147926838	 0.10687729015631055	 -0.09619493827278991	 -1.6796875	 0.033203125	 -1.866943359375	 0.59427065	 0.4026381	 -0.6536878	 0.23961951	 -2.1020553	 8.171883	 -7.9936466	Scatto 10m	4	Braccio
169	 3142759970	 0.9996274291296111	 -0.006104491829815754	 -0.02076646942921384	 0.01662804434290353	 0.2630686484999016	 0.21686445704551788	 -0.10445637926463218	 -1.690673828125	 0.0732421875	 -1.823974609375	 0.5790933	 0.39506897	 -0.6730321	 0.23579511	 -6.3853827	 8.4236	 8.78779	Scatto 10m	4	Braccio
170	 3142776637	 0.999653183657715	 0.0014324717745017035	 -0.02383239755089617	 0.011112031973768772	 0.5822174131384202	 0.19008646703728396	 0.02347252493408941	 -1.7041015625	 0.09765625	 -1.786376953125	 0.5597845	 0.3961108	 -0.6897451	 0.23235624	 -10.541994	 -3.6059854	 25.233059	Scatto 10m	4	Braccio
171	 3142793304	 0.9991714147705807	 -0.010968665599352681	 -0.0391716151224677	 -0.0013254618150097474	 0.46395595072026746	 0.26928037843120145	 0.32262447339154976	 -1.7373046875	 0.10302734375	 -1.71630859375	 0.53720224	 0.40180027	 -0.7121027	 0.20707509	 -26.007961	 -13.463212	 13.701212	Scatto 10m	4	Braccio
172	 3142809971	 0.9991975900129981	 -0.012485930567829137	 -0.03804003508753565	 0.0011105767020058097	 0.5004111883745855	 0.3729810668949292	 0.3721930744589377	 -1.76953125	 0.115478515625	 -1.6298828125	 0.51508844	 0.4039571	 -0.7336865	 0.18222705	 -34.071014	 -13.540712	 13.783464	Scatto 10m	4	Braccio
173	 3142826638	 0.9996610022428101	 -0.019806325205518237	 -0.014827304364895351	 -0.008108089912210958	 0.47615627645020214	 0.23685327772204415	 0.1868462536133908	 -1.790771484375	 0.1123046875	 -1.585205078125	 0.5145334	 0.4043595	 -0.7397698	 0.15649088	 -21.895372	 -10.629754	 13.668928	Scatto 10m	4	Braccio
174	 3142843305	 0.9990786850327267	 -0.041701921206315516	 0.006111259882545045	 -0.00808599923497646	 0.36149434349621556	 0.20686605115746068	 0.10380060713968133	 -1.797607421875	 0.1171875	 -1.556640625	 0.5378735	 0.3895304	 -0.73745084	 0.12298164	 -16.404657	 -5.784543	 9.180021	Scatto 10m	4	Braccio
175	 3142859972	 0.9987139238396952	 -0.04833610104338709	 0.01370114616751439	 -0.0068116267028903105	 0.24515870279741064	 -7.477511868001583E-4	 0.11274757545234854	 -1.79248046875	 0.12939453125	 -1.545654296875	 0.56810224	 0.36821255	 -0.73069656	 0.08810141	 -6.363856	 -10.598078	 0.6418867	Scatto 10m	4	Braccio
176	 3142876639	 0.9991112129614973	 -0.039371759592756156	 0.013410402503156506	 -0.006841767745188673	 0.16380717881568738	 -0.08983417430755608	 0.09703387214524917	 -1.79296875	 0.13525390625	 -1.5400390625	 0.59351337	 0.35095993	 -0.7218076	 0.059690766	 -1.8007523	 -11.332752	 -4.532886	Scatto 10m	4	Braccio
177	 3142893306	 0.9995590675689747	 -0.026134208255223987	 0.012113545005397519	 -0.007206637698432537	 0.09473085321065716	 -0.13363435337476068	 0.05814790297743945	 -1.7900390625	 0.14111328125	 -1.54638671875	 0.6124417	 0.34118262	 -0.71196115	 0.040260907	 1.5239589	 -10.213462	 -8.353098	Scatto 10m	4	Braccio
178	 3142909973	 0.9997869451693644	 -0.01476331482579435	 0.013202291582014804	 -0.00581449062671539	 0.03828519600055573	 -0.11203972983889109	 0.032276239482814655	 -1.786865234375	 0.136962890625	 -1.55908203125	 0.6276389	 0.33692884	 -0.7011662	 0.030241987	 1.9270122	 -7.05738	 -10.643727	Scatto 10m	4	Braccio
179	 3142926640	 0.9998627485335557	 -0.008461443433140675	 0.01403341345661119	 -0.002439544364651131	 0.020785578966428454	 -0.06517042617209844	 0.017882680844774616	 -1.781494140625	 0.134033203125	 -1.579345703125	 0.64080656	 0.33401534	 -0.6907012	 0.027072622	 1.094281	 -4.056481	 -10.399795	Scatto 10m	4	Braccio
180	 3142943307	 0.9998651998944426	 -0.00929216306759087	 0.013129501469646311	 0.0032945313369713014	 0.03558098790989709	 -0.019800565493041267	 -7.391409040788562E-5	 -1.773681640625	 0.144775390625	 -1.59033203125	 0.6531575	 0.3265037	 -0.68269163	 0.026699	 0.69135755	 -1.8273438	 -8.346527	Scatto 10m	4	Braccio
181	 3142959974	 0.9998720523391197	 -0.007099066284066313	 0.010782746562269074	 0.009445347300387043	 0.07199933433465919	 -0.010781322907832448	 -0.02529536059000671	 -1.759521484375	 0.16357421875	 -1.604248046875	 0.6627411	 0.31621265	 -0.6780997	 0.031059105	 1.9327201	 -1.5747417	 -5.918446	Scatto 10m	4	Braccio
182	 3142976641	 0.9998026270882527	 0.011490103701952692	 0.007999572860050543	 0.014095787257305877	 0.1511711866405218	 -0.030863396614997624	 -0.07042954086850889	 -1.743896484375	 0.184814453125	 -1.62744140625	 0.6641009	 0.31509605	 -0.6761393	 0.050201483	 5.309478	 -3.0338848	 -1.6782036	Scatto 10m	4	Braccio
183	 3142993308	 0.9995114921635417	 0.023488586215185153	 0.011574255163103122	 0.01706165197280905	 0.25295444326654	 -0.01801449827467471	 -0.0439324194534991	 -1.718994140625	 0.19677734375	 -1.67431640625	 0.6633911	 0.31956	 -0.6717968	 0.08051578	 4.0556917	 -5.0183907	 4.2165003	Scatto 10m	4	Braccio
184	 3143009975	 0.9995944704620873	 0.021029080286089963	 0.009287866968640758	 0.016804997206587596	 0.2451668899459617	 0.08770341284845626	 -0.0274787947706243	 -1.697509765625	 0.213134765625	 -1.71142578125	 0.6612995	 0.32246134	 -0.6685738	 0.10821704	 -0.18367535	 0.26840284	 5.892907	Scatto 10m	4	Braccio
185	 3143026642	 0.9997181530389792	 0.010226207090541617	 0.007187521693842458	 0.020183624668878134	 0.24922760657233628	 0.1760904831851498	 -0.02333835020731226	 -1.673828125	 0.231689453125	 -1.736328125	 0.66043895	 0.3160295	 -0.6685871	 0.13014333	 -3.6816187	 4.62688	 7.572304	Scatto 10m	4	Braccio
186	 3143043309	 0.9995916101327774	 -0.01929804070717786	 0.002818593660307234	 0.020886696885903056	 0.22019590037220704	 0.24680452281621518	 0.01702279911435329	 -1.647705078125	 0.276611328125	 -1.728271484375	 0.66544175	 0.2900914	 -0.6751312	 0.1312716	 -8.6604	 7.439866	 6.4509907	Scatto 10m	4	Braccio
187	 3143059976	 0.9990829698016647	 -0.037344800718918755	 -8.667995368510374E-4	 0.020924482553058097	 0.24156681047215509	 0.13323640137638088	 0.018567552830244832	 -1.621337890625	 0.340087890625	 -1.688232421875	 0.6723624	 0.25235957	 -0.68563527	 0.11894427	 -4.6502156	 2.6041403	 5.897456	Scatto 10m	4	Braccio
188	 3143076643	 0.9992297094432198	 -0.03540024062382652	 -0.005435671758373007	 0.016039457669421733	 0.2390742207274205	 0.004431303439659577	 0.046987341279457646	 -1.60546875	 0.393310546875	 -1.635986328125	 0.6751589	 0.21945071	 -0.69665504	 0.10331323	 -2.0995681	 -3.858692	 4.1329775	Scatto 10m	4	Braccio
189	 3143093310	 0.9995971067115027	 -0.024462421630127212	 -0.010189977264651984	 0.010167524051043599	 0.2017280756964957	 -0.025899612817828314	 0.04807302264481901	 -1.59375	 0.427001953125	 -1.587890625	 0.6720944	 0.19822703	 -0.7077099	 0.09023306	 -1.7821797	 -4.6505895	 1.6949062	Scatto 10m	4	Braccio
190	 3143109977	 0.9997798161657198	 -0.015456919481265957	 -0.012404321446814083	 0.006894609287947495	 0.17282389818805807	 -0.0030947641299187284	 0.043823465069346305	 -1.5908203125	 0.447265625	 -1.54443359375	 0.66557306	 0.18541314	 -0.71839637	 0.08087803	 -2.5106704	 -2.853382	 0.18864918	Scatto 10m	4	Braccio
191	 3143126644	 0.9998198126134215	 -0.012028645916740438	 -0.013246055049440849	 0.006340032231753446	 0.15707351714076215	 0.015557906620410199	 0.043237886441277844	 -1.5869140625	 0.462158203125	 -1.5078125	 0.657602	 0.17526415	 -0.7290042	 0.07345218	 -3.1712298	 -1.5774121	 -0.6548548	Scatto 10m	4	Braccio
192	 3143143311	 0.9998225886201484	 -0.012050079592681118	 -0.012880446998555868	 0.0066091566657892065	 0.1480154590517084	 0.016917905535831654	 0.04750699121147055	 -1.586669921875	 0.47802734375	 -1.471435546875	 0.6496606	 0.16481951	 -0.73918134	 0.06623327	 -3.6647806	 -1.4305198	 -1.294981	Scatto 10m	4	Braccio
193	 3143159978	 0.9998165381193496	 -0.014142713948369579	 -0.011453355340740684	 0.005974478776639287	 0.14803881954397036	 0.01332119177712085	 0.06001644364471588	 -1.58203125	 0.49072265625	 -1.4306640625	 0.6429459	 0.1533386	 -0.7482161	 0.057275914	 -4.5384226	 -1.7728537	 -1.5204868	Scatto 10m	4	Braccio
194	 3143176645	 0.9998050681510576	 -0.0165418547777664	 -0.009526745514948034	 0.0050431993678340115	 0.1469944768791383	 0.005361231748310817	 0.06814056922733898	 -1.575927734375	 0.503173828125	 -1.3896484375	 0.6378794	 0.14084844	 -0.7557354	 0.046212595	 -5.065342	 -2.2251117	 -1.813365	Scatto 10m	4	Braccio
195	 3143193312	 0.9998039401397778	 -0.017916888787978924	 -0.0074873672636110175	 0.0038737202524931074	 0.1446649035416195	 -0.005114198361396642	 0.06537987029619267	 -1.569091796875	 0.51123046875	 -1.354248046875	 0.6343863	 0.12821615	 -0.7615655	 0.033653636	 -4.911574	 -2.6065392	 -2.0735197	Scatto 10m	4	Braccio
196	 3143209979	 0.9998190326652209	 -0.018241747105144257	 -0.004870588961757406	 0.0023276481906780444	 0.1385738805035723	 -0.016747482500817496	 0.06062051790040106	 -1.56787109375	 0.51708984375	 -1.317138671875	 0.6327708	 0.1164076	 -0.76527256	 0.020208834	 -4.5856304	 -3.015323	 -2.5151505	Scatto 10m	4	Braccio
197	 3143226646	 0.9998349729571677	 -0.01801133526894247	 -0.0021912746647340386	 9.038633266075514E-4	 0.13149238664063165	 -0.0199646641175072	 0.056141097093206804	 -1.566650390625	 0.518798828125	 -1.287353515625	 0.6330134	 0.10572935	 -0.7668605	 0.0063720285	 -4.351878	 -2.9673605	 -2.9366283	Scatto 10m	4	Braccio
203	 3143326648	 0.994117127435906	 -0.10153007226648711	 0.03386287099849023	 -0.01661587589879954	 0.9218649329516226	 0.06978654791242794	 -0.01763633716101251	 -1.593017578125	 0.489013671875	 -1.18017578125	 0.6656962	 0.06136375	 -0.7393338	 -0.080428325	 1.2004733	 1.4492321	 1.1788187	Scatto 10m	4	Braccio
206	 3143376649	 0.9948423027795187	 -0.096222272391987	 0.01929470399900771	 -0.025647247292004655	 0.5970617384248542	 0.08645287356170844	 -0.2123418343254077	 -1.63525390625	 0.422607421875	 -1.07861328125	 0.67938155	 0.02133525	 -0.7138553	 -0.16851121	 3.9581459	 -2.8982894	 4.4007835	Scatto 10m	4	Braccio
207	 3143393316	 0.9991989011113781	 -0.0382417348644295	 7.663129527500369E-4	 -0.011770237755943604	 0.236665902369093	 -0.008084384804116378	 -0.08080879649228162	 -1.64990234375	 0.386962890625	 -1.03466796875	 0.6776762	 0.005051862	 -0.70642954	 -0.20417356	 3.566611	 -5.162838	 3.8260946	Scatto 10m	4	Braccio
208	 3143409983	 0.9992151482558636	 -0.037398331479321034	 -0.0037290853403218753	 -0.012511843233517173	 0.20769642486791082	 -0.0420190704792799	 -0.05137745228318305	 -1.667236328125	 0.345458984375	 -0.986572265625	 0.6715177	 -0.011097795	 -0.7011545	 -0.23942287	 1.2655112	 -6.711992	 1.3446922	Scatto 10m	4	Braccio
209	 3143426650	 0.9993630172389715	 -0.03333004811225526	 -0.007410812006827916	 -0.010380150926332933	 0.17372635651498877	 -0.06436411344308475	 -0.01599090113928923	 -1.67529296875	 0.303955078125	 -0.93212890625	 0.6623517	 -0.026911909	 -0.6983417	 -0.26997232	 -1.4214451	 -6.939941	 -1.193182	Scatto 10m	4	Braccio
210	 3143443317	 0.999549846097343	 -0.028215153621391598	 -0.008452183701584572	 -0.005707088887851375	 0.14573293916412228	 -0.04984893187453848	 0.01965306518393738	 -1.679443359375	 0.269775390625	 -0.8857421875	 0.6531343	 -0.04288665	 -0.69673246	 -0.29349643	 -3.3135924	 -4.8583503	 -2.587298	Scatto 10m	4	Braccio
211	 3143459984	 0.9996608791307156	 -0.025125506796185804	 -0.006794478699374052	 -8.189646166730237E-4	 0.13799708102460725	 -0.018032684345196753	 0.046524301472055204	 -1.67431640625	 0.248779296875	 -0.844970703125	 0.64614195	 -0.059743684	 -0.69419223	 -0.31149438	 -4.1328754	 -2.2698405	 -2.3778567	Scatto 10m	4	Braccio
212	 3143476651	 0.9996435492752066	 -0.026467422082180836	 -0.0026884290773596113	 0.00224105106754402	 0.14303565245088812	 -3.0897311243276854E-4	 0.0577484615900841	 -1.67236328125	 0.2255859375	 -0.816162109375	 0.6424561	 -0.078268275	 -0.68791586	 -0.3284758	 -4.3416495	 -0.98763734	 -1.6986866	Scatto 10m	4	Braccio
213	 3143493318	 0.9995614500421336	 -0.029342331716462	 0.002859809057539575	 0.0027850765272908755	 0.15373538937510417	 -0.005309272594751207	 0.056355738008024445	 -1.668212890625	 0.20556640625	 -0.79052734375	 0.64206606	 -0.09712969	 -0.6765466	 -0.34727806	 -4.4770846	 -1.2735305	 -1.1553268	Scatto 10m	4	Braccio
