2	 3171172760	 0.9999955224103867	 0.0019124955500737228	 0.0018318308342606118	 0.0013935263698047484	 0.12987408691625657	 0.14929758228342802	 0.061163497942568396	 -1.2734375	 -0.717041015625	 -2.130126953125	 0.7847859	 0.24478154	 -0.55661994	 0.11986501	 -4.371961	 5.0977125	 0.6437168	Scatto 10m	4	Braccio
3	 3171189427	 0.9999973626627805	 0.0019750844638249387	 9.227470779735459E-4	 7.226663645571036E-4	 0.12720685840362358	 0.1479432971740378	 0.055755222293093466	 -1.2734375	 -0.720458984375	 -2.130615234375	 0.7848758	 0.24853408	 -0.5549246	 0.11941316	 -4.10192	 5.1472797	 0.42959976	Scatto 10m	4	Braccio
4	 3171206094	 0.9999978305499283	 0.0018930229387977282	 8.400430766158374E-4	 -2.2290630212559726E-4	 0.12090150693437238	 0.14488818708991807	 0.04964666564817238	 -1.2734375	 -0.72314453125	 -2.136962890625	 0.7849847	 0.2527591	 -0.5531338	 0.11813081	 -3.8378208	 5.1396537	 -0.01922226	Scatto 10m	4	Braccio
5	 3171222761	 0.9999960221393005	 0.0023374891662905073	 0.0010976544091451101	 -0.0011344623269108763	 0.11007919083917111	 0.13976619726249484	 0.046814636713943945	 -1.271240234375	 -0.724365234375	 -2.12841796875	 0.78516006	 0.25779516	 -0.5509158	 0.11643488	 -3.769332	 4.945097	 -0.69266987	Scatto 10m	4	Braccio
6	 3171239428	 0.9999928443970023	 0.0026763243908100587	 0.0014523721808306635	 -0.0022447845322599025	 0.09660634548662975	 0.1366142671751366	 0.04329121134811979	 -1.26513671875	 -0.731201171875	 -2.1259765625	 0.78553843	 0.2636256	 -0.54808396	 0.11417047	 -3.775984	 4.8852997	 -1.4821968	Scatto 10m	4	Braccio
7	 3171256095	 0.9999900445714796	 0.0022396589979234993	 0.002302928528562676	 -0.0030969671770097744	 0.07882547857769094	 0.13464771444090212	 0.03773950845752348	 -1.262451171875	 -0.738525390625	 -2.124755859375	 0.7865559	 0.26947418	 -0.54437405	 0.111222684	 -3.8126447	 4.981514	 -2.5046387	Scatto 10m	4	Braccio
8	 3171272762	 0.999988492336036	 0.0015413048434655408	 0.003390819204680429	 -0.0030235608150344234	 0.06102374667768841	 0.13017313481872542	 0.03395999780900806	 -1.2529296875	 -0.745361328125	 -2.12841796875	 0.7882954	 0.2746373	 -0.5398668	 0.10820665	 -3.863287	 4.917235	 -3.5313659	Scatto 10m	4	Braccio
9	 3171289429	 0.9999881777755251	 0.0010823972236578827	 0.004006590368545393	 -0.002533763811760126	 0.04376383398702625	 0.11891336020522053	 0.026907305817468648	 -1.24365234375	 -0.748046875	 -2.1357421875	 0.79040456	 0.27910933	 -0.5350041	 0.10549568	 -3.5635748	 4.6556506	 -4.710537	Scatto 10m	4	Braccio
10	 3171306096	 0.999984621327985	 6.680166966114287E-4	 0.0045900564439484435	 -0.003040105764721482	 0.024190267785814113	 0.10811453639650279	 0.020109783024427102	 -1.234130859375	 -0.753662109375	 -2.13818359375	 0.7929216	 0.28339916	 -0.5296031	 0.10237685	 -3.3698967	 4.458791	 -6.018239	Scatto 10m	4	Braccio
12	 3171339430	 0.9998849672713611	 -0.001276688649895441	 0.010354743838606075	 -0.01100915849995611	 0.00864266282239222	 0.21731446345060199	 0.028711114410612706	 -1.205078125	 -0.75927734375	 -2.14111328125	 0.7995781	 0.29229346	 -0.51663554	 0.0912532	 -3.6357093	 5.0321317	 -7.127804	Scatto 10m	4	Braccio
14	 3171372764	 0.9997259375916046	 -0.010632875240991102	 0.007428580700836519	 -0.01948865976581765	 -0.06146107881955733	 0.20387239672149257	 0.029558558861168822	 -1.17041015625	 -0.75341796875	 -2.1572265625	 0.8078292	 0.2985397	 -0.5037381	 0.06733633	 -4.111512	 4.4012666	 -9.472582	Scatto 10m	4	Braccio
15	 3171389431	 0.9997460952087216	 -0.014791662418278395	 -0.0034589167921158103	 -0.01664294842996678	 -0.011074162334822574	 0.05369743780088228	 -0.08587775864386411	 -1.15576171875	 -0.7431640625	 -2.176513671875	 0.81134516	 0.29773435	 -0.50122774	 0.04294583	 2.3430953	 5.583333	 -10.651811	Scatto 10m	4	Braccio
17	 3171422765	 0.9983107867578475	 -0.024004895826628903	 -0.015684481490320548	 -0.05053053591305052	 0.015450916073663279	 -0.08399463400624142	 -0.30352104998751045	 -1.131591796875	 -0.717529296875	 -2.196044921875	 0.8080852	 0.30883884	 -0.5012314	 -0.01960096	 8.191185	 -0.84479785	 -14.514493	Scatto 10m	4	Braccio
19	 3171456099	 0.988489566903488	 0.12344429107111576	 -0.018434292627776797	 -0.08549888876598367	 0.2171155640812956	 -0.776337637687199	 0.08104452770752606	 -1.073974609375	 -0.91064453125	 -2.0673828125	 0.747403	 0.4469488	 -0.49060753	 -0.030493991	 9.058079	 -25.44746	 -15.241512	Scatto 10m	4	Braccio
21	 3171489433	 0.9868414181206837	 0.1478196824143026	 0.0032913494702563884	 -0.06544099625737128	 0.3746037260420739	 0.4674363122217871	 0.4637947417035334	 -0.97216796875	 -1.163818359375	 -1.7802734375	 0.67610484	 0.57732946	 -0.45778033	 0.0032011806	 -19.31551	 1.0725904	 18.192474	Scatto 10m	4	Braccio
23	 3171522767	 0.9956059743055437	 -0.039186158757426204	 0.03373064562943081	 -0.07807325044065146	 0.8757785097810411	 1.3894777320713871	 0.34692290096882117	 -0.799072265625	 -1.129638671875	 -1.847412109375	 0.7167116	 0.5835698	 -0.37819818	 -0.052317016	 -5.2127414	 -15.771451	 33.6546	Scatto 10m	4	Braccio
24	 3171539434	 0.9987517932150065	 -0.02083501071824151	 0.02368123161888701	 -0.03872928023075517	 0.3129699413408278	 0.5404699760486535	 0.23280246503305266	 -0.69775390625	 -1.103271484375	 -1.87451171875	 0.738274	 0.58192194	 -0.33269343	 -0.07505765	 -6.6365952	 -10.380685	 28.232632	Scatto 10m	4	Braccio
28	 3171606102	 0.9867256837001765	 -0.12729049519374858	 0.061015555228273434	 0.08029107658971077	 -0.06127148210634506	 -0.6577977045433423	 0.22768069938724692	 -0.6787109375	 -0.941650390625	 -2.05615234375	 0.8354003	 0.45179644	 -0.3122436	 -0.022146162	 -3.5753438	 -7.3681545	 -31.046146	Scatto 10m	4	Braccio
30	 3171639436	 0.9874952003778873	 0.003183447269109907	 -0.04606541963058625	 0.15073510542796253	 0.029289877912562066	 -0.32279040151991983	 -0.13572929185764815	 -0.950439453125	 -0.951171875	 -2.06787109375	 0.81466687	 0.39841154	 -0.412755	 0.08496736	 8.793991	 0.90659314	 -12.571641	Scatto 10m	4	Braccio
32	 3171672770	 0.9768812865097976	 -0.003043406458939135	 -0.05010550561863112	 0.20780550534283188	 0.9218429620920532	 0.15905661341535227	 -0.2909347051620945	 -1.304443359375	 -0.850830078125	 -2.015380859375	 0.7564126	 0.3043556	 -0.53089434	 0.23099563	 24.680042	 4.4247847	 22.58939	Scatto 10m	4	Braccio
33	 3171689437	 0.9922176981978281	 -0.06725103355605921	 -0.01367882659045741	 0.10389527213378681	 0.7813998804099279	 -0.06466493065771071	 -0.026978305561948385	 -1.444091796875	 -0.658447265625	 -2.0537109375	 0.73594946	 0.19813292	 -0.58985656	 0.26681665	 18.529324	 -0.48575088	 33.455303	Scatto 10m	4	Braccio
35	 3171722771	 0.9825919156083657	 -0.06802528367000316	 -0.07618921926240758	 0.15518018891238275	 1.3455619212345482	 -1.1505863610855465	 0.6122753934488878	 -1.623291015625	 -0.288330078125	 -1.9951171875	 0.6407885	 0.066918105	 -0.6936872	 0.3220408	 10.404239	 -35.15228	 35.640438	Scatto 10m	4	Braccio
36	 3171739438	 0.9957678898059572	 0.05007918435102404	 -0.03854212550595921	 0.06672997443136217	 0.7139263364118791	 -0.5262030577218637	 0.16025936412629385	 -1.685302734375	 -0.227783203125	 -1.9208984375	 0.58215326	 0.058638528	 -0.7042971	 0.40202612	 -0.14196292	 -15.227245	 42.07306	Scatto 10m	4	Braccio
37	 3171756105	 0.9921734870151335	 0.11030398752927617	 -0.012700649393840635	 0.057127012037622056	 0.871765504718427	 -0.4280750071086751	 0.1104190764616498	 -1.714599609375	 -0.240478515625	 -1.882080078125	 0.5366675	 0.08231927	 -0.6631845	 0.5151681	 -8.003239	 -0.25369436	 48.283882	Scatto 10m	4	Braccio
38	 3171772772	 0.9960542938888055	 0.07880099430079374	 0.004963882239877344	 0.040516747105216355	 0.8277582973809454	 0.42978729439730706	 -0.5088880104088529	 -1.714111328125	 -0.274658203125	 -1.880859375	 0.50977165	 0.09271484	 -0.6178728	 0.5914137	 -18.498083	 57.56233	 10.389105	Scatto 10m	4	Braccio
39	 3171789439	 0.9995558348216719	 -0.003560254801818097	 0.021307154533902365	 0.02052955979472582	 0.19348637380359152	 0.9791074148060739	 -0.626479001775085	 -1.6943359375	 -0.254150390625	 -1.919189453125	 0.5124657	 0.07012837	 -0.61289066	 0.59734917	 -28.018057	 53.744026	 -46.215378	Scatto 10m	4	Braccio
40	 3171806106	 0.9991164233645629	 -0.03715735925306646	 -0.015091937691656511	 -0.012567284243360621	 0.06998884635265096	 0.8045823826666028	 -0.3848748603578009	 -1.6982421875	 -0.209716796875	 -1.908203125	 0.51679087	 0.07761987	 -0.6453366	 0.5571741	 -23.36739	 35.00706	 -43.124977	Scatto 10m	4	Braccio
41	 3171822773	 0.9977348628308342	 -0.018927793275929083	 -0.03222738480216003	 -0.05593100931016532	 0.2520296415841148	 0.3828421094512488	 -0.11082729136682658	 -1.732421875	 -0.2578125	 -1.854736328125	 0.5317476	 0.13356647	 -0.6698893	 0.5006527	 -18.536087	 21.096802	 -13.252291	Scatto 10m	4	Braccio
42	 3171839440	 0.9952308356818488	 0.02777291889556216	 -0.039912433906135754	 -0.08456504185369845	 0.5271496271683042	 0.08447886937748145	 0.13079369166123544	 -1.759765625	 -0.41455078125	 -1.7783203125	 0.5441991	 0.2362208	 -0.6643887	 0.45457107	 -20.334875	 6.519899	 15.319424	Scatto 10m	4	Braccio
43	 3171856107	 0.9947960965635607	 0.044516223967700164	 -0.04284957452757055	 -0.08101201163016815	 0.5207769782057639	 -0.09333880703698211	 0.23591698082454007	 -1.758056640625	 -0.61083984375	 -1.67578125	 0.5416846	 0.34346896	 -0.6442007	 0.4166686	 -11.348029	 -9.871196	 21.521093	Scatto 10m	4	Braccio
44	 3171872774	 0.9953871030821299	 0.05852258574034669	 -0.037011151802904436	 -0.06640629953740562	 0.3431782081908981	 -0.31014239332379984	 0.24335109429046925	 -1.722412109375	 -0.77294921875	 -1.55322265625	 0.5251115	 0.44027588	 -0.61149687	 0.39558417	 7.3768725	 -21.126596	 12.157387	Scatto 10m	4	Braccio
45	 3171889441	 0.9976695951421843	 0.04652853467381457	 -0.01439017666302389	 -0.04778490562452243	 0.08960793052840724	 -0.1625036930860691	 0.19183740057886833	 -1.67431640625	 -0.88916015625	 -1.45703125	 0.5153631	 0.5033568	 -0.57511634	 0.38765213	 5.657878	 -14.475007	 -5.950661	Scatto 10m	4	Braccio
46	 3171906108	 0.9981636530439015	 -0.003681673050901779	 -8.549277947635382E-4	 -0.060456894760363256	 -0.44636554415661844	 0.1955972050944459	 0.22996709882148386	 -1.60205078125	 -0.97265625	 -1.458740234375	 0.54102945	 0.538109	 -0.54230195	 0.35161704	 -15.462093	 -6.315041	 -37.49562	Scatto 10m	4	Braccio
47	 3171922775	 0.989458959417916	 0.066094312918276	 -0.08142148144454221	 -0.09986516803596691	 0.1784852795026933	 0.8386452604862251	 -0.577709241741557	 -1.48876953125	 -1.09423828125	 -1.291015625	 0.49352565	 0.6533672	 -0.4992444	 0.2833704	 -39.39043	 39.928677	 16.684336	Scatto 10m	4	Braccio
48	 3171939442	 0.9898245850086317	 0.0822022778119268	 -0.03131224451699376	 -0.11184641155767477	 0.4425442337196823	 1.4382353151291811	 -0.3328062069692783	 -1.26123046875	 -1.198486328125	 -1.0634765625	 0.4507264	 0.7576198	 -0.408423	 0.23674625	 -67.81645	 6.6841245	 52.689075	Scatto 10m	4	Braccio
49	 3171956109	 0.9867260642613476	 -0.13845289640187372	 -0.03268664461446869	 -0.07832019438874283	 0.6808223832288999	 1.3709687160765975	 -0.2654268560661811	 -1.082275390625	 -1.26513671875	 -1.21533203125	 0.5575382	 0.731073	 -0.37931362	 0.10394563	 -42.91874	 -24.922253	 69.086945	Scatto 10m	4	Braccio
50	 3171972776	 0.9758209291298271	 -0.1997423433490889	 0.03751331920041475	 -0.08043171904282198	 0.9151360275375837	 0.15411800240843176	 -0.5075470729452769	 -0.896728515625	 -1.22802734375	 -1.637451171875	 0.71810687	 0.63071245	 -0.2941452	 -0.0017409254	 41.797577	 2.662279	 37.869175	Scatto 10m	4	Braccio
51	 3171989443	 0.9869822586968863	 -0.1449554482403726	 0.0501015096356097	 -0.048412578688375695	 0.6577667300343134	 -1.0523323584086581	 -0.2494049098273432	 -0.740234375	 -1.0576171875	 -1.944091796875	 0.8163529	 0.5337399	 -0.21438275	 -0.052247148	 61.53657	 -13.835763	 -52.11824	Scatto 10m	4	Braccio
52	 3172006110	 0.9977618011356191	 -0.03875952564430862	 0.02079776754815602	 -0.050364076795333695	 0.2546408675303645	 -0.8118742253248383	 -0.2934835612946801	 -0.61279296875	 -0.95166015625	 -2.027587890625	 0.83719033	 0.51229644	 -0.16846476	 -0.09101965	 28.00797	 -10.664551	 -54.735443	Scatto 10m	4	Braccio
53	 3172022777	 0.9992740068440653	 -0.035608764059166076	 0.0031266670266042462	 -0.013179496245694441	 -0.18461094970518518	 -0.40549653699923255	 -0.02904581696656682	 -0.560791015625	 -0.886474609375	 -2.073486328125	 0.85419077	 0.48343807	 -0.15967917	 -0.105586104	 -8.907268	 -6.2357645	 -34.295135	Scatto 10m	4	Braccio
54	 3172039444	 0.9993683334182569	 -0.02158456629745209	 -0.010431436706668186	 0.026234057764691766	 -0.6104876713571299	 -0.5749993159074863	 -0.05124415192825	 -0.587890625	 -0.84814453125	 -2.119873046875	 0.8656703	 0.45774588	 -0.18095818	 -0.091313384	 -33.509865	 -3.139741	 -47.3437	Scatto 10m	4	Braccio
55	 3172056111	 0.9982088266669766	 0.01697563870071761	 -0.025229051848444057	 0.05152146152497109	 -0.47492498404546557	 -0.6826292374481423	 -0.232706745382907	 -0.681884765625	 -0.881103515625	 -2.111083984375	 0.8579856	 0.45835906	 -0.22502224	 -0.05597171	 -20.524704	 -3.5988178	 -57.248	Scatto 10m	4	Braccio
56	 3172072778	 0.9960568715700291	 0.03556711641004179	 -0.03559931132068892	 0.07306420369711711	 0.06537855223421958	 -0.5713850893631718	 -0.37011301798562746	 -0.822509765625	 -0.945556640625	 -2.07421875	 0.836653	 0.46749258	 -0.28540295	 -0.0028161278	 16.663567	 -4.0954943	 -47.087337	Scatto 10m	4	Braccio
57	 3172089445	 0.9950947035014295	 0.00803441823993123	 -0.031766672238006236	 0.09334268970771666	 0.519128085811791	 -0.2474578626489029	 -0.41088433978751543	 -1.00830078125	 -0.968505859375	 -2.02734375	 0.82148385	 0.44422764	 -0.35203612	 0.062423002	 41.774162	 2.4778047	 -16.675632	Scatto 10m	4	Braccio
58	 3172106112	 0.992007973527662	 -0.06733644138208161	 -0.013120210449002636	 0.10589543992690481	 0.5919221587894707	 -0.10634712725700217	 -0.28495732481117725	 -1.175048828125	 -0.854736328125	 -2.090576171875	 0.83258855	 0.3477067	 -0.41412917	 0.119972594	 37.933613	 1.9782254	 2.49121	Scatto 10m	4	Braccio
59	 3172122779	 0.9855618038556929	 -0.13318572737808826	 -0.02044103358578359	 0.1025263719704702	 0.748052519991051	 -0.5140293171170652	 0.08139559119184889	 -1.3046875	 -0.56689453125	 -2.192626953125	 0.84274447	 0.19004661	 -0.4834613	 0.14117199	 39.852077	 -29.811478	 12.826801	Scatto 10m	4	Braccio
60	 3172139446	 0.9936403763219421	 -0.07795668706948178	 -0.04708529238772064	 0.06621580419131787	 0.8428282219637754	 -0.9337765329037095	 0.48457239883995573	 -1.4052734375	 -0.29638671875	 -2.182373046875	 0.81444615	 0.092731915	 -0.5525312	 0.15095584	 25.176527	 -59.90379	 38.3431	Scatto 10m	4	Braccio
61	 3172156113	 0.9960575012522039	 0.027387801899577957	 -0.05703322044382553	 0.062181784086106535	 0.6310273037154477	 -0.6110649186370187	 0.4391545927044733	 -1.508544921875	 -0.222412109375	 -2.10693359375	 0.76118696	 0.07885558	 -0.60590285	 0.2173896	 1.6447854	 -36.288067	 36.58114	Scatto 10m	4	Braccio
62	 3172172780	 0.9900029490510689	 0.12228979889472935	 -0.037058082989690495	 0.05971653407225483	 0.7617316539409632	 -0.6290380549823569	 0.48961739129227133	 -1.592041015625	 -0.289794921875	 -2.029296875	 0.70363474	 0.13146146	 -0.60924995	 0.3412195	 -3.3482635	 -32.654	 47.62143	Scatto 10m	4	Braccio
63	 3172189447	 0.9951864573972746	 0.08897423282959427	 -0.0069122803127307795	 0.0404934721446062	 0.6786767540979123	 0.5236698985139103	 -0.5360632340678286	 -1.63330078125	 -0.36865234375	 -1.981689453125	 0.6675546	 0.15924068	 -0.5851457	 0.43199304	 5.016074	 56.108433	 12.693365	Scatto 10m	4	Braccio
64	 3172206114	 0.9993598081923903	 0.02671526236357552	 0.021051288706249397	 0.01109557435737879	 0.11481271789732561	 1.2814430701403048	 -0.21678656705298424	 -1.60302734375	 -0.415283203125	 -2.005615234375	 0.6673138	 0.15435325	 -0.56321734	 0.4622268	 -50.339943	 56.068253	 -31.027683	Scatto 10m	4	Braccio
65	 3172222781	 0.9996708314112084	 -0.018418248610406862	 -0.0012676181724103897	 -0.017815445206832373	 0.5181044061730592	 0.636214182303829	 -0.05942022729142086	 -1.595703125	 -0.40625	 -2.01416015625	 0.67709416	 0.1535902	 -0.57068694	 0.4384862	 -29.949553	 36.407963	 4.8055077	Scatto 10m	4	Braccio
66	 3172239448	 0.9987023989414813	 0.021138405240207825	 -0.002057403792464219	 -0.04628664237191876	 0.4014445390436059	 -0.02115193253246994	 -0.128351673430474	 -1.584228515625	 -0.464111328125	 -2.012451171875	 0.6928171	 0.20020874	 -0.55526096	 0.41425404	 5.124632	 14.6300335	 10.206503	Scatto 10m	4	Braccio
67	 3172256115	 0.9947767807883758	 0.08519164493980458	 -0.025602011114212318	 -0.0500607337508523	 0.14650233109737548	 -0.21468598656478982	 -0.08749355340363771	 -1.576904296875	 -0.637939453125	 -1.9423828125	 0.67816573	 0.3018055	 -0.5262456	 0.4148138	 13.801619	 -0.58632207	 -0.8737707	Scatto 10m	4	Braccio
68	 3172272782	 0.9923950529653084	 0.11071921542974722	 -0.03669720105500774	 -0.039327212198836226	 -0.020307424625605423	 -0.012317659543910706	 -0.1289592982672749	 -1.58154296875	 -0.826904296875	 -1.7666015625	 0.63496906	 0.41416135	 -0.49169573	 0.4283924	 4.125547	 5.919515	 -12.950153	Scatto 10m	4	Braccio
69	 3172289449	 0.9969878461574277	 0.051794010216567654	 -0.02601536908524002	 -0.051534606735844986	 -0.33378475415475006	 0.4362722281197656	 0.003394647063133499	 -1.547119140625	 -0.950927734375	 -1.638427734375	 0.61870956	 0.48566607	 -0.46563253	 0.40560248	 -27.9138	 4.875024	 -26.645964	Scatto 10m	4	Braccio
70	 3172306116	 0.9952175337926993	 0.005871789707463826	 -0.06680737809677599	 -0.0710236351438252	 0.10079807660479762	 0.8990601163383194	 -0.40109209836483833	 -1.482421875	 -1.049560546875	 -1.55615234375	 0.6092396	 0.5517058	 -0.4675921	 0.32527786	 -45.551197	 34.48231	 6.3585815	Scatto 10m	4	Braccio
71	 3172322783	 0.9949217227088732	 0.013047019346529798	 -0.048924277753783336	 -0.0869882521634373	 0.6729205200086593	 0.8629862108254736	 -0.4815566063361847	 -1.370361328125	 -1.147705078125	 -1.456298828125	 0.602455	 0.620839	 -0.43989542	 0.24103762	 -26.16927	 31.777584	 48.934822	Scatto 10m	4	Braccio
72	 3172339450	 0.9953154629327918	 -0.043523702798611674	 -0.032068191507662054	 -0.08015265207719782	 0.5734151981593443	 1.0570448117501656	 -0.1646382818667856	 -1.2236328125	 -1.2138671875	 -1.469482421875	 0.62875295	 0.64333874	 -0.41318855	 0.14163555	 -32.559013	 6.537278	 54.99979	Scatto 10m	4	Braccio
73	 3172356117	 0.9864828900892502	 -0.14148346210727708	 -0.012190528177124446	 -0.08176385836090332	 0.8384888729608848	 0.6236862708167639	 -0.3047981045528282	 -1.078369140625	 -1.188232421875	 -1.695068359375	 0.7159877	 0.58943176	 -0.37391004	 0.011092344	 12.151137	 2.8636713	 54.295124	Scatto 10m	4	Braccio
74	 3172372784	 0.981383866903609	 -0.17066253867932757	 0.01323383913174494	 -0.08709115439975382	 0.9460356679327044	 0.02254183348292127	 -0.3806283223806703	 -0.90869140625	 -1.016845703125	 -2.002197265625	 0.8069107	 0.49582174	 -0.2995045	 -0.115555875	 52.72874	 -4.7800856	 20.878914	Scatto 10m	4	Braccio
75	 3172389451	 0.9902208009509116	 -0.10770322680439515	 0.027197337090826893	 -0.08439837175694893	 0.46493946778960193	 -0.7981653593872114	 -0.17924316947796587	 -0.745361328125	 -0.80126953125	 -2.18017578125	 0.84722626	 0.4389145	 -0.21697554	 -0.20611522	 33.648933	 -28.22437	 -45.285282	Scatto 10m	4	Braccio
76	 3172406118	 0.99758558844675	 -0.026198176520513428	 7.248857186803738E-4	 -0.06431270334114639	 0.0142954844433924	 -0.41054782368464476	 -0.08538863998715626	 -0.6396484375	 -0.69580078125	 -2.232421875	 0.8406713	 0.43380505	 -0.18253401	 -0.2678929	 -0.3605456	 -9.977125	 -32.922195	Scatto 10m	4	Braccio
77	 3172422785	 0.9994598044175556	 -0.008726787692453608	 -0.01956115903798243	 -0.024925962113491452	 -0.08891235333647524	 -0.42266718536993086	 -0.11763518996782667	 -0.629150390625	 -0.66357421875	 -2.246826171875	 0.8315087	 0.42836323	 -0.18609016	 -0.30078015	 -7.766089	 -4.33105	 -35.15675	Scatto 10m	4	Braccio
78	 3172439452	 0.9995734975830739	 -0.008270857210392446	 -0.027755157857745353	 0.0037506083289674252	 -0.5558137777354459	 -0.6668924863733818	 -0.17386229861864375	 -0.6787109375	 -0.640869140625	 -2.2666015625	 0.8289676	 0.41429183	 -0.20790948	 -0.3129678	 -32.70361	 10.3446045	 -50.37604	Scatto 10m	4	Braccio
79	 3172456119	 0.9988724061579032	 0.018527539731023113	 -0.03222476550216422	 0.02953321818168098	 -0.45109308016367133	 -0.8482962830908274	 -0.26078349170652015	 -0.753173828125	 -0.67041015625	 -2.26318359375	 0.82182497	 0.41481918	 -0.24912286	 -0.30077684	 -27.931593	 4.2305603	 -62.440952	Scatto 10m	4	Braccio
80	 3172472786	 0.9972164416880257	 0.030106586312246497	 -0.04916696358653414	 0.04728183138771398	 -0.003995372991564468	 -0.6982013002618694	 -0.32389524775237305	 -0.8740234375	 -0.724609375	 -2.236572265625	 0.80897063	 0.4134087	 -0.31214678	 -0.2778927	 0.11428307	 -9.138106	 -55.07946	Scatto 10m	4	Braccio
81	 3172489453	 0.9956860005976833	 0.026007178461428138	 -0.05873835654584861	 0.06695386734579613	 0.2102229030331143	 -0.4618984649391302	 -0.3888404950868274	 -1.05126953125	 -0.766357421875	 -2.1826171875	 0.79567164	 0.3965952	 -0.3886704	 -0.24198024	 19.760252	 -11.196508	 -40.72555	Scatto 10m	4	Braccio
82	 3172506120	 0.9944169414133536	 0.014979506284481137	 -0.04637835135829461	 0.09359278576295743	 0.5476780539148015	 -0.4299120549088292	 -0.32111632591523015	 -1.228271484375	 -0.745849609375	 -2.130615234375	 0.79033834	 0.35971048	 -0.4618558	 -0.180729	 32.673206	 -28.858477	 -24.509819	Scatto 10m	4	Braccio
83	 3172522787	 0.9925431153379952	 0.0017345685098934527	 -0.028153844257971575	 0.11858548191380534	 1.0289480478574577	 -0.4016771254982609	 -0.1595810437678289	 -1.39306640625	 -0.6533203125	 -2.09765625	 0.7920389	 0.29807255	 -0.52429354	 -0.09456988	 40.741314	 -50.48939	 6.7595444	Scatto 10m	4	Braccio
84	 3172539454	 0.991923147398728	 -0.034408212659234605	 -0.022174742698073183	 0.12005342703343544	 1.1277582425036399	 -0.2910957028849354	 0.04903383226896368	 -1.512451171875	 -0.467041015625	 -2.076904296875	 0.79412663	 0.1996824	 -0.5736784	 -0.019574087	 29.164644	 -45.838997	 34.237362	Scatto 10m	4	Braccio
85	 3172556121	 0.9941657043512523	 -0.021597288935493286	 -0.0261899222797079	 0.1023826028844652	 1.0994279903374788	 -0.5526692068649909	 0.39067683193091	 -1.576904296875	 -0.259765625	 -2.052490234375	 0.77771765	 0.115648724	 -0.6158092	 0.050596174	 6.890386	 -53.451664	 45.826477	Scatto 10m	4	Braccio
86	 3172572788	 0.988110353384444	 0.10953207263339193	 -0.039005577488181016	 0.1005943314700988	 1.2530362795977001	 -0.6638812807838198	 0.6523303566770379	 -1.626953125	 -0.19287109375	 -1.99267578125	 0.7239325	 0.13035552	 -0.6469316	 0.20101927	 -11.29456	 -50.72643	 68.0968	Scatto 10m	4	Braccio
87	 3172589455	 0.9890622253598728	 0.13296716252487928	 0.02025784557596855	 0.060541454796518436	 1.5271620247748388	 0.498252493907339	 -0.6299350606535132	 -1.643798828125	 -0.276611328125	 -1.982421875	 0.6988894	 0.17113069	 -0.6036945	 0.34325084	 26.148907	 57.589268	 72.14821	Scatto 10m	4	Braccio
88	 3172606122	 0.9974594455526822	 0.045017717908724886	 0.04975048139078981	 0.023936356310242296	 0.3067164221815222	 1.37353817237459	 -0.14772730478344948	 -1.576171875	 -0.329345703125	 -2.05029296875	 0.70916444	 0.16203216	 -0.55640614	 0.40155166	 -49.572777	 68.925064	 -10.602177	Scatto 10m	4	Braccio
89	 3172622789	 0.9993322056034384	 -3.3297299327200713E-4	 0.035878217838596016	 -0.006912702617588585	 0.18881100850263588	 0.7764074112707419	 -0.27215324740524627	 -1.51220703125	 -0.340087890625	 -2.1064453125	 0.73108166	 0.14879611	 -0.52934355	 0.40394908	 -23.523556	 44.509506	 -15.340126	Scatto 10m	4	Braccio
90	 3172639456	 0.9989073857028796	 0.011632032884183074	 0.0209305740757233	 -0.040132800401672664	 -0.028620492055776173	 0.20420121329190355	 -0.2623418824843774	 -1.460205078125	 -0.377685546875	 -2.140625	 0.75605255	 0.17114377	 -0.50267	 0.3826453	 0.92683494	 17.11987	 -20.15023	Scatto 10m	4	Braccio
91	 3172656123	 0.9975613355348493	 0.05384640760034848	 0.0012168847787374928	 -0.044389924824224276	 -0.017050863904043756	 -0.0029401576186676784	 -0.30284780783694215	 -1.428955078125	 -0.5087890625	 -2.12841796875	 0.7624795	 0.23536669	 -0.47283602	 0.3737032	 11.362891	 11.179429	 -18.594585	Scatto 10m	4	Braccio
92	 3172672790	 0.996350396361952	 0.06909408422809993	 -0.02423014350731301	 -0.043872489554118266	 -0.12554042906594073	 0.008627994071314753	 -0.285187312183369	 -1.4248046875	 -0.666748046875	 -2.06640625	 0.7475532	 0.3191232	 -0.45495623	 0.36378485	 6.8967404	 9.940929	 -24.075172	Scatto 10m	4	Braccio
93	 3172689457	 0.9951596608277062	 0.07919898797537223	 -0.03737642082423276	 -0.04458444719104788	 -0.21184966929164278	 0.16325412855112376	 -0.19301646947899675	 -1.43310546875	 -0.8271484375	 -1.935302734375	 0.7164229	 0.41289094	 -0.439707	 0.35059538	 -7.0074677	 11.431987	 -24.366318	Scatto 10m	4	Braccio
94	 3172706124	 0.9960994764493581	 0.052279420209358995	 -0.04495821032794837	 -0.05505864658703183	 -0.1329611372303865	 0.5711548487613869	 -0.017306243338774965	 -1.420654296875	 -0.961181640625	 -1.810546875	 0.68976444	 0.49157128	 -0.43070582	 0.31156984	 -32.220932	 14.013702	 -7.684116	Scatto 10m	4	Braccio
95	 3172722791	 0.9961779533799768	 0.00846789730784192	 -0.05996341990854671	 -0.06294575591519948	 0.41663493160927356	 0.9951000278328161	 -0.4683387213339059	 -1.385009765625	 -1.046630859375	 -1.71484375	 0.6751816	 0.54547423	 -0.4363478	 0.23704094	 -31.81193	 45.671886	 33.559944	Scatto 10m	4	Braccio
96	 3172739458	 0.9969857984063085	 -0.03292794134868643	 -0.028907088098831194	 -0.0640269373960631	 0.5242037331224577	 1.0783224473051405	 -0.3464007960161732	 -1.308837890625	 -1.09521484375	 -1.71142578125	 0.6910933	 0.5629425	 -0.42554358	 0.15620002	 -28.186537	 32.760197	 51.33679	Scatto 10m	4	Braccio
97	 3172756125	 0.9917192634551916	 -0.10815867881250729	 -0.0118773948082454	 -0.06821678812428987	 0.667690080472654	 0.6638738415656351	 -0.22557959213838197	 -1.210693359375	 -1.0634765625	 -1.853515625	 0.7490965	 0.52249616	 -0.40454513	 0.04685521	 2.1545782	 13.382117	 46.67506	Scatto 10m	4	Braccio
98	 3172772792	 0.9865573947542609	 -0.14877616700895824	 0.004275306934239873	 -0.06746762732174735	 0.7353198619824661	 0.2544498361783749	 -0.22138267031269374	 -1.098876953125	 -0.917236328125	 -2.07080078125	 0.81889445	 0.43940192	 -0.3625994	 -0.0697099	 29.760174	 1.4408307	 28.50373	Scatto 10m	4	Braccio
99	 3172789459	 0.9900207702545459	 -0.12766254795779663	 0.015152138080009094	 -0.05771967623889825	 0.5399682354563562	 -0.25127869733020647	 -0.06596353135435401	 -0.99951171875	 -0.701416015625	 -2.239501953125	 0.86519176	 0.3604573	 -0.3087464	 -0.16183132	 29.221018	 -20.611105	 -6.0870104	Scatto 10m	4	Braccio
102	 3172839460	 0.9893163143758088	 -0.05239456228208039	 -0.03832510349988113	 -0.13053438778673754	 0.14373852946701876	 -0.5411459657745844	 -0.06123958579943933	 -0.924560546875	 -0.567138671875	 -2.298583984375	 0.83357996	 0.35961366	 -0.2779721	 -0.3139335	 7.3017464	 4.490565	 -16.363165	Scatto 10m	4	Braccio
103	 3172856127	 0.9990010996955234	 0.002008921400612207	 -0.039153676362380686	 -0.021441937161810715	 -0.09300835307417891	 -0.21383849012068284	 -0.35603709496339386	 -0.9833984375	 -0.57763671875	 -2.295654296875	 0.81176907	 0.35847938	 -0.30221635	 -0.3481221	 6.968016	 6.3234777	 -33.550964	Scatto 10m	4	Braccio
104	 3172872794	 0.9995900289274618	 -0.0036051961754791084	 -0.028105141204364335	 -0.004108243811551143	 0.04159882879733139	 -0.4232147491817556	 -0.3963304454242182	 -1.04296875	 -0.5810546875	 -2.276611328125	 0.7999071	 0.35093915	 -0.32144085	 -0.36560392	 10.216695	 -5.55616	 -42.69479	Scatto 10m	4	Braccio
105	 3172889461	 0.9989292707980809	 -0.03324798895123621	 -0.02837863185017018	 0.015150459657228362	 0.19416388543995167	 -0.49536422547004655	 -0.20476872370147942	 -1.09912109375	 -0.531982421875	 -2.279541015625	 0.8043789	 0.31255072	 -0.3369142	 -0.37653092	 4.9536157	 -19.690765	 -37.33902	Scatto 10m	4	Braccio
106	 3172906128	 0.9976908211483364	 -0.05027936945286876	 -0.037467899359227376	 0.02609917472616416	 0.1187412809656119	 -0.5077140322568195	 -0.12329111378475227	 -1.1806640625	 -0.423828125	 -2.279052734375	 0.8132667	 0.25131223	 -0.3561532	 -0.3854794	 -2.750841	 -19.732002	 -35.042755	Scatto 10m	4	Braccio
107	 3172922795	 0.9982607723975624	 -0.03414439393921065	 -0.03860689011604434	 0.028619900249891837	 -0.048282138048961844	 -0.5243918387141233	 0.022253557153299047	 -1.262451171875	 -0.326171875	 -2.267578125	 0.8161084	 0.19975129	 -0.38192979	 -0.38496268	 -16.388596	 -15.9349785	 -31.66615	Scatto 10m	4	Braccio
108	 3172939462	 0.9979846188950345	 0.010120140896288932	 -0.045189566629902485	 0.04338417067287817	 0.04617604284320563	 -0.5912075359711376	 0.14232010895304306	 -1.348388671875	 -0.283935546875	 -2.226318359375	 0.8110508	 0.17429213	 -0.43106622	 -0.35496593	 -22.365002	 -24.574018	 -25.134735	Scatto 10m	4	Braccio
109	 3172956129	 0.994017367596953	 0.060558151153515705	 -0.053230428689767406	 0.07367974420419464	 0.5243652375214536	 -0.4720922891986525	 0.13643885237299536	 -1.450927734375	 -0.2958984375	 -2.149169921875	 0.79913867	 0.17117228	 -0.5056989	 -0.2763082	 -6.881804	 -42.106197	 -3.5807877	Scatto 10m	4	Braccio
110	 3172972796	 0.9926630204990852	 0.06985099936046452	 -0.04504836374685787	 0.08781577617779274	 1.262832686199553	 0.12378499596690118	 0.14006264776195165	 -1.548583984375	 -0.298828125	 -2.071044921875	 0.78388023	 0.16703852	 -0.57192	 -0.17475028	 20.144667	 -40.136543	 52.235355	Scatto 10m	4	Braccio
111	 3172989463	 0.9963174228624886	 0.03648978674502806	 -0.013899999433060252	 0.07633399229512648	 1.0565851702284712	 0.47611300672801	 0.17442747576397868	 -1.5908203125	 -0.25390625	 -2.02978515625	 0.7809392	 0.1459846	 -0.6002492	 -0.09232296	 10.491932	 -4.0428658	 59.59776	Scatto 10m	4	Braccio
112	 3173006130	 0.9969852606385647	 0.03910166190627451	 -7.345675035279054E-4	 0.06701425606692338	 0.7095475010207613	 0.2877262548028531	 0.41402072234415793	 -1.597412109375	 -0.197265625	 -2.029296875	 0.7788274	 0.13300149	 -0.61283803	 -0.012971818	 -13.345593	 0.28854004	 40.677624	Scatto 10m	4	Braccio
113	 3173022797	 0.9966526590591798	 0.06238795827415883	 0.005388569531559473	 0.05255647601439498	 0.5484286875404102	 0.18718453221599726	 0.14165038448728953	 -1.587890625	 -0.197265625	 -2.03857421875	 0.77260834	 0.1467003	 -0.61371446	 0.07007097	 -1.5362403	 3.561291	 25.769299	Scatto 10m	4	Braccio
114	 3173039464	 0.9981562012497307	 0.041034785057541434	 0.026317227386037315	 0.036162796693564564	 0.5247300144120994	 0.5290182310985311	 -0.1896545413657849	 -1.55859375	 -0.21337890625	 -2.07275390625	 0.7795135	 0.15217982	 -0.59364796	 0.1295473	 8.841486	 31.697784	 22.517113	Scatto 10m	4	Braccio
115	 3173056131	 0.9990394727835258	 -7.343627484895365E-4	 0.02994368507235823	 0.03198387493809566	 0.20761583024651747	 0.4982540204938037	 -0.09893195011121542	 -1.5009765625	 -0.18408203125	 -2.11865234375	 0.7926994	 0.12786464	 -0.5742831	 0.15961623	 -2.9508739	 30.165684	 3.046424	Scatto 10m	4	Braccio
116	 3173072798	 0.9990296441191626	 -0.01801832648733781	 0.027554958367237373	 0.029254646658519567	 0.02846643688995945	 0.2767873080304408	 -0.06963242271058004	 -1.45361328125	 -0.117431640625	 -2.151611328125	 0.8054898	 0.09276238	 -0.55829835	 0.17573975	 -2.5235937	 17.01229	 -9.191528	Scatto 10m	4	Braccio
117	 3173089465	 0.999338919630903	 -0.01038647973486273	 0.021648123304051414	 0.02729841583443041	 -0.17983912280987752	 0.20342440365897435	 -0.03369553246933403	 -1.402099609375	 -0.062744140625	 -2.177001953125	 0.8133311	 0.06649034	 -0.54477495	 0.19311117	 -6.3751264	 9.994154	 -21.169725	Scatto 10m	4	Braccio
118	 3173106132	 0.9996417829211325	 0.005267982117288128	 0.015125895723321183	 0.021442049371236505	 -0.16566674679982007	 0.2026779998695127	 -0.06509877784848012	 -1.3603515625	 -0.032958984375	 -2.19384765625	 0.8170631	 0.057812426	 -0.5324992	 0.21333174	 -4.65609	 9.991557	 -21.662407	Scatto 10m	4	Braccio
119	 3173122799	 0.9998057772359921	 0.01170198639343456	 0.007103620119919996	 0.014177796061926042	 0.061569354973028206	 0.2820837344023664	 -0.12834169295914208	 -1.333984375	 -0.04052734375	 -2.211181640625	 0.81735384	 0.06037479	 -0.5246855	 0.23020196	 0.82326764	 18.811428	 -12.010269	Scatto 10m	4	Braccio
120	 3173139466	 0.9999835592208527	 0.004289466757170124	 0.003805116964695821	 5.33649648002954E-5	 0.04997262274676203	 0.22014657114389516	 -0.07626492756787344	 -1.32763671875	 -0.04541015625	 -2.214599609375	 0.8193654	 0.06565049	 -0.5206124	 0.23085326	 -0.9819123	 14.211901	 -11.023943	Scatto 10m	4	Braccio
121	 3173156133	 0.9999308741778814	 0.001049214025581502	 0.0025762352795896115	 -0.011424054777995076	 -0.04864531788242942	 0.2054977357122929	 -0.017748678494759577	 -1.321533203125	 -0.056640625	 -2.220458984375	 0.82346237	 0.074948855	 -0.51760197	 0.21995634	 -5.6610465	 10.395388	 -14.455144	Scatto 10m	4	Braccio
122	 3173172800	 0.9998067172483791	 -0.01026296210744726	 0.001736942770131589	 -0.01667881241618152	 -0.017130230057069325	 0.2167345478162591	 -0.0464246436225752	 -1.324462890625	 -0.062744140625	 -2.22216796875	 0.8289341	 0.078142084	 -0.5170468	 0.19855691	 -3.8187742	 12.302519	 -13.273845	Scatto 10m	4	Braccio
123	 3173189467	 0.9994721418175844	 -0.024935282228348843	 1.1469030713828766E-4	 -0.0208244154034733	 0.04572598936348871	 0.2114510460327252	 -0.07565087334527094	 -1.32958984375	 -0.042724609375	 -2.210693359375	 0.8349481	 0.071892716	 -0.5198704	 0.16561437	 -0.38996696	 13.735941	 -10.315303	Scatto 10m	4	Braccio
124	 3173206134	 0.9992482958173833	 -0.029556730224788774	 -0.0010230835163548837	 -0.025063844569276295	 0.07802617249176372	 0.11766840084774137	 -0.06575627124040724	 -1.341796875	 -0.015380859375	 -2.198486328125	 0.8402952	 0.06436074	 -0.52330273	 0.12615883	 2.7520854	 8.683487	 -7.726405	Scatto 10m	4	Braccio
125	 3173222801	 0.9992209889542172	 -0.028481534934169217	 0.0011434869793137126	 -0.027293036450314893	 0.1229142259905907	 0.051085371858886584	 -0.009384654235037922	 -1.351318359375	 0.009033203125	 -2.188720703125	 0.84559846	 0.05858699	 -0.5237082	 0.0852104	 2.7422464	 4.1000195	 -3.5058646	Scatto 10m	4	Braccio
126	 3173239468	 0.9989315654777872	 -0.033528875517225276	 0.0034857512080265223	 -0.03161315449561475	 0.11377968558645188	 0.0626628050167141	 0.03156875997542312	 -1.36083984375	 0.03515625	 -2.173583984375	 0.8511319	 0.050422296	 -0.52114403	 0.03796539	 0.5619149	 3.8390844	 -2.7935352	Scatto 10m	4	Braccio
127	 3173256135	 0.9989965615045494	 -0.026718531490790565	 0.003467487916270107	 -0.03577662231979387	 0.11520266453294953	 0.09505715437911813	 0.03773351101633887	 -1.3740234375	 0.045654296875	 -2.1630859375	 0.85462534	 0.05005602	 -0.51674324	 -0.009302593	 0.48008057	 5.407276	 -2.332758	Scatto 10m	4	Braccio
128	 3173272802	 0.9992693078755599	 -0.022510651788427483	 -0.0023357823458654563	 -0.030800406081615356	 0.27208683862134975	 0.1355009715085268	 0.09844770146061424	 -1.39013671875	 0.048095703125	 -2.150390625	 0.8533599	 0.050547436	 -0.5164111	 -0.050412025	 2.1114411	 6.41396	 8.128765	Scatto 10m	4	Braccio
129	 3173289469	 0.9986827313372617	 -0.04405488904709401	 -0.016141596044090767	 -0.02077059837713602	 0.6872045327947645	 0.18145698259532622	 0.10404365209713133	 -1.425537109375	 0.078857421875	 -2.111572265625	 0.8447682	 0.026637277	 -0.5260052	 -0.09473954	 13.898637	 4.5790153	 30.726204	Scatto 10m	4	Braccio
130	 3173306136	 0.9971136663772832	 -0.0664480765073559	 -0.024256592675655945	 -0.027579107380257248	 0.4242066354847032	 0.1478908743984991	 0.30507201068741735	 -1.473876953125	 0.144775390625	 -2.03955078125	 0.8281655	 -0.013612153	 -0.5380125	 -0.15652321	 -4.282902	 4.701417	 22.1426	Scatto 10m	4	Braccio
131	 3173322803	 0.9986483382774131	 -0.03410001994794726	 -0.028139029958661636	 -0.02732910697949167	 0.18045491540111136	 -0.09118337339694853	 0.24259399290668598	 -1.540771484375	 0.173095703125	 -1.960205078125	 0.8066344	 -0.027909078	 -0.5554757	 -0.20002207	 -10.381379	 -5.163868	 5.1728973	Scatto 10m	4	Braccio
132	 3173339470	 0.999211321384325	 0.009469352168315681	 -0.028205736894901027	 -0.0262964444957706	 0.14536848444915407	 -0.21050290417527873	 0.10610181850303081	 -1.596923828125	 0.13330078125	 -1.919677734375	 0.7848907	 -0.00804692	 -0.5800238	 -0.21783997	 -7.4578834	 -12.4880905	 -1.7790756	Scatto 10m	4	Braccio
133	 3173356137	 0.9988352918158747	 0.02820354145264556	 -0.03049410972718203	 -0.024550546726537472	 0.058869654866725935	 -0.13402056457804934	 -0.022580894780911985	 -1.651611328125	 0.061767578125	 -1.888916015625	 0.76077247	 0.024427375	 -0.6091397	 -0.22266039	 -0.77544326	 -8.81461	 -8.9982195	Scatto 10m	4	Braccio
134	 3173372804	 0.9991169782498431	 0.0251471361763686	 -0.028946111027462088	 -0.017175796092627135	 0.014989386825533786	 -0.053745855584498764	 -0.09571074053844886	 -1.697265625	 -0.001220703125	 -1.850830078125	 0.7375883	 0.049962763	 -0.63538194	 -0.22306305	 4.5287676	 -4.5706406	 -11.481933	Scatto 10m	4	Braccio
135	 3173389471	 0.9996899134707925	 0.0058483442247401485	 -0.02171010081028713	 -0.01070258367851073	 0.04146635094858376	 -0.0964497869336186	 -0.10368565215023377	 -1.73486328125	 -0.0400390625	 -1.814208984375	 0.720321	 0.05847037	 -0.65170264	 -0.23022294	 4.663207	 -7.460428	 -10.798576	Scatto 10m	4	Braccio
136	 3173406138	 0.9997188406741303	 -0.0199410223028407	 -0.012096191872011832	 -0.0042752044262098984	 0.19035941207745166	 -0.1888649936745993	 -0.0898951937823327	 -1.7509765625	 -0.038818359375	 -1.780517578125	 0.7117691	 0.046135716	 -0.6553073	 -0.24865364	 2.8266182	 -15.889795	 -4.5715556	Scatto 10m	4	Braccio
137	 3173422805	 0.9990745321983391	 -0.042979857442416336	 0.0010203717198312146	 0.0013303414797970275	 0.18766994463258363	 -0.3046538097402861	 -0.041965081589966674	 -1.7529296875	 -0.005126953125	 -1.759765625	 0.71343166	 0.016550705	 -0.64349705	 -0.276863	 -2.7598627	 -21.266773	 -7.10032	Scatto 10m	4	Braccio
138	 3173439472	 0.998809246032195	 -0.047201811119053694	 0.010174058701831747	 0.006969045645635566	 0.10776894049010688	 -0.4370322012522785	 0.06760781486281905	 -1.744384765625	 0.049560546875	 -1.75146484375	 0.7212615	 -0.017653454	 -0.62286747	 -0.30250037	 -13.438051	 -23.532816	 -13.198406	Scatto 10m	4	Braccio
139	 3173456139	 0.9996377835509171	 -0.022217719913879386	 0.010562603830568675	 0.010913570431188431	 -0.005375564356297234	 -0.5652840856460233	 0.19544850227167865	 -1.7265625	 0.09765625	 -1.752197265625	 0.73016423	 -0.036722284	 -0.6084484	 -0.30871066	 -25.970003	 -22.864122	 -19.33788	Scatto 10m	4	Braccio
140	 3173472806	 0.9992835936438774	 0.03382580648719108	 0.0023303831191639483	 0.016813197321958573	 -0.0651713342265493	 -0.5635709241824287	 0.17694138521147293	 -1.711669921875	 0.10986328125	 -1.776611328125	 0.73768073	 -0.021509683	 -0.6160869	 -0.2753207	 -26.228525	 -21.188425	 -21.407871	Scatto 10m	4	Braccio
141	 3173489473	 0.9959192582537257	 0.08731640059173731	 6.004014048171524E-4	 0.022810452542755735	 0.05059329721832595	 -0.4157680456909118	 0.025204012845043255	 -1.6943359375	 0.07275390625	 -1.8193359375	 0.7439845	 0.028810844	 -0.63603455	 -0.20277385	 -11.868838	 -21.76436	 -14.19495	Scatto 10m	4	Braccio
142	 3173506140	 0.9931062375301719	 0.11485104197375398	 0.00885468669214168	 0.021698701799713394	 0.21531242794610075	 -0.25138113667868894	 -0.07425346958110508	 -1.677734375	 -0.010986328125	 -1.888916015625	 0.7467523	 0.1016681	 -0.6478642	 -0.11089061	 1.7357867	 -19.112698	 -3.034165	Scatto 10m	4	Braccio
143	 3173522807	 0.9897614619204762	 0.14027460507780581	 0.007573902243798226	 0.02525707172474319	 0.7656955268097767	 0.2888068658523537	 -0.1796751997999821	 -1.6611328125	 -0.139892578125	 -1.950927734375	 0.7339273	 0.18953393	 -0.65224564	 0.0018557757	 17.708393	 3.2618697	 37.121456	Scatto 10m	4	Braccio
144	 3173539474	 0.9961827462395515	 0.07112381046512761	 0.03849089630423031	 0.032860167090916464	 0.8740421736345723	 1.2717925806179466	 -0.7089777651758082	 -1.62744140625	 -0.2314453125	 -1.999755859375	 0.74378735	 0.21938264	 -0.6262447	 0.08043269	 29.578123	 70.32074	 57.732258	Scatto 10m	4	Braccio
145	 3173556141	 0.9991652349333566	 -0.010926121612467643	 0.02743089520733355	 0.028231173464878693	 0.17863750011928628	 0.6795273449815663	 -0.29927913088848057	 -1.555908203125	 -0.184814453125	 -2.067626953125	 0.7606859	 0.19231477	 -0.6118618	 0.0999864	 2.1872232	 42.34566	 7.5551586	Scatto 10m	4	Braccio
146	 3173572808	 0.9987224017620794	 -0.04817961023121986	 0.01498295626669516	 0.0027929192723378515	 0.17084256806342862	 0.5291742851793715	 -0.06976231376256883	 -1.542724609375	 -0.10693359375	 -2.0751953125	 0.7778592	 0.15412971	 -0.6047242	 0.07407963	 -6.188338	 29.630106	 4.82952	Scatto 10m	4	Braccio
147	 3173589475	 0.9992766957600644	 -0.03649791208996822	 0.009390766499701721	 -0.005079490965520379	 -0.0840343529768354	 0.09324190946180927	 0.13736510327924734	 -1.518310546875	 -0.04638671875	 -2.07958984375	 0.7889291	 0.13046727	 -0.59857905	 0.04766798	 -10.556024	 2.9145737	 -11.986583	Scatto 10m	4	Braccio
148	 3173606142	 0.9999665839406441	 0.0046382520461174526	 0.005444114373230503	 -0.003959701848200131	 -0.06179365590397067	 0.1567320917534176	 -0.04140184965909627	 -1.510009765625	 -0.0400390625	 -2.0908203125	 0.79177666	 0.13873495	 -0.5930462	 0.046247933	 -0.90332705	 10.001456	 -12.551806	Scatto 10m	4	Braccio
149	 3173622809	 0.9999095491921729	 0.013287310102808814	 -0.0017302875033123888	 -0.0011605730020824436	 -0.12641891678936856	 0.23981597843589092	 -0.07545110280443085	 -1.513671875	 -0.06640625	 -2.091796875	 0.7888515	 0.1526406	 -0.5931351	 0.05103964	 -1.4614431	 15.726849	 -15.778216	Scatto 10m	4	Braccio
150	 3173639476	 0.9998913107321191	 -0.012711396553840515	 -0.006892497525103681	 0.0028776028082871663	 -0.15854519668255046	 0.2177946526891607	 -0.10370414505536471	 -1.52001953125	 -0.05859375	 -2.0849609375	 0.7864138	 0.1441024	 -0.5991445	 0.04258899	 -0.48290825	 15.252433	 -18.003998	Scatto 10m	4	Braccio
151	 3173656143	 0.9995424141917748	 -0.027128865666387614	 -0.01131158180914499	 0.0071438782400452825	 -0.17897923101510463	 0.07044003275483997	 -0.09823557359253718	 -1.5283203125	 -0.01318359375	 -2.05712890625	 0.78281826	 0.12195604	 -0.609539	 0.028011808	 1.4592727	 6.85381	 -20.712929	Scatto 10m	4	Braccio
152	 3173672810	 0.999642898727746	 -0.021005183695565643	 -0.015106689001465558	 0.006681708502897621	 -0.0817057063435653	 0.012678752256685188	 -0.11438150176285122	 -1.548095703125	 0.034912109375	 -2.024658203125	 0.7756145	 0.104892775	 -0.622218	 0.016267687	 5.0937753	 2.8237443	 -15.959759	Scatto 10m	4	Braccio
153	 3173689477	 0.9996944330123357	 0.006374741666386019	 -0.023862509075322724	 9.91934202170697E-4	 0.1546512087099764	 0.057636039325072	 -0.09053429693987193	 -1.57373046875	 0.041748046875	 -1.993408203125	 0.7596191	 0.11256699	 -0.64034826	 0.016172117	 6.784419	 3.3625453	 -1.4328499	Scatto 10m	4	Braccio
154	 3173706144	 0.9996535769620636	 0.00531288925170087	 -0.025502066542336114	 0.0037608345910229712	 0.546849375925474	 0.17503231296720467	 -0.01803955024594618	 -1.6103515625	 0.027587890625	 -1.956298828125	 0.7420133	 0.11749853	 -0.6597831	 0.017229958	 5.1913924	 6.3719635	 23.660065	Scatto 10m	4	Braccio
155	 3173722811	 0.9990341764765504	 -0.031394662497125525	 -0.030526166115960932	 -0.0036390356927713256	 0.5482788896449162	 0.304724135332225	 0.18276357765722795	 -1.648193359375	 0.05126953125	 -1.898193359375	 0.72449356	 0.099937715	 -0.6818901	 -0.012146032	 -9.738118	 11.188822	 26.472935	Scatto 10m	4	Braccio
156	 3173739478	 0.9982598838109269	 -0.04691611561344772	 -0.03427322910157866	 -0.010071158646901376	 0.5188576009945701	 0.22022779535717207	 0.29525995319344855	 -1.69140625	 0.087646484375	 -1.811767578125	 0.704153	 0.075217076	 -0.703726	 -0.057279073	 -16.910618	 5.723885	 23.93388	Scatto 10m	4	Braccio
157	 3173756145	 0.998911972116918	 -0.028207040814023948	 -0.034931767952424475	 -0.012609773896608447	 0.3130578768410306	 0.06100096221003208	 0.3365421697854845	 -1.736572265625	 0.09814453125	 -1.7236328125	 0.6801364	 0.06510896	 -0.72449803	 -0.09098426	 -20.190113	 -0.5161095	 9.319302	Scatto 10m	4	Braccio
158	 3173772812	 0.9995563265374451	 -0.017026828740345668	 -0.021111564505998385	 -0.012310118850945163	 0.16055690011879928	 -0.041060050617661534	 0.10917615688304287	 -1.76904296875	 0.091064453125	 -1.669189453125	 0.6647233	 0.06336193	 -0.73541605	 -0.11529013	 -7.221187	 -4.2609916	 -1.3592024	Scatto 10m	4	Braccio
159	 3173789479	 0.9997762773757939	 -0.017293856385583645	 -0.006335589909574114	 -0.010400866714471458	 0.09879617887685033	 -0.08529326041511698	 0.06655495269390273	 -1.78125	 0.08203125	 -1.637939453125	 0.6600691	 0.06149344	 -0.73597294	 -0.13737272	 -4.897634	 -6.0803223	 -5.7726107	Scatto 10m	4	Braccio
160	 3173806146	 0.9998928497953143	 -0.010435617191721508	 -0.0020729685329611285	 -0.010054333567881497	 0.036273504166550646	 -0.22326426594677007	 0.08921843277175738	 -1.79150390625	 0.067626953125	 -1.6240234375	 0.65800077	 0.06426886	 -0.73435676	 -0.15370291	 -6.7683907	 -12.728778	 -12.045752	Scatto 10m	4	Braccio
161	 3173822813	 0.999980322499014	 0.002470328146859796	 2.8854515303572414E-4	 -0.005759239125911743	 -0.008695941943814046	 -0.26876576167652216	 0.02999346494024197	 -1.796875	 0.05419921875	 -1.619384765625	 0.6574698	 0.07250232	 -0.7333021	 -0.15730569	 -3.4546268	 -14.80758	 -15.50148	Scatto 10m	4	Braccio
162	 3173839480	 0.9999450576331422	 0.010392941383143395	 6.97931286554543E-4	 0.0011753196916827538	 0.007493776678557204	 -0.23151129134763493	 -0.0012289349029090506	 -1.796630859375	 0.048828125	 -1.628662109375	 0.657709	 0.08070331	 -0.7337105	 -0.15024976	 -1.3812135	 -13.199074	 -13.938607	Scatto 10m	4	Braccio
163	 3173856147	 0.9996571689333519	 0.025058310780187637	 -0.0013677521705963704	 0.007466921386984894	 0.1129655268509622	 -0.13852707680476115	 -0.05639440213106901	 -1.793212890625	 0.0478515625	 -1.6337890625	 0.65590805	 0.093445085	 -0.73798066	 -0.12820847	 1.8828799	 -10.362295	 -5.868859	Scatto 10m	4	Braccio
164	 3173872814	 0.9987045850804879	 0.049664769114173335	 0.0031372982900339523	 0.010616958485640912	 0.47862948236721903	 0.06857050001323756	 -0.060296725094385405	 -1.787841796875	 0.037109375	 -1.662353515625	 0.6543686	 0.12035917	 -0.74165756	 -0.08520378	 0.28703266	 -5.1593432	 18.96173	Scatto 10m	4	Braccio
165	 3173889481	 0.9993200607202656	 0.032067245661648786	 0.009825628716784385	 0.015315515598244992	 0.6014565984390662	 0.4471117552772123	 -0.059584808924031375	 -1.7734375	 0.0283203125	 -1.702880859375	 0.65894336	 0.13263488	 -0.73863715	 -0.05115591	 -2.2966743	 15.260855	 32.57245	Scatto 10m	4	Braccio
166	 3173906148	 0.9999274901763171	 0.003332828662486076	 0.009222624977523521	 0.006989265435071529	 0.3938136288573253	 0.4729909665470037	 0.033821663693745	 -1.75927734375	 0.041748046875	 -1.72607421875	 0.6659037	 0.13221748	 -0.7329047	 -0.044065565	 -7.869324	 20.75765	 19.767302	Scatto 10m	4	Braccio
167	 3173922815	 0.9999962159432911	 0.0015714085504122677	 8.922891605369078E-4	 0.0020742695871497356	 0.28563914047097155	 0.3090084589327389	 0.06769094108289557	 -1.75146484375	 0.0458984375	 -1.733642578125	 0.6667394	 0.1341109	 -0.7318704	 -0.04288004	 -7.8122373	 12.989264	 10.783203	Scatto 10m	4	Braccio
168	 3173939482	 0.9999400373302454	 0.0011085007699275784	 -0.008510436829906211	 -0.0068018699630785495	 0.16399465698162005	 0.11019563815961635	 0.03030718068661073	 -1.760498046875	 0.0361328125	 -1.72265625	 0.6603526	 0.141903	 -0.73577285	 -0.049360875	 -3.4251015	 3.6135094	 1.0982218	Scatto 10m	4	Braccio
169	 3173956149	 0.9999343265741345	 -0.0055456652841214815	 -9.100245764509518E-5	 -0.010028950784657266	 0.017200851788204668	 0.08725034205817077	 -0.065843419346124	 -1.771240234375	 0.02197265625	 -1.71044921875	 0.66083455	 0.14804877	 -0.7331939	 -0.061695833	 3.0553808	 5.16469	 -6.9722824	Scatto 10m	4	Braccio
170	 3173972816	 0.9999431119598123	 -0.0076735020565891765	 0.007073051184009583	 -0.0022050299911780535	 -0.14838036123256348	 0.08942921223175251	 0.005802215217028277	 -1.766845703125	 0.02099609375	 -1.724365234375	 0.66718113	 0.14746752	 -0.72684973	 -0.0693716	 -0.35793275	 7.729701	 -16.761948	Scatto 10m	4	Braccio
171	 3173989483	 0.999967733988387	 -0.006758761876166142	 -4.3616891329095747E-4	 0.004319707942778487	 -0.1715450351605316	 0.05038056327961354	 -0.06294615923312469	 -1.763916015625	 0.029296875	 -1.720947265625	 0.66829425	 0.1422654	 -0.7264916	 -0.07316775	 4.0274796	 6.4112196	 -18.299553	Scatto 10m	4	Braccio
172	 3174006150	 0.9999005195065789	 -0.009034405877977353	 -0.001977843920885292	 0.01064982320653679	 -0.12329701806642729	 0.08879509977873387	 -0.08485152156023412	 -1.760498046875	 0.051513671875	 -1.71337890625	 0.6689388	 0.1308384	 -0.7278975	 -0.07461551	 4.942482	 7.7517824	 -14.762039	Scatto 10m	4	Braccio
175	 3174056151	 0.9980066372655088	 -0.014536004679302078	 -0.036785850106424385	 0.04917578442589705	 0.5478719969317423	 0.44374033300331334	 -0.3117792494470208	 -1.7470703125	 0.157470703125	 -1.637939453125	 0.64626145	 0.08994005	 -0.75521415	 -0.062518746	 -0.7943436	 0.7501068	 22.289322	Scatto 10m	4	Braccio
176	 3174072818	 0.9996636196123093	 0.002210031449885047	 -0.02575575576586914	 0.0020986732798612406	 0.4826901370912185	 0.15649909931144784	 0.23011454203563514	 -1.7607421875	 0.16552734375	 -1.594970703125	 0.6263525	 0.09068796	 -0.77163005	 -0.06360479	 -18.41439	 2.491351	 17.975977	Scatto 10m	4	Braccio
177	 3174089485	 0.9995879033333617	 -0.0070158600201862265	 -0.027818920941519498	 -9.533391005088766E-4	 0.37526984597200436	 0.5005238170718102	 0.28397994988687975	 -1.77880859375	 0.16552734375	 -1.5380859375	 0.6052437	 0.08777664	 -0.7877291	 -0.07388053	 -22.925865	 23.993639	 14.638325	Scatto 10m	4	Braccio
178	 3174106152	 0.9994413076572624	 -0.027089701996162285	 -0.017275145527303363	 -0.00920814536759787	 0.4152987274106884	 0.3646536329206854	 0.04099632372755231	 -1.7958984375	 0.160400390625	 -1.480712890625	 0.59326434	 0.080044866	 -0.79420936	 -0.10421971	 -9.668796	 15.541368	 17.94672	Scatto 10m	4	Braccio
179	 3174122819	 0.9985280401012085	 -0.05296490763186651	 8.270196386742646E-4	 -0.01165279922183582	 0.35373304439159337	 0.25110961457231734	 -0.01026511032098891	 -1.805419921875	 0.154541015625	 -1.446044921875	 0.5964172	 0.06061437	 -0.7852343	 -0.15498331	 -5.4184422	 9.077993	 13.978146	Scatto 10m	4	Braccio
180	 3174139486	 0.9975359907687271	 -0.06859669994682688	 0.007802090294541154	 -0.012472660682270875	 0.29872034123840874	 0.03517874681783643	 -9.622777427604036E-5	 -1.813720703125	 0.149169921875	 -1.39599609375	 0.60366064	 0.033249605	 -0.7663063	 -0.2174009	 -4.796026	 -3.1022167	 7.3067703	Scatto 10m	4	Braccio
181	 3174156153	 0.9984898665043263	 -0.05308601422497372	 0.006029905264469004	 -0.012786783191262413	 0.21155108647985654	 -0.1445895993863226	 0.05530675037277707	 -1.82421875	 0.1337890625	 -1.363037109375	 0.6066938	 0.014771834	 -0.7485802	 -0.267081	 -8.336538	 -10.880102	 -2.0983267	Scatto 10m	4	Braccio
182	 3174172820	 0.9996027797043052	 -0.024853367419302552	 -1.5382011515829855E-4	 -0.013287937188278191	 0.09725249491506405	 -0.18312867735421906	 -0.0080809495859423	 -1.8310546875	 0.11376953125	 -1.347412109375	 0.6034868	 0.011855218	 -0.7405944	 -0.29526797	 -4.397097	 -11.627829	 -9.118385	Scatto 10m	4	Braccio
183	 3174189487	 0.9998683343544044	 -0.012641847072702134	 -0.0018240162173995824	 -0.010008527502996552	 0.04115518468349258	 -0.1005870687387198	 -0.014787010868095106	 -1.8408203125	 0.091064453125	 -1.330078125	 0.59955716	 0.013173934	 -0.7368522	 -0.31210044	 -1.9103545	 -6.2798247	 -10.275766	Scatto 10m	4	Braccio
184	 3174206154	 0.999842374092891	 -0.0171598629429999	 -0.0021348264715666536	 -0.004025989071658534	 0.01035170051525255	 -0.0839375153808027	 -0.015173829767347352	 -1.8447265625	 0.084228515625	 -1.319580078125	 0.59713674	 0.007137636	 -0.7317677	 -0.3284704	 -1.1507208	 -4.698425	 -11.597055	Scatto 10m	4	Braccio
185	 3174222821	 0.9998630268917672	 -0.015951873556002222	 -0.003939271908315334	 0.0019867867824363288	 -0.024593304110430092	 -0.08606017895931425	 -0.02511527792476091	 -1.847412109375	 0.083740234375	 -1.29931640625	 0.595188	 -0.0032771137	 -0.7280258	 -0.34017524	 -0.23045225	 -4.1560254	 -13.524162	Scatto 10m	4	Braccio
186	 3174239488	 0.9999626525500231	 0.0017468988168813926	 -0.0055813483596061095	 0.006363206749284006	 0.04592852053319213	 -0.07669189444276475	 -0.05245025649474101	 -1.844482421875	 0.09521484375	 -1.282958984375	 0.59347785	 -0.0069691148	 -0.73121303	 -0.33624864	 0.038354263	 -6.211837	 -9.504935	Scatto 10m	4	Braccio
187	 3174256155	 0.9998689912064395	 0.011730238195295645	 -1.4964302319919745E-4	 0.011152557673661358	 0.1984706320995792	 0.013598722114162961	 -0.04878638045118163	 -1.835205078125	 0.111572265625	 -1.289306640625	 0.5972968	 -0.0064451904	 -0.73447585	 -0.32208776	 -0.62379694	 -5.4866757	 1.165988	Scatto 10m	4	Braccio
188	 3174272822	 0.9998865113474364	 0.0032409963173091194	 0.0035631587784947243	 0.014274602195619879	 0.23592363979498934	 0.1781707458804685	 -0.06210127660184971	 -1.826416015625	 0.141357421875	 -1.29931640625	 0.60463595	 -0.012100614	 -0.7326786	 -0.31217167	 3.4573896	 1.335816	 7.9294415	Scatto 10m	4	Braccio
189	 3174289489	 0.9997346944641392	 -0.013097871246397802	 0.003837146077376896	 0.018554319267707137	 0.2629515082876021	 0.2710871774324399	 -0.06842131777681021	 -1.812744140625	 0.175048828125	 -1.30029296875	 0.61305666	 -0.030655973	 -0.7253871	 -0.3115056	 5.843925	 5.4412026	 11.787453	Scatto 10m	4	Braccio
190	 3174306156	 0.9993076113268577	 -0.03230510073390511	 8.265766574583334E-5	 0.018457290659584596	 0.3312634663950992	 0.21132442028131954	 -0.03853694776506858	 -1.792724609375	 0.21142578125	 -1.27783203125	 0.6175375	 -0.06202834	 -0.71383095	 -0.32441542	 2.568492	 2.3119872	 13.622263	Scatto 10m	4	Braccio
191	 3174322823	 0.9991477282037791	 -0.03824581203838336	 -0.005264440937285675	 0.014606873326275291	 0.3550030423854061	 0.13770192821769012	 -0.009732209888828927	 -1.7783203125	 0.240478515625	 -1.23193359375	 0.6156749	 -0.095997654	 -0.70287555	 -0.34306708	 -0.31174335	 -0.5482613	 13.032118	Scatto 10m	4	Braccio
192	 3174339490	 0.9993111858640022	 -0.033665416433125366	 -0.01017360001418266	 0.011844467325183213	 0.3343638311998193	 0.051239645441219735	 0.02615056472177643	 -1.76708984375	 0.255126953125	 -1.17919921875	 0.6089595	 -0.12682042	 -0.6957837	 -0.35912406	 -3.9852037	 -2.5704834	 9.983105	Scatto 10m	4	Braccio
193	 3174356157	 0.9995322230704089	 -0.026766953273799264	 -0.01145062555083537	 0.009367413242680202	 0.29339614378638096	 0.007548319989927495	 0.029294557667189556	 -1.7529296875	 0.268310546875	 -1.128662109375	 0.6006789	 -0.1521357	 -0.691548	 -0.37121597	 -5.0001206	 -3.151627	 6.8681316	Scatto 10m	4	Braccio
194	 3174372824	 0.9996777035395429	 -0.022678583899624738	 -0.009120280223780699	 0.006855024934547649	 0.24468879491196618	 -0.003914338909913391	 0.04464866671596752	 -1.739501953125	 0.275146484375	 -1.088134765625	 0.59323674	 -0.17236768	 -0.68736625	 -0.38195175	 -5.459211	 -1.7749888	 3.9638357	Scatto 10m	4	Braccio
195	 3174389491	 0.9998139405497228	 -0.016902723062451275	 -0.008144608774736386	 0.004477452782097214	 0.21201331893234138	 -0.04294395016928012	 0.08242821066678763	 -1.732177734375	 0.276611328125	 -1.053955078125	 0.5862333	 -0.18715788	 -0.6849668	 -0.39002973	 -8.152304	 -0.8333694	 1.4016962	Scatto 10m	4	Braccio
196	 3174406158	 0.9999387799455466	 -0.008251666317357187	 -0.007017839669547999	 0.002257496483139401	 0.18858087975620064	 -0.05390464871667503	 0.09324859495455032	 -1.72802734375	 0.27490234375	 -1.026123046875	 0.58058524	 -0.19493589	 -0.6855973	 -0.39354432	 -8.714072	 -0.09474558	 -0.12547588	Scatto 10m	4	Braccio
197	 3174422825	 0.9999873436782195	 -0.002323814830681198	 -0.0044416454528332094	 4.2913131160184087E-4	 0.16819774689321912	 -0.02424465732485268	 0.07617639465119777	 -1.72216796875	 0.275634765625	 -1.0126953125	 0.5770609	 -0.19702715	 -0.6874311	 -0.39448676	 -6.499619	 0.681602	 -0.7493477	Scatto 10m	4	Braccio
198	 3174439492	 0.9999968391577694	 -0.00216439683185235	 -0.0012504104657706796	 2.7117243880604713E-4	 0.14389221144148864	 -2.7468322170865096E-4	 0.049421489553886866	 -1.720947265625	 0.275146484375	 -1.008544921875	 0.57562613	 -0.19768232	 -0.6875659	 -0.39601704	 -4.105637	 0.6718863	 -1.6884575	Scatto 10m	4	Braccio
199	 3174456159	 0.9999814730056376	 -0.005688392576869053	 0.0019850901781490187	 8.690525595463073E-4	 0.11789549633444885	 0.008216306794959572	 0.03897702972946995	 -1.719970703125	 0.27392578125	 -1.00390625	 0.5758705	 -0.19951074	 -0.6843761	 -0.40024784	 -2.9521139	 0.79782265	 -3.0005965	Scatto 10m	4	Braccio
200	 3174472826	 0.999944343346463	 -0.009378443791768082	 0.0045885338362958725	 0.0015166933403553406	 0.09698035561770917	 0.013710529447926055	 0.034519263479922076	 -1.72119140625	 0.272216796875	 -1.004638671875	 0.57730776	 -0.2028712	 -0.6780957	 -0.40711823	 -2.1889164	 1.0063275	 -4.066906	Scatto 10m	4	Braccio
201	 3174489493	 0.9999109820199779	 -0.011501875508211107	 0.0065123090844080855	 0.0018233831266421254	 0.07750269706762042	 0.012154628828345539	 0.028470680802919875	 -1.723388671875	 0.2705078125	 -1.00390625	 0.57960045	 -0.20687269	 -0.66974336	 -0.41558495	 -1.6754538	 0.8608313	 -5.1725836	Scatto 10m	4	Braccio
