2	 3205357565	 0.9997053194035241	 0.0028754562441243234	 0.002917165447315018	 -0.023926893936299765	 0.011050401174113503	 0.20144056309093578	 -0.009925983378476694	 -0.8173828125	 -1.0087890625	 -2.00634765625	 0.5870727	 0.59842056	 -0.543429	 -0.043855898	 -6.760557	 3.794777	 -0.49741936	Scatto 10m	4	Braccio
3	 3205374232	 0.9997251802744102	 6.242616651590677E-4	 0.0013291070633014714	 -0.02339674543789944	 -0.021196807064668338	 0.21975181571255792	 -0.02015069541033364	 -0.777587890625	 -1.009033203125	 -2.00390625	 0.5869678	 0.61110795	 -0.527301	 -0.063003324	 -7.4515123	 5.4025407	 -0.21086407	Scatto 10m	4	Braccio
4	 3205390899	 0.9997602183288373	 -0.003998249229028264	 -2.2160891605871316E-4	 -0.02152837057620227	 -0.05621583984185306	 0.25728237223578576	 -0.036024422723195275	 -0.744384765625	 -1.001220703125	 -2.010986328125	 0.5882479	 0.61964476	 -0.51257634	 -0.0852675	 -8.601056	 7.64292	 1.230464	Scatto 10m	4	Braccio
5	 3205407566	 0.9996781344649908	 -0.014536437055891457	 -5.905967487982444E-4	 -0.02078390400757488	 -0.03859879722514183	 0.26308731225495985	 -0.0429835211843007	 -0.711181640625	 -0.97802734375	 -2.0283203125	 0.5951052	 0.6211023	 -0.49708825	 -0.11395313	 -7.471274	 6.7976813	 2.8032198	Scatto 10m	4	Braccio
6	 3205424233	 0.9996007847638995	 -0.01880363288517319	 0.0011222023880269605	 -0.021057899978779274	 -0.016415894347698273	 0.19577997656265972	 -0.011065486894339699	 -0.676513671875	 -0.94384765625	 -2.061767578125	 0.60442865	 0.61997515	 -0.47944194	 -0.14294246	 -5.5152464	 3.535908	 0.009068489	Scatto 10m	4	Braccio
7	 3205440900	 0.9996153078175494	 -0.016176566034472317	 0.0019386696188362642	 -0.022445414860663235	 -0.014479032598635562	 0.13034716201152935	 0.020608072252685905	 -0.64306640625	 -0.90771484375	 -2.07861328125	 0.61160064	 0.6207248	 -0.4605325	 -0.16898388	 -4.6090236	 1.4088719	 -3.4710202	Scatto 10m	4	Braccio
8	 3205457567	 0.9996138632559706	 -0.014561929979098432	 0.003036775793349878	 -0.02347024871062353	 -0.038713650339956586	 0.12110666821333108	 0.0016461653680173542	 -0.608154296875	 -0.876708984375	 -2.098876953125	 0.6175389	 0.6225038	 -0.44031966	 -0.19301142	 -3.8811667	 3.012387	 -3.975666	Scatto 10m	4	Braccio
9	 3205474234	 0.9996040664306794	 -0.01633270452331802	 0.00362292114834778	 -0.022623606709730792	 -0.07781942934525983	 0.12313455464993292	 -0.022572812299573933	 -0.57275390625	 -0.83642578125	 -2.1220703125	 0.6238952	 0.62284136	 -0.41950282	 -0.21642828	 -3.6826088	 5.5992775	 -4.0421667	Scatto 10m	4	Braccio
10	 3205490901	 0.9996508514695162	 -0.013622872197154422	 0.0035017525630363093	 -0.022368062910285924	 -0.10440426111590428	 0.08461733597139706	 -0.02581839068033776	 -0.53662109375	 -0.796142578125	 -2.130859375	 0.6273501	 0.62474763	 -0.39896935	 -0.2386333	 -3.4802277	 6.5520277	 -6.294969	Scatto 10m	4	Braccio
12	 3205524235	 0.9989593057551065	 -0.009330439864199666	 0.004511465816894545	 -0.04441728282323398	 -0.2361756106940605	 0.10767207091491979	 0.005118598491252201	 -0.478759765625	 -0.74853515625	 -2.142333984375	 0.61979294	 0.6382853	 -0.3628334	 -0.27712882	 -5.380353	 5.297956	 -8.213321	Scatto 10m	4	Braccio
14	 3205557569	 0.9993580896193833	 0.004391886168151296	 7.657055880477271E-4	 -0.035546219814983626	 -0.2260651736567126	 0.0119018805339429	 0.13596504798298586	 -0.435546875	 -0.7216796875	 -2.14404296875	 0.6034779	 0.65275	 -0.337728	 -0.30930868	 -8.026143	 2.556961	 -10.8124075	Scatto 10m	4	Braccio
15	 3205574236	 0.9998667328092099	 0.00895474307872672	 4.391550622794283E-4	 -0.013643179272490593	 -0.12554983189207158	 -0.002777631115404959	 0.12602264499173113	 -0.422607421875	 -0.721435546875	 -2.136474609375	 0.5922002	 0.6617585	 -0.3301258	 -0.31998733	 -10.4928	 1.8265656	 -10.528742	Scatto 10m	4	Braccio
17	 3205607570	 0.999256327771515	 0.03190014444134444	 -0.0010631467277252837	 -0.02163427632816362	 -0.10725166456065882	 0.11905967477762237	 0.14392074058892293	 -0.398681640625	 -0.750244140625	 -2.10693359375	 0.5610518	 0.68427855	 -0.32460636	 -0.33408776	 -3.0367727	 -2.4092195	 -3.359036	Scatto 10m	4	Braccio
19	 3205640904	 0.9993135903805566	 0.030856079718794727	 0.014270775068028542	 -0.014717180574624124	 -0.06424363915252826	 0.32602300520593375	 0.47197953126702397	 -0.36865234375	 -0.779541015625	 -2.05810546875	 0.53853834	 0.7077735	 -0.3158202	 -0.33059156	 -14.857011	 -6.7960544	 -0.34102154	Scatto 10m	4	Braccio
21	 3205674238	 0.9990320884003311	 0.028874725065321183	 0.03307682378542015	 0.0026571276114037983	 -0.09882215887477692	 0.8760579079850409	 0.3597874918334357	 -0.3251953125	 -0.826171875	 -1.9873046875	 0.5295763	 0.72684675	 -0.30882573	 -0.30962807	 -13.378339	 -11.228336	 17.33186	Scatto 10m	4	Braccio
22	 3205690905	 0.9997665014659192	 1.3880905572102864E-4	 0.019795591279368255	 0.008663593050369955	 0.03289475820734068	 0.4349330975642943	 0.29199183783835303	 -0.3046875	 -0.83642578125	 -1.960205078125	 0.53903234	 0.72690815	 -0.30452538	 -0.29717514	 -15.475068	 -17.94528	 10.930599	Scatto 10m	4	Braccio
23	 3205707572	 0.9996045811704132	 -2.1493876622784291E-4	 0.02545282929722015	 0.011949417777290918	 0.09516290431195572	 0.36270701479610057	 0.3322471192263279	 -0.2900390625	 -0.849365234375	 -1.93798828125	 0.5521428	 0.72628385	 -0.29940438	 -0.27929786	 -14.175781	 -21.225939	 6.064245	Scatto 10m	4	Braccio
24	 3205724239	 0.9994499216509587	 0.002415672291498333	 0.03008645965097956	 0.013741309433325466	 0.016346786746787995	 0.39160906992352107	 0.33455627186167053	 -0.27197265625	 -0.86572265625	 -1.9072265625	 0.5655613	 0.72704643	 -0.29343426	 -0.25581354	 -17.041067	 -18.133595	 8.537739	Scatto 10m	4	Braccio
25	 3205740906	 0.9993020818123965	 -0.007881874843424869	 0.032232782499175605	 0.01715438913875084	 -0.0952515558339185	 0.41804338348612424	 0.3037757472648827	 -0.25439453125	 -0.883544921875	 -1.865478515625	 0.5874977	 0.72063047	 -0.28531066	 -0.2326714	 -20.102325	 -12.51527	 11.001287	Scatto 10m	4	Braccio
26	 3205757573	 0.9988436487246538	 -0.0243465110593081	 0.031100104245297414	 0.027411609175513163	 -0.19935381172630745	 0.35140206295779886	 0.12661335286361367	 -0.25	 -0.89013671875	 -1.85400390625	 0.62203676	 0.7002885	 -0.2800087	 -0.21038446	 -16.414799	 -0.014413009	 9.573269	Scatto 10m	4	Braccio
27	 3205774240	 0.9977786997908258	 -0.03915581843200826	 0.028643662480712876	 0.04565116347191956	 -0.1612735116089074	 0.056502374534869886	 -0.040657276587914834	 -0.268310546875	 -0.8974609375	 -1.867919921875	 0.66695225	 0.6644639	 -0.283662	 -0.18220443	 -6.0366364	 8.007462	 -6.5715866	Scatto 10m	4	Braccio
28	 3205790907	 0.9967028704040272	 -0.042370084583107356	 0.02061031119891749	 0.0660558788684042	 -0.14971521093369955	 -0.3105270899951041	 -0.06612594743211676	 -0.3232421875	 -0.91796875	 -1.899169921875	 0.7108058	 0.6182706	 -0.3033467	 -0.14309968	 -2.1201675	 7.7668376	 -29.273888	Scatto 10m	4	Braccio
29	 3205807574	 0.9963855866350202	 -0.03064162785503053	 0.003804139167731868	 0.07913521285478976	 -0.17559995714746	 -0.4600236385080203	 -0.0934768115648309	 -0.421142578125	 -0.945556640625	 -1.947509765625	 0.7391506	 0.571479	 -0.34264037	 -0.098316014	 -0.16255069	 5.241385	 -39.422997	Scatto 10m	4	Braccio
30	 3205824241	 0.9955047853227945	 -0.012068972583737077	 -0.012212330873867807	 0.09314194154524064	 -0.13883839327663075	 -0.3280056495552003	 -0.18243544119838528	 -0.566162109375	 -0.992919921875	 -1.969482421875	 0.7470679	 0.52820736	 -0.4012322	 -0.043583144	 5.3567686	 6.582343	 -32.273262	Scatto 10m	4	Braccio
31	 3205840908	 0.9938295770928527	 -0.0049976244304352595	 -0.02141928360927148	 0.10871526909850167	 0.04419459315965442	 -0.22959253053533013	 -0.26859069714697126	 -0.7529296875	 -1.02294921875	 -1.993408203125	 0.73991007	 0.47889665	 -0.47186407	 0.023137333	 17.14082	 4.8684144	 -21.602032	Scatto 10m	4	Braccio
32	 3205857575	 0.9922111047044843	 -0.012950811516587779	 -0.014734532413464176	 0.12301338844502022	 0.4200664202237272	 -0.11206717969765984	 -0.2935439384494743	 -0.97314453125	 -1.01171875	 -1.99365234375	 0.7271723	 0.41125372	 -0.53989244	 0.102989845	 29.03818	 -1.1328272	 2.2763672	Scatto 10m	4	Braccio
33	 3205874242	 0.990553652484116	 -0.05002876497418679	 0.003749673569206413	 0.12761866702665045	 0.6567925962087288	 -0.11754499995422987	 -0.24438291547089303	 -1.165283203125	 -0.90576171875	 -2.04833984375	 0.72317976	 0.30575374	 -0.5938871	 0.17556818	 29.607676	 -5.3320584	 20.396015	Scatto 10m	4	Braccio
34	 3205890909	 0.9902200687567858	 -0.0924392540768077	 -0.009703851348729033	 0.10404342846153908	 0.7267264608473407	 -0.451267668021671	 0.10016205355891168	 -1.28955078125	 -0.678466796875	 -2.148681640625	 0.7114604	 0.1802432	 -0.6494651	 0.19882607	 22.02644	 -28.586576	 27.174149	Scatto 10m	4	Braccio
35	 3205907576	 0.9947092814377568	 -0.05028634597567194	 -0.04009889435778253	 0.08010497800561446	 0.7313377283507798	 -0.7275465058716507	 0.33416246700022156	 -1.407958984375	 -0.47265625	 -2.151611328125	 0.6655172	 0.10205274	 -0.7047778	 0.22351828	 8.643865	 -45.04585	 36.328354	Scatto 10m	4	Braccio
36	 3205924243	 0.9962774686073812	 0.03563004385980606	 -0.03612471586188871	 0.0696901027672849	 0.7087406436642218	 -0.5516246966687861	 0.3029555309196401	 -1.50537109375	 -0.403076171875	 -2.099365234375	 0.61109746	 0.08372628	 -0.7277915	 0.29978245	 -5.963188	 -30.13836	 38.043777	Scatto 10m	4	Braccio
37	 3205940910	 0.9934668726990303	 0.08911792139513613	 -0.013988917480636298	 0.06989906382448154	 0.6306255983682076	 -0.25897176745198097	 0.24006020589330446	 -1.570556640625	 -0.42822265625	 -2.0380859375	 0.5655642	 0.08894263	 -0.7094423	 0.41099668	 -13.763583	 -10.514073	 29.942295	Scatto 10m	4	Braccio
40	 3205990911	 0.9787779092828371	 0.137966829162399	 0.04248948171140172	 0.14544278013943523	 1.10828666814646	 1.694816508140019	 -0.4266488258275186	 -1.567626953125	 -0.455322265625	 -2.0380859375	 0.524706	 0.04877998	 -0.6192502	 0.5820937	 -32.550686	 44.96643	 -45.02039	Scatto 10m	4	Braccio
41	 3206007578	 0.9969102053677305	 -0.06477014736101955	 -0.04440922832187816	 0.0016403915253834225	 0.3693848630358725	 0.16911843616668112	 -0.09039010432732036	 -1.62255859375	 -0.3515625	 -1.996826171875	 0.50860465	 0.044956837	 -0.6780279	 0.5287519	 -12.999878	 19.683678	 -1.6216688	Scatto 10m	4	Braccio
42	 3206024245	 0.9979141177282025	 -0.026624848767471565	 -0.04643011325272781	 -0.03609398357332505	 0.24557130314397901	 0.19316756309431443	 -0.08528066120035027	 -1.673095703125	 -0.3359375	 -1.93017578125	 0.5055247	 0.08480773	 -0.7122934	 0.4794689	 -10.443103	 16.091827	 -6.714676	Scatto 10m	4	Braccio
43	 3206040912	 0.9958198157108148	 0.053194290099178254	 -0.05154807138320456	 -0.0534421039555465	 0.48636851312644874	 -0.2260921393411192	 0.26068747184517677	 -1.7255859375	 -0.46044921875	 -1.822265625	 0.49499133	 0.17822427	 -0.7055333	 0.47480798	 -15.263142	 -8.74599	 21.343857	Scatto 10m	4	Braccio
44	 3206057579	 0.9946125418391873	 0.08449656359146321	 -0.030393538855128025	 -0.05179242370546622	 0.4017531839271328	 -0.21456806979870774	 0.39531577150634384	 -1.73388671875	 -0.634033203125	 -1.70166015625	 0.48766047	 0.27303207	 -0.66660345	 0.49323508	 -13.877398	 -21.06233	 16.132442	Scatto 10m	4	Braccio
45	 3206074246	 0.9971872148006861	 0.035005508802318494	 -0.009516553009636108	 -0.06558740893156258	 -0.011913775204917793	 0.15051515963003892	 0.2815090849722356	 -1.693359375	 -0.78125	 -1.622802734375	 0.5096771	 0.33922508	 -0.63200516	 0.4751054	 -13.982697	 -12.260091	 -14.45425	Scatto 10m	4	Braccio
46	 3206090913	 0.9969982920554123	 -0.005918048366023512	 -0.02932562900201136	 -0.07141001208349185	 -0.19155645701367946	 0.36350352354072174	 -0.16923751881579388	 -1.617919921875	 -0.895751953125	 -1.610595703125	 0.5316183	 0.39489058	 -0.62127775	 0.41887647	 -13.821822	 16.00019	 -26.056046	Scatto 10m	4	Braccio
47	 3206107580	 0.9943819222528691	 0.0213712933754589	 -0.046750902921059274	 -0.09253223001859841	 0.5320282122860839	 0.6872176836637796	 -0.7148312178045373	 -1.53515625	 -1.0205078125	 -1.5166015625	 0.5341897	 0.48238108	 -0.5959039	 0.3561581	 -27.625507	 52.962807	 21.656565	Scatto 10m	4	Braccio
48	 3206124247	 0.9924515086470771	 0.03461072448882794	 -0.04684466250311614	 -0.10792441025768197	 0.33448911128964665	 0.6922126178577662	 -0.2823154147259176	 -1.365966796875	 -1.162353515625	 -1.39892578125	 0.5265867	 0.5809419	 -0.55210465	 0.28353816	 -33.368816	 23.79688	 17.29471	Scatto 10m	4	Braccio
49	 3206140914	 0.9951369295344781	 -0.017446635453874974	 -0.04172249264580774	 -0.08750622832376777	 0.49959068905785714	 0.8095804732565828	 0.04261875013860461	 -1.1943359375	 -1.23486328125	 -1.355712890625	 0.5385463	 0.63096213	 -0.52512527	 0.18999566	 -38.78587	 -4.5422053	 31.894665	Scatto 10m	4	Braccio
50	 3206157581	 0.9877871922270659	 -0.12577749234019314	 -0.016538493290953197	 -0.09045973431559123	 0.8156627031146977	 0.5449763980925736	 0.14683666145658372	 -1.02685546875	 -1.243896484375	 -1.5517578125	 0.62329185	 0.605669	 -0.49217197	 0.049388513	 -12.16591	 -25.937637	 42.34963	Scatto 10m	4	Braccio
51	 3206174248	 0.9864139997536421	 -0.1418921391272786	 0.024749111087320922	 -0.07900331286910921	 0.5594608112319925	 -0.10898119256666683	 0.03497302707049038	 -0.829345703125	 -1.1328125	 -1.8427734375	 0.71936345	 0.5446571	 -0.42624897	 -0.06462761	 20.300863	 -21.56257	 7.4157887	Scatto 10m	4	Braccio
52	 3206190915	 0.9950386311307949	 -0.08200964566765268	 0.019211020376321	 -0.052947873148222385	 0.2815509509605703	 -1.0346744512382635	 -0.09714448112579287	 -0.70458984375	 -0.97802734375	 -2.023681640625	 0.76611096	 0.50552547	 -0.37505296	 -0.12982094	 37.370216	 -30.158836	 -53.02293	Scatto 10m	4	Braccio
53	 3206207582	 0.999188058746807	 0.015794175871428298	 0.002410095429193182	 -0.03698592578740812	 -0.06786279880476465	 -0.450246848553215	 -0.03142894516900383	 -0.62255859375	 -0.970947265625	 -2.01611328125	 0.7539206	 0.5311188	 -0.35744062	 -0.14748937	 3.6192956	 -8.817694	 -35.485016	Scatto 10m	4	Braccio
54	 3206224249	 0.9996384647017084	 -0.026531094425572874	 -0.0017509912651447193	 0.003996867145929867	 -0.22452440117484604	 -0.2524984671006087	 0.11814775225548019	 -0.60791015625	 -0.9462890625	 -2.04150390625	 0.76786363	 0.5090551	 -0.35779777	 -0.15241113	 -11.892054	 -2.9078732	 -27.457668	Scatto 10m	4	Braccio
55	 3206240916	 0.9991648081184351	 -0.02232777477821441	 -0.00834104363235594	 0.03319011422437768	 -0.46003782036192864	 -0.6284002698755307	 0.08144145944364675	 -0.654052734375	 -0.914306640625	 -2.077392578125	 0.7809245	 0.477792	 -0.37743112	 -0.1393469	 -17.76394	 -3.3653264	 -53.175766	Scatto 10m	4	Braccio
56	 3206257583	 0.9980117729725984	 0.019447191322007867	 -0.009292004931161947	 0.059228087949343894	 -0.2821295316817597	 -0.6392278679332812	 -0.17940829576886796	 -0.742431640625	 -0.93994140625	 -2.06591796875	 0.77559507	 0.467401	 -0.41401982	 -0.09260841	 1.6461506	 -2.7960415	 -52.973297	Scatto 10m	4	Braccio
57	 3206274250	 0.9962351437369432	 0.030350199593748614	 -0.015661923891021834	 0.07968128957342151	 0.05334525478943701	 -0.2698691645071412	 -0.36517170761105106	 -0.868896484375	 -0.99755859375	 -2.017333984375	 0.75989056	 0.4544691	 -0.463997	 -0.027040483	 21.92764	 3.599316	 -25.896763	Scatto 10m	4	Braccio
58	 3206290917	 0.9946019252056097	 -0.008782108537676248	 -0.013897680307770057	 0.1024535964668396	 0.5761754978859688	 -0.011062253815531314	 -0.4088877559648355	 -1.043212890625	 -0.984619140625	 -2.0087890625	 0.75499845	 0.39873764	 -0.5189175	 0.04135912	 37.7222	 0.07168083	 9.538189	Scatto 10m	4	Braccio
59	 3206307584	 0.9914966983738008	 -0.07909489108879941	 -0.012136261074190137	 0.10262069228300062	 0.4853407597518263	 -0.13023350057652536	 -0.21225103166221096	 -1.2021484375	 -0.8408203125	 -2.08544921875	 0.7660839	 0.28569755	 -0.5706611	 0.0764086	 26.485464	 -7.0799656	 8.06312	Scatto 10m	4	Braccio
60	 3206324251	 0.9880064639804509	 -0.1235958274518062	 -0.024876095397726786	 0.08915423964743643	 0.5423353296860689	 -0.6020729531446039	 0.059274523784532906	 -1.328369140625	 -0.5673828125	 -2.17236328125	 0.7666645	 0.1420017	 -0.6221703	 0.070465416	 24.177582	 -38.190895	 8.444149	Scatto 10m	4	Braccio
61	 3206340918	 0.9943179201070681	 -0.07025707085595434	 -0.050020239961978796	 0.06240026716963234	 0.6725612671748136	 -1.0334875371185674	 0.3539239019788613	 -1.431640625	 -0.327392578125	 -2.167236328125	 0.7313955	 0.054413185	 -0.6758747	 0.07275724	 6.7948728	 -67.84699	 25.891846	Scatto 10m	4	Braccio
62	 3206357585	 0.996695552297284	 0.02144460251684438	 -0.05499269254998818	 0.05580240872766136	 0.6384156152098133	 -0.6885243125576612	 0.3894160724434018	 -1.53369140625	 -0.25390625	 -2.09375	 0.68167686	 0.035776176	 -0.71872336	 0.1321881	 -12.649351	 -43.10533	 31.438576	Scatto 10m	4	Braccio
63	 3206374252	 0.992664979874025	 0.10393092959870959	 -0.03363951641821734	 0.05179751480137052	 0.6717380828020924	 -0.5859027502779419	 0.521132493583077	 -1.610107421875	 -0.298583984375	 -2.01123046875	 0.639556	 0.071425684	 -0.72465634	 0.24645434	 -25.018112	 -35.58435	 34.296387	Scatto 10m	4	Braccio
64	 3206390919	 0.9953623431128187	 0.08986287461310305	 -0.0017708918710412915	 0.03428313902212177	 0.4598271791292663	 0.2706103905178419	 -0.36614315964881883	 -1.638916015625	 -0.377197265625	 -1.971435546875	 0.621582	 0.101140305	 -0.70004165	 0.3366726	 8.078072	 30.14363	 13.283447	Scatto 10m	4	Braccio
65	 3206407586	 0.9994382638864281	 0.022944184870895112	 0.015271946953342774	 0.019065379528004637	 0.375964794204301	 1.3765109594512819	 -0.3299181433823422	 -1.620361328125	 -0.4208984375	 -1.98583984375	 0.6231962	 0.09639365	 -0.6833293	 0.3679619	 -35.125473	 80.15278	 -17.775757	Scatto 10m	4	Braccio
66	 3206424253	 0.9986446961950749	 -0.04979499261261122	 0.004704537303645452	 -0.014390858241087545	 0.6084635273332523	 0.6738497769593834	 -0.15347659069569092	 -1.609375	 -0.362060546875	 -2.009033203125	 0.638959	 0.07578899	 -0.6952237	 0.32039312	 -23.778938	 46.43566	 8.366951	Scatto 10m	4	Braccio
67	 3206440920	 0.9987741189284588	 0.0016352428936148855	 0.008330939018785235	 -0.04876659506696116	 0.4267273435011799	 -0.13911859188158293	 -0.07472562182240161	 -1.590087890625	 -0.38623046875	 -2.034423828125	 0.66360605	 0.111486495	 -0.6833202	 0.2833221	 3.9598842	 3.3882804	 16.985065	Scatto 10m	4	Braccio
68	 3206457587	 0.9923852606093818	 0.10860283220058675	 -0.020469540066033857	 -0.05438673820652995	 0.030492388778177143	 -0.5006615703129218	 -0.08459608461128003	 -1.576171875	 -0.584716796875	 -1.962158203125	 0.6499357	 0.22896963	 -0.6544453	 0.31122044	 19.930286	 -21.510529	 -1.3558006	Scatto 10m	4	Braccio
69	 3206474254	 0.9876199580484044	 0.14952104872860125	 -0.030586484291667385	 -0.036259363345802154	 -0.08050805603742708	 -0.16557312246698921	 -0.28726101616174327	 -1.580322265625	 -0.821533203125	 -1.77197265625	 0.5987038	 0.3588368	 -0.61155015	 0.37255388	 19.443693	 4.678693	 -14.186249	Scatto 10m	4	Braccio
70	 3206490921	 0.9952383636339522	 0.06908133691653665	 -0.028805542856550296	 -0.06243884321299137	 -0.4790276817763391	 0.7349566746719114	 -0.21937338092048939	 -1.54052734375	 -0.974365234375	 -1.61572265625	 0.5747308	 0.4496545	 -0.5781159	 0.36507192	 -32.155094	 31.940748	 -39.639267	Scatto 10m	4	Braccio
71	 3206507588	 0.993864464728304	 0.025626729679162137	 -0.08041035016832039	 -0.0714903634211007	 0.32409396473765617	 1.2076109585123316	 -0.8456029796696436	 -1.46923828125	 -1.081298828125	 -1.466796875	 0.5392815	 0.5349202	 -0.5792656	 0.2957827	 -49.4228	 69.498505	 20.670225	Scatto 10m	4	Braccio
72	 3206524255	 0.9953025312664429	 -0.0038121295477158545	 -0.04921178830773127	 -0.08328588604606416	 0.5967515767651393	 1.140799218289707	 -0.16917539100751366	 -1.34130859375	 -1.17333984375	 -1.392333984375	 0.5355228	 0.59649974	 -0.55983657	 0.20972918	 -54.770527	 15.721404	 43.318695	Scatto 10m	4	Braccio
73	 3206540922	 0.9941226792474717	 -0.07240950735077031	 -0.03575978459418644	 -0.07209854129470807	 0.7730972954730178	 0.8971500922940048	 -0.038124677428849785	 -1.210205078125	 -1.2177734375	 -1.466552734375	 0.5730952	 0.6034791	 -0.54655397	 0.093024835	 -32.858097	 -8.012805	 52.721	Scatto 10m	4	Braccio
74	 3206557589	 0.9878108189892242	 -0.13050762642822247	 -0.007018941596027617	 -0.08454750020421316	 0.8610547352855096	 0.29045418444475335	 -0.009967597938217741	 -1.0595703125	 -1.193359375	 -1.6962890625	 0.65119904	 0.56744	 -0.50174356	 -0.04696186	 7.5242634	 -24.196619	 38.46694	Scatto 10m	4	Braccio
75	 3206574256	 0.9871774727741658	 -0.13595813050069186	 0.020974429133378436	 -0.08096973089060464	 0.5445217863648057	 -0.20307203103483895	 -0.1632993520303878	 -0.8818359375	 -1.06005859375	 -1.951904296875	 0.7274365	 0.51197106	 -0.4259801	 -0.16511442	 29.159533	 -18.46683	 1.1666145	Scatto 10m	4	Braccio
76	 3206590923	 0.9947181406700691	 -0.08440637113487418	 0.01908559065312099	 -0.055200773211467935	 0.13944804192026153	 -0.8814547172668755	 -0.19791098535126933	 -0.75048828125	 -0.89404296875	 -2.113037109375	 0.76549107	 0.47421262	 -0.3661532	 -0.23468648	 24.287361	 -20.840212	 -54.351395	Scatto 10m	4	Braccio
77	 3206607590	 0.9992575109813965	 -0.02873040352159728	 -0.0019833772365799307	 -0.025594078914620986	 -0.13023076539503342	 -0.44321234153820643	 0.017112782819088818	 -0.688720703125	 -0.8271484375	 -2.1552734375	 0.77144617	 0.46088964	 -0.34860247	 -0.26632342	 -5.9687314	 -6.8073015	 -36.029037	Scatto 10m	4	Braccio
78	 3206624257	 0.9995021908221338	 -0.024707614369471276	 -0.012510180012147544	 0.01511289945669192	 -0.29963557487493236	 -0.36023937333554545	 -7.893725036210997E-4	 -0.712646484375	 -0.787109375	 -2.187744140625	 0.7818223	 0.4327829	 -0.35839185	 -0.27020085	 -12.972975	 3.7760274	 -34.466366	Scatto 10m	4	Braccio
79	 3206640924	 0.9991466203931086	 0.0021469027405297547	 -0.014741582585338754	 0.038524115934456545	 -0.39350811248508455	 -0.6256142006274781	 -0.11609886965180924	 -0.76904296875	 -0.77294921875	 -2.206298828125	 0.78504676	 0.41601658	 -0.38628334	 -0.24782492	 -12.881029	 2.6449335	 -52.73192	Scatto 10m	4	Braccio
80	 3206657591	 0.9967253745476728	 0.04705540496881616	 -0.030907895839771552	 0.058043247417591676	 -0.18529379964670734	 -0.7250857874805877	 -0.23071696511161022	 -0.875	 -0.841796875	 -2.16162109375	 0.7652446	 0.42120728	 -0.4442067	 -0.1991625	 1.678086	 -8.839391	 -55.93083	Scatto 10m	4	Braccio
84	 3206724259	 0.9118073934742431	 -0.18307939522732553	 -0.11574776833520324	 0.34884332640072657	 2.460009407876476	 -0.37055152644522116	 -0.2514897536162029	 -1.390380859375	 -0.37646484375	 -2.19091796875	 0.78826934	 0.070929095	 -0.6098334	 -0.04127922	 4.078861	 -62.65736	 15.036531	Scatto 10m	4	Braccio
85	 3206740926	 0.9965909997558653	 -0.029479805490231048	 -0.030248445137597113	 0.0708685532561573	 0.5142471051883863	 -1.088604268379819	 0.6687160505658034	 -1.437744140625	 -0.1650390625	 -2.157958984375	 0.7697009	 0.002834091	 -0.63839597	 -0.0018055863	 -29.418245	 -71.50211	 19.340021	Scatto 10m	4	Braccio
86	 3206757593	 0.9886603597368726	 0.11752210427384313	 -0.040384988371696635	 0.0843107395663423	 0.8850467946261843	 -0.8732337033450487	 0.5934601514327145	 -1.49755859375	 -0.189208984375	 -2.114501953125	 0.7344263	 0.036554955	 -0.66273636	 0.14164162	 -25.130713	 -52.120438	 49.21753	Scatto 10m	4	Braccio
87	 3206774260	 0.9914867756223484	 0.11748931451197381	 -0.004518237220752009	 0.05594479666530531	 1.103734477000661	 0.07984001582704645	 -0.5784190429393977	 -1.542236328125	 -0.310302734375	 -2.079833984375	 0.7143086	 0.08251676	 -0.6435815	 0.26221544	 37.749966	 24.31969	 50.156742	Scatto 10m	4	Braccio
88	 3206790927	 0.9986006326496064	 0.019977783002566973	 0.0415600714940283	 0.02589256873157897	 0.21344302323571732	 1.5402246167655838	 -0.43324570874844237	 -1.49169921875	 -0.364501953125	 -2.12158203125	 0.7306393	 0.067765996	 -0.60985243	 0.29942307	 -21.436737	 93.55386	 -22.761421	Scatto 10m	4	Braccio
89	 3206807594	 0.9989121021022987	 -0.04420186862890424	 0.01110342584757959	 0.009875273045695217	 0.32272650323555513	 0.6954717696164253	 -0.2842591185472688	 -1.455078125	 -0.277587890625	 -2.155029296875	 0.7370043	 0.027932458	 -0.61514884	 0.27863327	 -5.6968045	 48.649002	 -7.0254135	Scatto 10m	4	Braccio
90	 3206824261	 0.99959945436432	 -0.004972824225350503	 -0.004380812504843957	 -0.027513820810184497	 0.0246401676146598	 0.019546166955701112	 -0.22968651180822297	 -1.4619140625	 -0.250732421875	 -2.15283203125	 0.7422912	 0.0455857	 -0.6191568	 0.252132	 11.89187	 6.8378267	 -12.112211	Scatto 10m	4	Braccio
91	 3206840928	 0.9948505848235325	 0.09143751941433353	 -0.025513369224987818	 -0.03550439283269142	 0.07151757033995022	 -0.3197015166380462	 -0.16238795669262684	 -1.47900390625	 -0.410888671875	 -2.111083984375	 0.7268869	 0.14474942	 -0.61118764	 0.27772748	 17.452023	 -11.619899	 -3.3552704	Scatto 10m	4	Braccio
92	 3206857595	 0.9899874644887708	 0.1336871180819553	 -0.036837355703852714	 -0.026373923462083563	 0.01874553259027586	 -0.04919747103910753	 -0.2297881080920097	 -1.5244140625	 -0.6484375	 -1.982421875	 0.6835768	 0.26925403	 -0.59193933	 0.33141062	 12.958974	 5.495416	 -11.202779	Scatto 10m	4	Braccio
93	 3206874262	 0.9940858636046076	 0.0887665638266536	 -0.04500241520463688	 -0.04345774446102225	 -0.25098694308997394	 0.5000810810050809	 -0.23159228952097427	 -1.544677734375	 -0.826904296875	 -1.817626953125	 0.6414074	 0.37130374	 -0.5789042	 0.3400001	 -15.604253	 27.60609	 -27.546705	Scatto 10m	4	Braccio
94	 3206890929	 0.9952833898413566	 0.03499946042711001	 -0.06765293593262846	 -0.060075718351135565	 -0.026544225467687685	 0.9969783851739461	 -0.554344400350451	 -1.5283203125	 -0.95361328125	 -1.67041015625	 0.60528463	 0.45245823	 -0.5856426	 0.29314673	 -35.707813	 58.38357	 -8.034642	Scatto 10m	4	Braccio
95	 3206907596	 0.9956426964321323	 0.026832284038824372	 -0.06082972278474886	 -0.06538650013988574	 0.4974248777398248	 0.8396987383284382	 -0.3412236100279773	 -1.47998046875	 -1.053955078125	 -1.539306640625	 0.5731985	 0.5261072	 -0.58252025	 0.23521248	 -30.996126	 33.856426	 31.913567	Scatto 10m	4	Braccio
96	 3206924263	 0.996370821822475	 -0.00874935034305652	 -0.056459328900684565	 -0.06309499559762677	 0.5415613497992676	 0.8032910143247058	 -0.1370121401782835	 -1.393798828125	 -1.132080078125	 -1.466796875	 0.5571629	 0.572103	 -0.58127135	 0.15617745	 -31.840834	 11.954706	 38.036896	Scatto 10m	4	Braccio
97	 3206940930	 0.9952358519875257	 -0.056087740016086005	 -0.04854230739621895	 -0.06327249585090343	 0.5561863480987232	 0.5218795801043087	 -0.10284158490416899	 -1.302734375	 -1.1728515625	 -1.50146484375	 0.56829584	 0.5843257	 -0.5770197	 0.051497456	 -13.78531	 -2.3279393	 34.194645	Scatto 10m	4	Braccio
98	 3206957597	 0.9918677186227082	 -0.1054121527134612	 -0.028768626454649393	 -0.06526157327563355	 0.8044111471545726	 0.39839027466840204	 -0.12770957091255242	 -1.195556640625	 -1.167724609375	 -1.65283203125	 0.61192894	 0.5597784	 -0.5541723	 -0.07130631	 3.28112	 -17.098255	 41.726696	Scatto 10m	4	Braccio
99	 3206974264	 0.9888234827603114	 -0.1333481524607104	 -5.674030117606145E-4	 -0.0666788439529777	 0.6679097501853065	 0.07366791667130286	 -0.058469512622227354	 -1.081787109375	 -1.0830078125	 -1.881103515625	 0.67418444	 0.5093154	 -0.49950957	 -0.19121565	 15.426722	 -24.824894	 18.178045	Scatto 10m	4	Braccio
100	 3206990931	 0.9930737384457488	 -0.10500690024175854	 0.011949318892987561	 -0.0513353161965109	 0.17199319429436954	 -0.4092778561390308	 0.13601965160695528	 -0.967041015625	 -0.935302734375	 -2.075439453125	 0.7184708	 0.463224	 -0.44049343	 -0.27420637	 3.3688526	 -21.964777	 -26.614328	Scatto 10m	4	Braccio
101	 3207007598	 0.9992171683095943	 -0.025976542792058938	 1.6368720787196533E-4	 -0.029836939964185048	 -0.027023992618050528	 -0.34663261842464815	 0.1096853117206171	 -0.906005859375	 -0.866943359375	 -2.140380859375	 0.7213359	 0.45716423	 -0.4184351	 -0.3091725	 -6.3604813	 -10.236453	 -28.067806	Scatto 10m	4	Braccio
102	 3207024265	 0.9998306370880972	 -0.0029210386043206638	 -0.01688163249346142	 -0.006721246747266957	 -0.1336384277812288	 -0.11747908060375267	 -0.10911287257727428	 -0.909423828125	 -0.85791015625	 -2.141357421875	 0.7130578	 0.4519546	 -0.42602018	 -0.32525766	 1.659583	 6.495865	 -20.39071	Scatto 10m	4	Braccio
103	 3207040932	 0.9996128406764313	 0.005190175014762238	 -0.018878972134192543	 0.01976904775825256	 -0.18535847629918434	 -0.4135086670127883	 -0.2646440043441534	 -0.9580078125	 -0.86328125	 -2.135009765625	 0.7082573	 0.44080287	 -0.44943014	 -0.31949475	 7.57154	 5.820019	 -39.81479	Scatto 10m	4	Braccio
104	 3207057599	 0.9991549923274341	 0.0023506788132877654	 -0.016004696454073656	 0.03778392922520071	 -0.08630300080299522	 -0.7134806991257054	 -0.1977421754780585	 -1.027587890625	 -0.86083984375	 -2.12939453125	 0.7107143	 0.42055017	 -0.47746068	 -0.3000901	 6.4081597	 -9.043492	 -53.14062	Scatto 10m	4	Braccio
105	 3207074266	 0.9983477089013623	 -0.009325365912718986	 -0.01603436599373198	 0.054385556806689835	 0.05895923495796905	 -0.4755476277555982	 -0.08785672506133022	 -1.115966796875	 -0.82958984375	 -2.12255859375	 0.72140527	 0.38312447	 -0.50813204	 -0.27311563	 5.4854774	 -14.608182	 -34.528816	Scatto 10m	4	Braccio
106	 3207090933	 0.9972141668690601	 -0.023016845684402654	 -0.018230910531955972	 0.0685694109028401	 0.16363747336152065	 -0.22403223954732068	 -0.09914127411437466	 -1.2138671875	 -0.759033203125	 -2.12939453125	 0.7370423	 0.32623345	 -0.5401756	 -0.24197303	 8.839807	 -13.551808	 -16.931639	Scatto 10m	4	Braccio
107	 3207107600	 0.9953523491516266	 -0.03226704130376326	 -0.013451359167062473	 0.08973070834668752	 0.39926694699133963	 -0.17822851891717456	 -0.07654123162706598	 -1.32080078125	 -0.638427734375	 -2.15087890625	 0.7578595	 0.24988362	 -0.56976897	 -0.19639358	 11.527349	 -23.114412	 -3.320426	Scatto 10m	4	Braccio
108	 3207124267	 0.9934455373041157	 -0.04616043586956359	 -0.008867001930804143	 0.10419479280476562	 0.6327155007398935	 -0.29099416579354437	 0.061946223750530854	 -1.406005859375	 -0.46337890625	 -2.167236328125	 0.7789346	 0.15267973	 -0.59098023	 -0.14384824	 6.612539	 -36.536427	 9.710449	Scatto 10m	4	Braccio
109	 3207140934	 0.9940449865662466	 -0.056885734080938444	 -0.012904266861045122	 0.09204378217653893	 0.6861896295023349	 -0.4087978649017324	 0.27854367010991204	 -1.44873046875	 -0.251220703125	 -2.163818359375	 0.78756416	 0.051113546	 -0.60497886	 -0.1055021	 -6.4729657	 -40.011585	 20.733456	Scatto 10m	4	Braccio
110	 3207157601	 0.996061019658196	 -0.009882546454202334	 -0.022044136854748212	 0.08531609709418528	 0.6661237519707119	 -0.4391932437893439	 0.5816893939172463	 -1.4697265625	 -0.09423828125	 -2.12841796875	 0.7797523	 -0.0118143335	 -0.6244671	 -0.043447714	 -26.57776	 -32.846672	 31.714413	Scatto 10m	4	Braccio
111	 3207174268	 0.9930053095214183	 0.08481670390591373	 -0.037159409480210966	 0.07325135007555063	 1.0730054554170747	 -0.3493206985450338	 0.19381995985523778	 -1.506591796875	 -0.09130859375	 -2.105712890625	 0.75542337	 0.0052912664	 -0.65162194	 0.06853219	 0.9568322	 -22.955479	 54.927433	Scatto 10m	4	Braccio
112	 3207190935	 0.9971580626772132	 0.06292442402772208	 0.012001809621639327	 0.03965187844746185	 0.952159974261946	 1.1716203771676175	 -0.21794465864437185	 -1.502197265625	 -0.158935546875	 -2.11865234375	 0.75827634	 0.024628878	 -0.6361192	 0.14058085	 13.256285	 76.78012	 38.200912	Scatto 10m	4	Braccio
113	 3207207602	 0.9996515689169747	 -0.015155984921914667	 0.01501678529459527	 0.015541333349931437	 0.3506820127023691	 0.8197274299981688	 -0.023781398850687488	 -1.469970703125	 -0.12841796875	 -2.13525390625	 0.7655224	 0.0022033541	 -0.62741613	 0.1425466	 -7.5051966	 51.32494	 3.342763	Scatto 10m	4	Braccio
114	 3207224269	 0.9997914377377944	 -0.014239769343702358	 0.012464646135880554	 -0.007677407891949095	 0.3717447500094681	 0.14814383754764845	 0.02882928122221383	 -1.44873046875	 -0.0966796875	 -2.148193359375	 0.7743658	 -0.0034170535	 -0.62007624	 0.1259028	 0.22478251	 12.97062	 10.464909	Scatto 10m	4	Braccio
115	 3207240936	 0.9995935339402342	 0.016511043615781762	 0.0120477349136231	 -0.01987471828838661	 0.027695307594714256	 -0.06084096873624821	 -0.03330677064802976	 -1.43310546875	 -0.130615234375	 -2.167724609375	 0.78401893	 0.022564784	 -0.6088573	 0.11873575	 2.9487925	 -2.9067128	 -8.099384	Scatto 10m	4	Braccio
116	 3207257603	 0.9988193371324124	 0.04457407068517405	 0.00586438475715162	 -0.01840361335013707	 -0.1555888530375023	 -0.10312388903623494	 -0.12573032340675777	 -1.4189453125	 -0.218994140625	 -2.182373046875	 0.7875966	 0.0701542	 -0.5982649	 0.12980494	 6.3327785	 -6.110219	 -20.054955	Scatto 10m	4	Braccio
117	 3207274270	 0.9984399604914822	 0.05478126375465869	 0.00225450303942204	 -0.010562937624317816	 -0.16847314962762316	 0.03854934561892817	 -0.11775039357728319	 -1.4150390625	 -0.328369140625	 -2.179931640625	 0.7848001	 0.12115212	 -0.588225	 0.15297808	 3.3357625	 2.889035	 -21.55899	Scatto 10m	4	Braccio
118	 3207290937	 0.9986106409960553	 0.050662677279400714	 -0.010593875098251828	 -0.009891947772479787	 -0.10143376863324856	 0.10162786622370575	 -0.0891659780555588	 -1.419921875	 -0.42822265625	 -2.155029296875	 0.772329	 0.17010191	 -0.58725464	 0.17235322	 0.81809944	 7.0288434	 -17.076624	Scatto 10m	4	Braccio
119	 3207307604	 0.9982295710323946	 0.045825898763038386	 -0.033646977736423896	 -0.017481172965390066	 0.06479892621860936	 0.19364188577046934	 -0.2141170793171873	 -1.464111328125	 -0.525146484375	 -2.09765625	 0.7458521	 0.22322726	 -0.6016834	 0.17846955	 6.450582	 16.491734	 -8.572513	Scatto 10m	4	Braccio
120	 3207324271	 0.9980050160175824	 0.04015423626025999	 -0.037509034813035476	 -0.031091761312198457	 0.036728601968699016	 0.38215750704678103	 -0.19842148140686391	 -1.505859375	 -0.626953125	 -2.0166015625	 0.7174756	 0.28041798	 -0.61473143	 0.16941088	 -2.085614	 25.691235	 -6.9937415	Scatto 10m	4	Braccio
121	 3207340938	 0.9992256084271112	 0.0059860423704288235	 -0.026842565280659814	 -0.02813942873198522	 -0.011909154451883938	 0.6362512636343336	 -0.08821187377408116	 -1.5234375	 -0.696044921875	 -1.965576171875	 0.7025172	 0.30897224	 -0.6248483	 0.14342394	 -18.433428	 33.252666	 -3.4640527	Scatto 10m	4	Braccio
122	 3207357605	 0.9983237917010224	 -0.05195592178645883	 -0.014051037253577705	 -0.021278098296409836	 0.010486122220471655	 0.6641453715309682	 -0.06689209309387886	 -1.52783203125	 -0.6748046875	 -1.9765625	 0.7110751	 0.2901275	 -0.6343294	 0.08845603	 -20.103045	 32.908184	 1.0159922	Scatto 10m	4	Braccio
123	 3207374272	 0.9961937287686452	 -0.0831013208131523	 -1.970374977643963E-4	 -0.026309435899635778	 0.12881418358188462	 0.43670868403211593	 -0.044997469502985	 -1.511474609375	 -0.603271484375	 -2.027587890625	 0.7344301	 0.2495942	 -0.6309946	 0.012695556	 -9.177235	 20.85165	 5.5019627	Scatto 10m	4	Braccio
124	 3207390939	 0.9958146000784188	 -0.08634859373012294	 0.006903461850416682	 -0.029146952601752735	 0.18352231801281524	 0.19078575190135705	 -0.05887755852497749	 -1.48095703125	 -0.5087890625	 -2.09130859375	 0.7573882	 0.20635252	 -0.61601466	 -0.06563312	 1.7297797	 8.014696	 4.24144	Scatto 10m	4	Braccio
125	 3207407606	 0.9974324946615063	 -0.06724469028270719	 0.006138628293695325	 -0.023851361906163052	 0.2522399926272351	 0.013057584558070046	 -0.08936076466656731	 -1.455810546875	 -0.41650390625	 -2.138916015625	 0.7710897	 0.17279297	 -0.59945583	 -0.12734303	 8.570004	 -3.4884365	 3.3327723	Scatto 10m	4	Braccio
126	 3207424273	 0.9991317801525984	 -0.040472766056776355	 3.5531828086649014E-4	 -0.00987496054333276	 0.6197196669497751	 -0.08221969801709239	 -0.15708018840806162	 -1.443603515625	 -0.353515625	 -2.15380859375	 0.7757023	 0.1500289	 -0.591228	 -0.16194731	 18.454979	 -18.557377	 18.661024	Scatto 10m	4	Braccio
127	 3207440940	 0.9990081624644438	 -0.04092661526128072	 -0.011040632102604921	 -0.013631138450086224	 0.6064325957172676	 -0.11381121381474962	 0.0469323950957885	 -1.453857421875	 -0.30419921875	 -2.151123046875	 0.77138406	 0.1268255	 -0.59068257	 -0.19994043	 5.8109756	 -21.954256	 19.55884	Scatto 10m	4	Braccio
128	 3207457607	 0.9982793315280638	 -0.051745491334048266	 -0.024631927307618488	 -0.012411628724395093	 0.1250720229865358	 0.16072256688925357	 0.2254120747429522	 -1.48974609375	 -0.24169921875	 -2.126708984375	 0.7586295	 0.090987936	 -0.597244	 -0.2439312	 -9.830646	 5.6476502	 4.457945	Scatto 10m	4	Braccio
129	 3207474274	 0.9986015457290076	 -0.0469363358182055	 -0.02343666214759471	 -0.0065311649019685	 0.07302844612516658	 0.024616910646202046	 0.16444398753968695	 -1.5263671875	 -0.170654296875	 -2.089599609375	 0.7454503	 0.055044297	 -0.602341	 -0.28010577	 -8.2580185	 0.6820939	 -2.7363677	Scatto 10m	4	Braccio
130	 3207490941	 0.9995915959661631	 -0.021819023397177506	 -0.0162557606345663	 -0.008736231338737577	 0.1029839172022652	 -0.10306246636948843	 0.05478278774415844	 -1.55810546875	 -0.13623046875	 -2.058837890625	 0.73339945	 0.04075178	 -0.6076472	 -0.30204228	 -4.5004234	 -7.3285995	 -6.1718245	Scatto 10m	4	Braccio
131	 3207507608	 0.9998544897050785	 0.003012157953464434	 -0.0118538486296782	 -0.011891702726067323	 -6.582267422274649E-4	 -0.08793549809977823	 -0.004040481466453939	 -1.580322265625	 -0.1484375	 -2.040283203125	 0.72168595	 0.047555614	 -0.61672425	 -0.31073952	 -1.8616114	 -4.3489246	 -12.161844	Scatto 10m	4	Braccio
132	 3207524275	 0.9997671901507018	 0.015438310215659168	 -0.012205977353650201	 -0.00884523559311573	 -6.346378907122058E-4	 -0.09445156013692257	 -0.03686543447286605	 -1.599365234375	 -0.181640625	 -2.0234375	 0.7098117	 0.06118354	 -0.62985706	 -0.30936083	 -0.18230008	 -5.222192	 -12.9266205	Scatto 10m	4	Braccio
133	 3207540942	 0.9998597221127453	 0.0074988964719985285	 -0.014099078672383969	 -0.005051596669949366	 0.0737044610234864	 -0.12433722225069388	 -0.11901720715898523	 -1.624267578125	 -0.205810546875	 -1.998046875	 0.69809973	 0.06609985	 -0.64195436	 -0.31013277	 4.014779	 -10.42425	 -11.00481	Scatto 10m	4	Braccio
134	 3207557609	 0.9998428160664218	 -0.016305839482361528	 -0.0069503688327819954	 -3.9386829160870107E-4	 0.09208526798023307	 -0.11516966388094563	 -0.11180914226494496	 -1.637939453125	 -0.19873046875	 -1.98583984375	 0.6936992	 0.053570494	 -0.64203143	 -0.32203633	 3.7899895	 -10.433909	 -9.59063	Scatto 10m	4	Braccio
135	 3207574276	 0.9991907429434604	 -0.03882988680620025	 2.2855123403831006E-6	 0.010492811896227418	 0.11496864026102982	 -0.1371203703364793	 -0.07248472336160541	 -1.63671875	 -0.14453125	 -1.977783203125	 0.697742	 0.020582335	 -0.6302337	 -0.33990884	 0.6962213	 -11.503686	 -8.644316	Scatto 10m	4	Braccio
136	 3207590943	 0.9983100429472176	 -0.05396213969724328	 0.008725798452034196	 0.019723236838667224	 0.10748179672168566	 -0.2985087120917899	 -0.015226866980764161	 -1.62255859375	 -0.043701171875	 -1.97314453125	 0.7089855	 -0.026027977	 -0.6060159	 -0.35973203	 -7.3749537	 -17.354536	 -12.576451	Scatto 10m	4	Braccio
137	 3207607610	 0.9987879972185876	 -0.040941053235700964	 0.014839969226637995	 0.022937787281828995	 0.07993813941992514	 -0.4887615063932807	 0.09484163674285494	 -1.5966796875	 0.052734375	 -1.97412109375	 0.7234535	 -0.06361986	 -0.58032084	 -0.3685043	 -20.64363	 -21.309925	 -15.737332	Scatto 10m	4	Braccio
138	 3207624277	 0.9996318847562911	 -8.477591502106252E-4	 0.01094457279861122	 0.024811138814336775	 0.017481560097323684	 -0.6110460544160055	 0.16924791814999007	 -1.55859375	 0.104736328125	 -1.984619140625	 0.7379851	 -0.07558288	 -0.57075673	 -0.35199726	 -30.29295	 -21.59892	 -17.81845	Scatto 10m	4	Braccio
139	 3207640944	 0.9981165017603769	 0.05242511119019477	 0.0066886243998612325	 0.031149942760154207	 0.017932250581419507	 -0.5632741692788861	 0.0747975464589006	 -1.5283203125	 0.096435546875	 -2.021240234375	 0.7551772	 -0.054237425	 -0.58049214	 -0.29965723	 -24.006002	 -23.157988	 -16.946823	Scatto 10m	4	Braccio
140	 3207657611	 0.9954205523254223	 0.08768574029198306	 0.011089215299217027	 0.03641653829849473	 0.12823209329865898	 -0.4008493298227649	 -0.056074410864451384	 -1.495849609375	 0.02587890625	 -2.080810546875	 0.7742636	 -0.008242375	 -0.59278184	 -0.22148964	 -8.527219	 -24.002487	 -10.123882	Scatto 10m	4	Braccio
141	 3207674278	 0.9942075299459467	 0.09860285530698654	 0.022496080492418857	 0.0363701895316439	 0.2473657478093445	 -0.23087858471712105	 -0.1357602311601748	 -1.45263671875	 -0.08447265625	 -2.145751953125	 0.79284877	 0.04889508	 -0.59231	 -0.13479285	 5.4826903	 -19.655397	 -1.9334111	Scatto 10m	4	Braccio
142	 3207690945	 0.9935342269705727	 0.10446132456222579	 0.029458936954704255	 0.03331279847432311	 0.5356234793404023	 0.0025202143574340197	 -0.15803893402362237	 -1.393310546875	 -0.216552734375	 -2.198486328125	 0.80557805	 0.11333922	 -0.57980645	 -0.044979915	 17.565334	 -9.250268	 17.180433	Scatto 10m	4	Braccio
143	 3207707612	 0.9942444091248575	 0.09353211358997804	 0.02684462469177124	 0.0448237077506164	 0.961248507820202	 0.8854129879386063	 -0.5324666993686502	 -1.35986328125	 -0.3662109375	 -2.20849609375	 0.80874854	 0.16165015	 -0.5634337	 0.04834804	 45.909245	 44.215725	 45.921673	Scatto 10m	4	Braccio
144	 3207724279	 0.9974391736619119	 0.007481454457088976	 0.04561635735242065	 0.05457353411448748	 0.4963998491986441	 0.7872078517242297	 -0.5090115428809103	 -1.281982421875	 -0.36279296875	 -2.25	 0.82807547	 0.13467957	 -0.53415215	 0.10408878	 25.692003	 51.203762	 17.912567	Scatto 10m	4	Braccio
145	 3207740946	 0.9991191626798847	 -0.027603342086457983	 -0.002736787349073011	 0.03148752556982135	 0.15528884588323974	 0.6350103049942395	 -0.20570088377910062	 -1.272705078125	 -0.29541015625	 -2.26171875	 0.8251504	 0.09710131	 -0.5445365	 0.11479753	 2.1937761	 40.284622	 -1.8726745	Scatto 10m	4	Braccio
146	 3207757613	 0.9988163813011257	 -0.038334334232203615	 -0.011272042407111023	 0.02773547049304316	 -0.0433374780831767	 0.4503675017332068	 -0.15699864413354306	 -1.291259765625	 -0.198974609375	 -2.251220703125	 0.81741947	 0.054406747	 -0.56189203	 0.11464278	 -0.76261795	 28.282007	 -14.836115	Scatto 10m	4	Braccio
147	 3207774280	 0.9989984217446769	 -0.0313072108098143	 -0.013042917057250443	 0.029187226959618593	 -0.01835168181842825	 0.2254573921190198	 -0.15513496925977766	 -1.311767578125	 -0.10888671875	 -2.23681640625	 0.80663234	 0.01721056	 -0.57877916	 0.11858821	 4.6778836	 15.0088415	 -14.679559	Scatto 10m	4	Braccio
148	 3207790947	 0.999283751994998	 -0.0245104084237604	 -0.020841082329854935	 0.019921650660022244	 -0.10229151461054896	 0.24355457663152508	 0.003049633284940836	 -1.33642578125	 -0.04052734375	 -2.208251953125	 0.7910546	 -0.008092916	 -0.60012954	 0.11837128	 -5.117578	 13.133802	 -17.062626	Scatto 10m	4	Braccio
149	 3207807614	 0.9993153763823367	 -0.02159004358474159	 -0.027787299817762706	 0.01142429484368654	 -0.17745382265341425	 0.19176941458802063	 0.02794167163813443	 -1.376708984375	 0.013671875	 -2.166015625	 0.7715555	 -0.025184529	 -0.62560755	 0.11261961	 -6.308617	 8.912115	 -21.185123	Scatto 10m	4	Braccio
150	 3207824281	 0.9993760212989989	 -0.019514180931182734	 -0.029155018603326675	 0.004092637952175848	 -0.08180005160476644	 0.144895983807375	 0.0492236172942504	 -1.421875	 0.04931640625	 -2.123046875	 0.75136846	 -0.036073647	 -0.6509483	 0.10203165	 -5.047467	 7.1739025	 -15.420069	Scatto 10m	4	Braccio
151	 3207840948	 0.9995768004893733	 -0.01609330305269996	 -0.024230541121685076	 -3.2618588551774913E-4	 0.09084556155409307	 0.11361666732527265	 0.06568054577813151	 -1.46484375	 0.07958984375	 -2.0791015625	 0.7343858	 -0.04216856	 -0.6714393	 0.089826666	 -3.899372	 7.415067	 -5.172343	Scatto 10m	4	Braccio
152	 3207857615	 0.999725496381527	 -0.013451418697362272	 -0.01916857140659473	 -7.463845979844841E-4	 0.23269740874480607	 0.1200964345050704	 0.07859454314765366	 -1.498291015625	 0.10009765625	 -2.03955078125	 0.7205883	 -0.046616938	 -0.6873099	 0.07864201	 -4.0886135	 9.358899	 3.023759	Scatto 10m	4	Braccio
153	 3207874282	 0.999532764301637	 -0.024744319368224132	 -0.017873739904678554	 -0.0015815082521182247	 0.5453676121310369	 0.22721684764555702	 0.09352782834802191	 -1.52490234375	 0.123046875	 -2.0048828125	 0.7068533	 -0.058805443	 -0.702456	 0.058788843	 -4.870879	 18.837143	 20.344275	Scatto 10m	4	Braccio
154	 3207890949	 0.9990920291012005	 -0.03440759705591817	 -0.022539455446237897	 -0.011099891867511869	 0.8014941560884641	 0.043232743578305644	 0.15255344196652815	 -1.558837890625	 0.163330078125	 -1.945068359375	 0.68907005	 -0.07073923	 -0.72079265	 0.025225803	 -8.834632	 10.282465	 37.29694	Scatto 10m	4	Braccio
155	 3207907616	 0.9992476522300521	 -0.010162590101740587	 -0.031432204786217895	 -0.02031914804882962	 0.6376250576770901	 -0.049479069838882006	 0.3182394026085034	 -1.61083984375	 0.154052734375	 -1.888427734375	 0.6658831	 -0.059245072	 -0.74369365	 0.0031055356	 -20.738129	 3.2731667	 27.552845	Scatto 10m	4	Braccio
156	 3207924283	 0.9995316708077924	 0.002429924536103689	 -0.02353438041316192	 -0.01940792254467799	 0.3791440544053709	 0.01003626853246005	 0.14989236268281414	 -1.66357421875	 0.118408203125	 -1.842041015625	 0.64891964	 -0.040651973	 -0.7597067	 -0.009821198	 -11.214861	 3.2742538	 11.686783	Scatto 10m	4	Braccio
157	 3207940950	 0.9998314162924489	 -0.00985964605705597	 8.444327074955682E-4	 -0.01546652215812522	 0.11841293718709987	 -0.05255664326850405	 0.023043984231979855	 -1.68115234375	 0.096435546875	 -1.833251953125	 0.64970446	 -0.033128556	 -0.7588483	 -0.030594628	 -2.6784925	 -2.7281396	 -2.9052844	Scatto 10m	4	Braccio
158	 3207957617	 0.9991475306649796	 -0.03095492176132353	 0.02115132330486497	 -0.01728080748336025	 0.05321137804296247	 -0.1074846984182487	 0.09358087517360943	 -1.671875	 0.09814453125	 -1.84033203125	 0.6643211	 -0.037480675	 -0.74331796	 -0.06892857	 -6.6014338	 -5.8826056	 -7.548618	Scatto 10m	4	Braccio
159	 3207974284	 0.999120310732127	 -0.027490383050400913	 0.0241925905429678	 -0.020435314656259477	 -0.033648697553356643	 -0.2249124820408109	 0.11535305154579463	 -1.656982421875	 0.099365234375	 -1.870361328125	 0.6798828	 -0.037236832	 -0.7245872	 -0.106519334	 -8.593873	 -12.170463	 -13.289385	Scatto 10m	4	Braccio
160	 3207990951	 0.9996170496041026	 -0.01050747265120977	 0.020260401287726774	 -0.01564810847782	 -0.1097471431399016	 -0.27883348142305986	 0.030207490648574056	 -1.648193359375	 0.088623046875	 -1.890625	 0.69282067	 -0.029750003	 -0.7090395	 -0.1279745	 -4.6861744	 -15.301965	 -18.204987	Scatto 10m	4	Braccio
161	 3208007618	 0.9998779749977367	 0.010209886191167972	 0.010993846199340906	 -0.004350710761947486	 -0.07402746572210517	 -0.23815467356701547	 -0.006171827007696463	 -1.631591796875	 0.073486328125	 -1.91552734375	 0.7007961	 -0.017461395	 -0.70188844	 -0.12622434	 -2.6616194	 -13.263043	 -16.220608	Scatto 10m	4	Braccio
162	 3208024285	 0.999359561320996	 0.03418938218034523	 0.009936907561603427	 0.003579275142362337	 0.13180401796815971	 -0.15472701445204326	 -0.03706750192444989	 -1.62060546875	 0.04150390625	 -1.947021484375	 0.70886105	 0.0057446426	 -0.6979536	 -0.10170499	 0.16973463	 -10.639104	 -3.453071	Scatto 10m	4	Braccio
163	 3208040952	 0.9990388571087727	 0.041625468683254785	 0.013462807419745317	 0.002726748993852266	 0.35440021426893037	 0.11808806471624705	 -0.01025240400682196	 -1.604248046875	 -0.008056640625	 -1.987548828125	 0.718059	 0.03513817	 -0.6913342	 -0.072205074	 1.7579992	 3.6194499	 12.244892	Scatto 10m	4	Braccio
164	 3208057619	 0.9996559396550657	 0.025031841718903214	 0.006528777147472021	 0.004334083693947513	 0.6242635463553707	 0.38869165927967425	 -0.06541297325501053	 -1.586669921875	 -0.048095703125	 -2.01416015625	 0.7221269	 0.05122856	 -0.68780476	 -0.053227965	 6.6053567	 17.108955	 30.508606	Scatto 10m	4	Braccio
165	 3208074286	 0.9999686378726517	 5.060142438646498E-4	 0.007650454400215667	 0.001984381054336654	 0.4266115211166932	 0.3679715049471618	 -0.09799115478451552	 -1.577392578125	 -0.05126953125	 -2.0263671875	 0.7275769	 0.051865645	 -0.6820155	 -0.052885856	 7.327353	 18.03124	 18.442562	Scatto 10m	4	Braccio
166	 3208090953	 0.9999972490743287	 -4.221625726047451E-4	 5.086220609436533E-4	 -0.002250539076838365	 0.18380655502161022	 0.1998246665830854	 0.060718608564599395	 -1.571044921875	 -0.047607421875	 -2.03271484375	 0.7276923	 0.05488356	 -0.6813454	 -0.05674811	 -2.8294442	 10.192765	 3.099204	Scatto 10m	4	Braccio
167	 3208107620	 0.9999160361536322	 0.002629155838555719	 -0.009933518052635372	 -0.007895150504116074	 0.05838326979614897	 0.12350161851054436	 -0.004508473073358034	 -1.583251953125	 -0.064697265625	 -2.02294921875	 0.72013223	 0.06347927	 -0.6880124	 -0.06339481	 0.5677278	 6.755384	 -5.197875	Scatto 10m	4	Braccio
168	 3208124287	 0.9999646341974405	 0.0010515168723425061	 -0.0035203634316066106	 -0.007565164106318412	 -1.4901998148721118E-5	 0.1047738305021528	 -0.07496002147224204	 -1.597900390625	 -0.078369140625	 -2.012939453125	 0.71691656	 0.07119791	 -0.6899201	 -0.070512086	 4.5236106	 6.1983194	 -8.883598	Scatto 10m	4	Braccio
169	 3208140954	 0.9999746664233888	 -0.005337650774422276	 -0.003515374262521187	 -0.003133391044367773	 -0.16389958923114717	 0.11053198683724691	 0.004206739554018292	 -1.60498046875	 -0.080078125	 -2.00439453125	 0.7142548	 0.07143698	 -0.69175875	 -0.078784175	 -0.6106781	 8.480752	 -18.085108	Scatto 10m	4	Braccio
170	 3208157621	 0.9998298248447169	 -0.015718050254035887	 -0.009589678356682787	 0.0011411906981978887	 -0.1981174304121004	 0.06365252550121875	 -0.03834088270769597	 -1.6123046875	 -0.06298828125	 -1.993896484375	 0.7083251	 0.060895257	 -0.69725096	 -0.09169793	 1.9827499	 6.2616954	 -20.67784	Scatto 10m	4	Braccio
172	 3208190955	 0.9984117023805339	 -0.04301323268306079	 -0.030534760042085166	 0.019787945647017247	 -0.06899551253888106	 0.07207389302408845	 -0.17547277791569732	 -1.64306640625	 0.0263671875	 -1.9208984375	 0.68944234	 0.0184505	 -0.7151354	 -0.11362336	 6.576196	 0.8847939	 -8.584278	Scatto 10m	4	Braccio
176	 3208257623	 0.9952198481318217	 8.5372869826289E-4	 -0.09755210030744878	 -0.004506967648984117	 1.864823459369994	 1.0715963744468513	 0.7945391728851708	 -1.755126953125	 0.01806640625	 -1.749267578125	 0.6137671	 0.02031151	 -0.7790855	 -0.1261088	 -17.418144	 17.190506	 24.510723	Scatto 10m	4	Braccio
177	 3208274290	 0.9995830315477245	 -0.027827974946319167	 -0.0015697201281139606	 -0.007543396513980617	 0.4007961542148162	 0.292027482731414	 0.09829724768966423	 -1.7646484375	 0.02099609375	 -1.724853515625	 0.6121888	 0.010821824	 -0.77517956	 -0.15557787	 -9.32286	 13.37199	 15.767551	Scatto 10m	4	Braccio
178	 3208290957	 0.9988078878833324	 -0.046551889796113854	 0.012959200435647135	 -0.0069125814653722695	 0.28125268226441547	 0.10216561493267555	 0.08269883305041315	 -1.76025390625	 0.048583984375	 -1.72607421875	 0.6213136	 -0.008470438	 -0.7578341	 -0.19896063	 -7.8204446	 3.3956318	 6.748373	Scatto 10m	4	Braccio
179	 3208307624	 0.9989803986451871	 -0.04143551751709568	 0.01584617809938899	 -0.008376135769910255	 0.17150807477818572	 -0.0498140762121644	 0.09097506079214354	 -1.751708984375	 0.0732421875	 -1.728271484375	 0.6310456	 -0.023101363	 -0.7376967	 -0.23885436	 -8.222378	 -3.4807532	 -1.7571764	Scatto 10m	4	Braccio
180	 3208324291	 0.999383722524561	 -0.030807098301400215	 0.012155135022242304	 -0.011634025089808042	 0.09080135869588059	 -0.09624212599950792	 0.038456318437916776	 -1.7470703125	 0.08154296875	 -1.7236328125	 0.63647413	 -0.029816085	 -0.72102994	 -0.2722639	 -5.1662526	 -5.685635	 -6.7587576	Scatto 10m	4	Braccio
181	 3208340958	 0.9996286457932764	 -0.020984973531826212	 0.010757993541064492	 -0.013655290928408838	 0.035124644213989864	 -0.0896513700959585	 0.00423856488055536	 -1.742431640625	 0.0771484375	 -1.732421875	 0.6398913	 -0.029462159	 -0.7071718	 -0.29929802	 -2.7351859	 -5.0949707	 -9.771393	Scatto 10m	4	Braccio
182	 3208357625	 0.9997462815390394	 -0.016046137558123785	 0.009870706022419686	 -0.012347598185414477	 -0.01613232739266625	 -0.08400816581637119	 -0.004404866941499178	 -1.745361328125	 0.071044921875	 -1.73828125	 0.64265364	 -0.027315164	 -0.69487906	 -0.32154864	 -1.7538896	 -3.905977	 -12.655073	Scatto 10m	4	Braccio
183	 3208374292	 0.9997605954081183	 -0.018443942756770193	 0.007751462303941027	 -0.008859327115539108	 -0.04398154802654198	 -0.06950357395413212	 -0.019947628940380678	 -1.74169921875	 0.07177734375	 -1.7451171875	 0.6445299	 -0.029927751	 -0.6827732	 -0.3427922	 -0.40318596	 -2.8741481	 -13.979162	Scatto 10m	4	Braccio
184	 3208390959	 0.999774363853526	 -0.02028162180644172	 0.005464090346821383	 -0.0031655828625495874	 -0.03699980762535888	 -0.06981382898907407	 -0.027660931797825757	 -1.73779296875	 0.07861328125	 -1.744140625	 0.64630866	 -0.03843937	 -0.671086	 -0.36118066	 -0.24601568	 -3.1369746	 -13.728533	Scatto 10m	4	Braccio
185	 3208407626	 0.9999770527768638	 -0.006491019058147918	 2.6722716062527185E-4	 0.0019207240636895386	 -0.014876178506088536	 -0.08475388067680156	 -0.050473794487647786	 -1.736572265625	 0.089599609375	 -1.737548828125	 0.6467234	 -0.04335639	 -0.66746986	 -0.3665422	 0.028226333	 -4.983177	 -13.127626	Scatto 10m	4	Braccio
186	 3208424293	 0.9998151729591662	 0.017895212429287544	 -5.092946623606044E-4	 0.007008702568253977	 0.1704476335655831	 -0.059755159254848075	 -0.045329364161444244	 -1.73291015625	 0.088134765625	 -1.75341796875	 0.6493721	 -0.036205154	 -0.6730996	 -0.35205442	 -1.2734908	 -8.359634	 -2.5095987	Scatto 10m	4	Braccio
187	 3208440960	 0.9996946067711295	 0.022325441659805156	 0.0038530179829460724	 0.009870263412612103	 0.3264389551752207	 0.08632243421474177	 -0.006806734118839452	 -1.72509765625	 0.0830078125	 -1.775390625	 0.655821	 -0.026647964	 -0.6772033	 -0.33254254	 0.0039892592	 -4.3571653	 9.976675	Scatto 10m	4	Braccio
188	 3208457627	 0.9998923866429515	 0.008124824799708052	 -0.00144810099896886	 0.012128699803896859	 0.37129994761773133	 0.3018517391642072	 0.03579161588663897	 -1.717529296875	 0.09033203125	 -1.77587890625	 0.6587916	 -0.029666713	 -0.6798686	 -0.32076862	 3.6944268	 6.1743603	 18.06449	Scatto 10m	4	Braccio
189	 3208474294	 0.9997707771988352	 -0.01680550342905901	 -0.00866048165263833	 0.010048092917421205	 0.3503861966161673	 0.3186952436295498	 0.08625703646876798	 -1.7099609375	 0.12060546875	 -1.756103515625	 0.65518296	 -0.04971912	 -0.6792258	 -0.32697967	 1.6615453	 9.537479	 17.401155	Scatto 10m	4	Braccio
190	 3208490961	 0.9996063525922253	 -0.021984358707494323	 -0.016716436027614193	 0.004938481145320306	 0.3033205099494042	 0.24074678385113601	 0.12613461676869087	 -1.719482421875	 0.150634765625	 -1.7138671875	 0.6437563	 -0.072069414	 -0.6819972	 -0.33950517	 -1.7462718	 8.533641	 13.018299	Scatto 10m	4	Braccio
191	 3208507628	 0.9995472272026746	 -0.021545982007376174	 -0.020952323477433536	 0.0014530628614786158	 0.2865449215594312	 0.17290644620953946	 0.14058656708939854	 -1.735595703125	 0.170166015625	 -1.65771484375	 0.62779194	 -0.093067646	 -0.68723065	 -0.35345426	 -4.1480594	 6.7012334	 10.491745	Scatto 10m	4	Braccio
192	 3208524295	 0.9996232518445436	 -0.020514366215979185	 -0.01814310714610465	 -0.0018283362879426557	 0.2651792586070694	 0.06246705575790046	 0.12448936948675539	 -1.751220703125	 0.184814453125	 -1.603759765625	 0.61224663	 -0.11015171	 -0.6906659	 -0.3687838	 -6.8615746	 2.1932442	 6.651518	Scatto 10m	4	Braccio
195	 3208574296	 0.9987820254603699	 -0.045065746053833095	 -0.01845003914760932	 -0.007946081131234574	 0.3920957875536802	 -0.025576054134145237	 0.29780748247657196	 -1.773681640625	 0.194091796875	 -1.5185546875	 0.5902685	 -0.13732871	 -0.6829009	 -0.40788564	 -5.868177	 1.0516278	 -7.29848	Scatto 10m	4	Braccio
196	 3208590963	 0.999996660331661	 0.0014764508565232037	 0.0016942418130958539	 0.001276308376417623	 -0.023218201484075694	 -0.02634896114738321	 0.04836530875358874	 -1.770751953125	 0.195556640625	 -1.52587890625	 0.59196275	 -0.13637012	 -0.68145347	 -0.4081722	 -2.7056897	 1.5114639	 -11.6177435	Scatto 10m	4	Braccio
197	 3208607630	 0.9999516326982971	 0.008828240436311502	 0.0021538090825882206	 0.0037623850473220703	 -0.06805409487921343	 0.01994537617126742	 0.004933607153921216	 -1.767578125	 0.194580078125	 -1.538818359375	 0.59591275	 -0.13249736	 -0.68246764	 -0.40195826	 1.6589031	 2.1835172	 -13.080482	Scatto 10m	4	Braccio
198	 3208624297	 0.9999813633130835	 0.0031827675643940345	 0.0017387664718545583	 0.004911181965092937	 -0.06708162224780398	 0.08107604553344798	 -0.061274075978042866	 -1.76708984375	 0.19970703125	 -1.537109375	 0.5991611	 -0.13272859	 -0.6814704	 -0.3987322	 6.8322897	 1.7158303	 -11.751732	Scatto 10m	4	Braccio
199	 3208640964	 0.9999035189532857	 -0.011934278646686697	 0.002083355628697992	 0.006795984648594323	 -0.07291530407709783	 0.12379256426145038	 -0.08375104099443074	 -1.754150390625	 0.21630859375	 -1.53759765625	 0.60117286	 -0.14286081	 -0.674205	 -0.40451163	 9.54335	 2.5633588	 -11.188204	Scatto 10m	4	Braccio
200	 3208657631	 0.9996845146145275	 -0.023768067763700385	 -3.803997654769354E-4	 0.008112058352548746	 -0.07486513960065391	 0.07955941641429926	 -0.08618952675117861	 -1.750244140625	 0.2421875	 -1.51318359375	 0.5999809	 -0.16162314	 -0.6634684	 -0.41678616	 7.8952127	 0.6261987	 -12.456659	Scatto 10m	4	Braccio
201	 3208674298	 0.9997510832699193	 -0.020858168079918665	 -0.005011723046161931	 0.0061311464736314445	 -0.01962582853853051	 0.03946229351384487	 -0.10017465212873265	 -1.745361328125	 0.265625	 -1.486572265625	 0.5949334	 -0.17898303	 -0.65691614	 -0.42717764	 5.9342275	 -2.7327735	 -10.4704075	Scatto 10m	4	Braccio
202	 3208690965	 0.9999202859669535	 -0.007527149967162056	 -0.008638970929845448	 0.005303951961630471	 0.19988719462524307	 0.05096611955966837	 -0.09266388142240226	 -1.73974609375	 0.27685546875	 -1.46044921875	 0.5892704	 -0.1892964	 -0.65835583	 -0.42836305	 3.036172	 -5.8460813	 2.0485878	Scatto 10m	4	Braccio
203	 3208707632	 0.9998689399056432	 -0.011079213885900052	 -0.009544845370166645	 0.006946219007159749	 0.3094519753846042	 0.09519636845032656	 -0.0576643101751548	 -1.73681640625	 0.291748046875	 -1.43017578125	 0.5828696	 -0.20317765	 -0.6585115	 -0.4305167	 2.09019	 -4.2755585	 9.335829	Scatto 10m	4	Braccio
204	 3208724299	 0.9996616345508866	 -0.02054619069377167	 -0.01549140537772581	 0.0038061548113185184	 0.3756480055196073	 0.10487739132726567	 0.016638110096523426	 -1.734619140625	 0.304931640625	 -1.388427734375	 0.5689753	 -0.22301817	 -0.658483	 -0.43923852	 -1.1144472	 -1.0473514	 13.559069	Scatto 10m	4	Braccio
205	 3208740966	 0.9992792044339528	 -0.030418587860575524	 -0.022468473188245075	 -0.003308898760000623	 0.4171454681889219	 0.11422274933459625	 0.08901923868341845	 -1.73974609375	 0.307861328125	 -1.31884765625	 0.5445644	 -0.24667633	 -0.6589725	 -0.45645994	 -3.8522718	 2.8037148	 16.248753	Scatto 10m	4	Braccio
206	 3208757633	 0.9988687631778129	 -0.03853560124646116	 -0.026830450923251595	 -0.007505217348951543	 0.3785852074228997	 0.11613223539479664	 0.13295026830285772	 -1.74951171875	 0.294189453125	 -1.230224609375	 0.51238126	 -0.27359337	 -0.65785724	 -0.47941232	 -4.674441	 6.240907	 14.006189	Scatto 10m	4	Braccio
207	 3208774300	 0.9988999066671651	 -0.03768427072516162	 -0.026472528022496725	 -0.008836145106296546	 0.37195186867738517	 0.04730920537542546	 0.1217623586912045	 -1.75390625	 0.270751953125	 -1.1357421875	 0.4789255	 -0.29846528	 -0.65574265	 -0.5015481	 -7.843047	 4.8238926	 11.974777	Scatto 10m	4	Braccio
208	 3208790967	 0.9992911022874683	 -0.03351521232891991	 -0.013683434334358481	 -0.010333782292135607	 0.2908175880198982	 4.525814788614857E-4	 0.06591193858318851	 -1.75634765625	 0.23974609375	 -1.07177734375	 0.4535216	 -0.31352377	 -0.64872175	 -0.5245771	 -7.6016703	 2.1803381	 6.2354755	Scatto 10m	4	Braccio
