2	 2402182175	 0.9910289094796075	 -0.04200903139686103	 -0.08690164545884978	 -0.09243941731372912	 0.5599696135918463	 -0.17665277018315464	 -0.07479767665306916	 -1.43798828125	 0.55908203125	 -1.339111328125	 0.0055522546	 -0.77685136	 0.26478073	 -0.5712814	 -1.3041972	 -7.6904316	 24.83461	Scatto 30m	4	Braccio
3	 2402198842	 0.9906397950124844	 -0.05019180438336912	 -0.08505097910494326	 -0.09423327577695008	 0.7520690870759554	 -0.2156871789623913	 -0.13005867103233199	 -1.60009765625	 0.42919921875	 -1.129150390625	 -0.065757155	 -0.84336865	 0.21355918	 -0.4886697	 7.627514	 -5.1777596	 36.872677	Scatto 30m	4	Braccio
4	 2402215509	 0.9917411797536744	 -0.031720483824510044	 -0.075619789602283	 -0.09861486047871111	 0.9778648658166149	 -0.1048854077301721	 -0.18338968511247822	 -1.705810546875	 0.254150390625	 -0.949951171875	 -0.12397103	 -0.89106643	 0.14479041	 -0.41190726	 18.86484	 -7.8074684	 46.632744	Scatto 30m	4	Braccio
5	 2402232176	 0.9930734174901301	 -0.010381321338446048	 -0.0672696102077337	 -0.09577168258019332	 0.966543527113449	 0.0743687860477699	 -0.07707322395395999	 -1.76171875	 0.070068359375	 -0.803955078125	 -0.16299696	 -0.92221856	 0.06480156	 -0.3445951	 30.387999	 -10.8768835	 38.79299	Scatto 30m	4	Braccio
6	 2402248843	 0.9929266114411933	 0.0511848638718663	 -0.06317702789651965	 -0.08651888319026282	 0.7835920687300939	 0.12965536406229194	 -0.02116934839246315	 -1.761962890625	 -0.069091796875	 -0.7001953125	 -0.14372247	 -0.94678324	 -0.031465195	 -0.2862785	 32.10335	 -6.2585244	 24.867733	Scatto 30m	4	Braccio
7	 2402265510	 0.9911815415551085	 0.11411655792041321	 -0.05262534774998606	 -0.042037312747470634	 0.6513929528522928	 -0.027057316964131634	 0.23528133335730472	 -1.734375	 -0.0703125	 -0.6513671875	 -0.051661316	 -0.9644174	 -0.10515082	 -0.23700973	 40.105152	 4.200422	 0.35194588	Scatto 30m	4	Braccio
8	 2402282177	 0.9933951587637433	 0.09869212599685785	 -0.052952237817266934	 0.024939593443381484	 0.5242068126029704	 -0.35077516349083004	 0.22585212326757065	 -1.65771484375	 0.08349609375	 -0.635009765625	 0.04272508	 -0.97466445	 -0.11049144	 -0.18972492	 29.447037	 27.359735	 -10.1203785	Scatto 30m	4	Braccio
10	 2402315511	 0.9948961652636301	 0.04531028826388359	 -0.04227547456305958	 0.07963279708534289	 0.2555017275593847	 -0.6085969899790842	 0.8409163654235972	 -1.51025390625	 0.248779296875	 -0.604248046875	 0.116588846	 -0.97998136	 -0.044248693	 -0.15519601	 4.0032988	 6.6239905	 -39.948708	Scatto 30m	4	Braccio
12	 2402348845	 0.9846683612694068	 0.09624844569799912	 0.07583522394195004	 0.12415101218038613	 -0.15947214515827204	 0.06768590980768706	 0.6900057314123855	 -1.37060546875	 0.509521484375	 -0.812255859375	 0.23930173	 -0.94540256	 0.07281753	 -0.2089171	 11.195172	 5.584117	 -24.609497	Scatto 30m	4	Braccio
13	 2402365512	 0.9948779927465444	 0.06439326403424436	 0.07392905688814183	 0.024612631782332976	 0.20931463252128688	 0.015852474124251843	 0.14844703130597847	 -1.35400390625	 0.5869140625	 -1.003173828125	 0.30155897	 -0.90635395	 0.09764638	 -0.27937436	 15.1389065	 -0.029636085	 -12.7756405	Scatto 30m	4	Braccio
15	 2402398846	 0.9874163587989324	 0.07638254527320729	 0.13821570563886323	 -0.008429701572150174	 0.46651984606635954	 0.20071960486624657	 -0.17391661254604274	 -1.3671875	 0.608154296875	 -1.315185546875	 0.3533312	 -0.83026767	 0.095569685	 -0.42033222	 5.134674	 -14.244375	 -3.6856427	Scatto 30m	4	Braccio
17	 2402432180	 0.9899091049290258	 0.054317403941580134	 0.1250119805961375	 0.03875033309654139	 -0.25647790934385156	 -0.4310498464605174	 0.5015741885059695	 -1.2861328125	 0.608154296875	 -1.535400390625	 0.39980558	 -0.74506825	 0.13726611	 -0.51593304	 9.255927	 36.031956	 -5.853946	Scatto 30m	4	Braccio
21	 2402498848	 0.9342043297071072	 -0.04814480207859889	 0.31186652001916126	 0.16638395980516033	 1.5695174591272827	 -1.6961752851657925	 1.4222898489495024	 -0.72607421875	 0.68408203125	 -1.577392578125	 0.40660554	 -0.50510937	 0.3988758	 -0.64840937	 26.345362	 0.67816424	 -2.5247593	Scatto 30m	4	Braccio
22	 2402515515	 0.9948765364289429	 -0.05341253198799886	 0.07705106325588885	 0.03782740198478113	 0.32907039835325	 -0.20420748975220704	 0.25367576003499315	 -0.60595703125	 0.695556640625	 -1.445068359375	 0.37719464	 -0.45484778	 0.4768269	 -0.6507487	 10.020919	 -15.655103	 10.829367	Scatto 30m	4	Braccio
28	 2402615517	 0.9820183689627657	 -0.036584094825660496	 0.04370339748315772	 -0.1799764986711475	 1.4798429588907687	 1.7193322387752086	 -1.599297612875001	 -0.878662109375	 0.7294921875	 -1.29638671875	 0.2022355	 -0.52828026	 0.39946586	 -0.7214209	 -20.184475	 -16.456913	 -5.7342024	Scatto 30m	4	Braccio
30	 2402648851	 0.9751016032895363	 0.0096656070230004	 -0.12848740094698044	 -0.18048386936494532	 0.8572335498504725	 -0.2067482103349503	 -0.1334518033381042	 -1.244384765625	 0.634765625	 -1.283203125	 0.11675346	 -0.6831381	 0.25639153	 -0.6737614	 -9.420671	 -9.221674	 15.293913	Scatto 30m	4	Braccio
37	 2402765520	 0.7402464287469467	 0.0936408659002283	 -0.5516213753986705	 -0.3728008465174483	 3.351534228661839	 -2.092444285457037	 1.1652753886652452	 -1.5546875	 0.0673828125	 -0.581787109375	 0.029799175	 -0.95611244	 -0.21567734	 -0.19607215	 19.584455	 18.183928	 4.069192	Scatto 30m	4	Braccio
38	 2402782187	 0.9986517909808473	 -0.004166976158201566	 -0.028274648273907025	 0.04333336988315151	 0.8268291738206206	 -0.48588166979100267	 -0.029699195151177943	 -1.460205078125	 0.16259765625	 -0.555419921875	 0.030710999	 -0.96834534	 -0.17656642	 -0.17374867	 27.817923	 46.032288	 10.709829	Scatto 30m	4	Braccio
39	 2402798854	 0.9991543875276353	 0.008430722579933249	 -0.02312522611425755	 0.03293412695397847	 0.2366314758867497	 -0.25513605962752195	 0.6171458592639864	 -1.40380859375	 0.17822265625	 -0.51611328125	 0.047182657	 -0.97572404	 -0.14727792	 -0.15506709	 19.438965	 23.861166	 -39.134636	Scatto 30m	4	Braccio
42	 2402848855	 0.9657034731048566	 0.1518535434475313	 0.09520650859427127	 0.18786437687048388	 0.1196865488908413	 -0.24275539932577805	 1.3055577863731826	 -1.216552734375	 0.533935546875	 -0.787841796875	 0.25427672	 -0.9410694	 0.019013792	 -0.22219454	 13.912692	 12.778292	 -16.835491	Scatto 30m	4	Braccio
43	 2402865522	 0.9944146546786056	 0.07330074048924803	 0.06684682113619168	 0.036027746365039935	 0.2060252579635471	 0.0013140046649618362	 0.04805205568340701	 -1.193359375	 0.6181640625	 -0.9775390625	 0.33321238	 -0.89899	 0.05217923	 -0.27939895	 12.353802	 -0.57054096	 -6.952059	Scatto 30m	4	Braccio
44	 2402882189	 0.9953879972603806	 0.060211210504617474	 0.07158155803561607	 0.021293792258091887	 0.13439711273398933	 0.05954242472417469	 -0.04944352441252538	 -1.167236328125	 0.658935546875	 -1.155029296875	 0.39128482	 -0.8510963	 0.0754299	 -0.34182122	 5.4834347	 -6.7111363	 -6.4253073	Scatto 30m	4	Braccio
45	 2402898856	 0.9973337395705735	 0.038621109317714175	 0.05896292743079484	 0.01889960364757357	 -1.538809678399667E-4	 0.04579466721930143	 -0.003217325508803221	 -1.13671875	 0.673828125	 -1.27783203125	 0.42712736	 -0.8101732	 0.09775136	 -0.38939235	 0.2676541	 -1.9893098	 -11.699357	Scatto 30m	4	Braccio
46	 2402915523	 0.9975083954851987	 0.027246920155757026	 0.0594016546611928	 0.026571595775991386	 0.004234074577953183	 -0.09169533925037875	 0.08687931083488351	 -1.078857421875	 0.686279296875	 -1.373046875	 0.45421013	 -0.76924056	 0.13089824	 -0.42991608	 2.9161944	 6.480668	 -7.1673107	Scatto 30m	4	Braccio
47	 2402932190	 0.9966135579848778	 0.005981836234911886	 0.07558118672853754	 0.031829512856580595	 0.03243577399853223	 -0.19926946764733444	 0.4088966212441985	 -1.004150390625	 0.695068359375	 -1.43212890625	 0.462852	 -0.72548705	 0.18470922	 -0.47467813	 18.010986	 19.851423	 -4.320902	Scatto 30m	4	Braccio
48	 2402948857	 0.9941909945265834	 0.043767466728971194	 0.09095653174478492	 0.037357523891864114	 0.37583923587810664	 -0.645027693742188	 0.6945694590709168	 -0.8837890625	 0.696533203125	 -1.502685546875	 0.49578992	 -0.6475774	 0.23038454	 -0.5308096	 39.81667	 24.050398	 29.925434	Scatto 30m	4	Braccio
49	 2402965524	 0.9950910121651841	 0.025521912879570785	 0.09153569075470958	 0.027635607268434507	 0.14017876771665647	 -0.703269012371107	 0.045180101128988126	 -0.775634765625	 0.674560546875	 -1.5908203125	 0.50823414	 -0.5710535	 0.27582118	 -0.5826826	 -4.8814783	 10.829514	 31.62899	Scatto 30m	4	Braccio
50	 2402982191	 0.9929593384949085	 -0.07016596913438311	 0.09098078022751684	 0.028826836461517846	 0.21478860030546282	 -0.5265279041745751	 0.07956966402712223	 -0.658935546875	 0.69189453125	 -1.472412109375	 0.4597957	 -0.53741807	 0.37677	 -0.5981759	 -2.2872233	 -0.23188843	 24.561493	Scatto 30m	4	Braccio
51	 2402998858	 0.9929452985369315	 -0.08372863088265647	 0.07776911459948822	 0.03164040610250896	 0.5765181021116842	 0.3363503149840632	 0.37222844250415543	 -0.582763671875	 0.698974609375	 -1.251953125	 0.40350673	 -0.51091456	 0.47639504	 -0.5909285	 25.050535	 -37.964172	 -15.623787	Scatto 30m	4	Braccio
52	 2403015525	 0.9969214345386157	 -0.013085364722688397	 0.07584334303419595	 0.014973773904398968	 0.48420067096300423	 0.26712044632122584	 -0.11461840578033751	 -0.541015625	 0.6826171875	 -1.150634765625	 0.3714807	 -0.46174884	 0.5144956	 -0.6197456	 -11.104897	 -30.616112	 -19.16467	Scatto 30m	4	Braccio
53	 2403032192	 0.998806345474512	 -0.01593201410110945	 0.044211111679240356	 -0.013320389281761798	 0.18492292211098696	 0.05908887832323644	 -0.4042449853971511	 -0.5634765625	 0.6865234375	 -1.099609375	 0.33371848	 -0.44760168	 0.5271857	 -0.6405936	 -26.47022	 -4.10065	 -12.356984	Scatto 30m	4	Braccio
55	 2403065526	 0.9964703008244634	 0.027315283715152183	 0.005984222373034643	 -0.07915177782560624	 0.30388319008001063	 1.2577566718123874	 -0.6212132585569168	 -0.70849609375	 0.718505859375	 -1.113037109375	 0.28640378	 -0.47876975	 0.46818787	 -0.6852392	 -21.599766	 -12.959222	 -43.4771	Scatto 30m	4	Braccio
57	 2403098860	 0.9802245383720941	 0.08876021532401912	 -0.09157704459407728	 -0.15131134607908028	 0.6881505379428223	 0.22109840714897247	 -0.19560092280893193	 -0.9970703125	 0.724609375	 -1.301513671875	 0.2563429	 -0.582768	 0.2952283	 -0.71239746	 -9.909898	 -20.001884	 -2.6304717	Scatto 30m	4	Braccio
58	 2403115527	 0.9915473661616385	 0.0319523151692398	 -0.08093230706617578	 -0.09624360698866924	 0.5181990169981712	 -0.0024299258079879607	 -0.07080087345682806	 -1.20068359375	 0.667724609375	 -1.334228515625	 0.2257171	 -0.65788114	 0.18995322	 -0.69293725	 -9.943906	 -21.305824	 10.970753	Scatto 30m	4	Braccio
59	 2403132194	 0.9914128755132443	 -0.01223448551632278	 -0.09290763898521627	 -0.09120854263118176	 0.6194647242729197	 -0.2575194585732452	 -0.17217267814213683	 -1.390380859375	 0.58203125	 -1.2490234375	 0.16793895	 -0.7383453	 0.11197055	 -0.6435103	 -12.293934	 -8.237761	 29.01738	Scatto 30m	4	Braccio
60	 2403148861	 0.9904972481942502	 -0.05229047722682638	 -0.0912081465192366	 -0.08866781445109684	 0.683746807160376	 -0.2034963713682923	 -0.21316826142894543	 -1.53955078125	 0.4599609375	 -1.049072265625	 0.079175994	 -0.8099553	 0.060587004	 -0.57795596	 -7.0233617	 -5.522049	 33.957634	Scatto 30m	4	Braccio
61	 2403165528	 0.9911327696596968	 -0.04403993861753504	 -0.08307976282921559	 -0.09388327711314444	 0.9209304056592045	 0.0431522246363482	 -0.16707466693814133	 -1.628662109375	 0.288818359375	 -0.845703125	 -0.0074424706	 -0.8607282	 5.8993697E-5	 -0.5090105	 8.661734	 -13.369693	 44.098835	Scatto 30m	4	Braccio
62	 2403182195	 0.9917193551205796	 0.0013184766923150792	 -0.080662263214428	 -0.09992287821895296	 0.8766391155573754	 0.14688807869982878	 -0.11125532959820189	 -1.66845703125	 0.1142578125	 -0.701171875	 -0.057993047	 -0.89446455	 -0.08950311	 -0.43423423	 19.491686	 -8.052602	 39.623737	Scatto 30m	4	Braccio
63	 2403198862	 0.991143228475719	 0.04423110271178329	 -0.08423440516395149	 -0.09264596691871517	 0.891974918505721	 0.07011550955029144	 -0.12957814723911804	 -1.652099609375	 -0.009521484375	 -0.582275390625	 -0.06658077	 -0.9162613	 -0.18962473	 -0.3465182	 26.684223	 7.672048	 36.785683	Scatto 30m	4	Braccio
64	 2403215529	 0.9931336285844022	 0.0935717717041551	 -0.05511959136394901	 -0.043494252066166694	 0.8131251083042839	 0.24677692647850083	 -0.02758100026232596	 -1.60791015625	 -0.00537109375	 -0.532958984375	 -0.0062491	 -0.9254835	 -0.26035127	 -0.27506137	 36.719433	 5.8097835	 25.11604	Scatto 30m	4	Braccio
65	 2403232196	 0.9971666571448897	 0.06673692095792723	 -0.02890068533269941	 0.019224766496412027	 0.7084821928899965	 -0.6358046088099489	 0.0029484388774590753	 -1.550048828125	 0.138427734375	 -0.552001953125	 0.053023573	 -0.93420935	 -0.26394182	 -0.23404382	 11.769029	 53.71624	 5.624818	Scatto 30m	4	Braccio
66	 2403248863	 0.9989352955775148	 -0.03605503081139838	 -0.028187741914764478	 0.005810439604606338	 0.3065426854457071	 -0.58545016347222	 0.572163406893632	 -1.504638671875	 0.1064453125	 -0.486083984375	 0.016643252	 -0.9420181	 -0.2523139	 -0.22059593	 9.796205	 46.425762	 -32.158394	Scatto 30m	4	Braccio
68	 2403282197	 0.9905877360644654	 0.10919627177733712	 0.011492075754645116	 0.08173153359295748	 -0.5874462574266591	 -0.11557423998029416	 1.1712344611480732	 -1.426025390625	 0.308349609375	 -0.58154296875	 0.15008308	 -0.94655746	 -0.19720061	 -0.20643683	 -3.654412	 8.337224	 -53.06659	Scatto 30m	4	Braccio
69	 2403298864	 0.9947602420888009	 0.07777581722835113	 0.04314709174033977	 0.05041142220016434	 0.11480735540702061	 -0.39505419548074244	 0.3907993830654772	 -1.387451171875	 0.458251953125	 -0.728759765625	 0.24572934	 -0.92945635	 -0.15828867	 -0.22510639	 3.2896256	 31.574484	 -22.112507	Scatto 30m	4	Braccio
70	 2403315531	 0.9952053063233482	 0.06790063515325673	 0.06056671490833516	 0.03588279611244741	 0.29940516694439656	 -0.11822607842308966	 0.020853717484912875	 -1.36181640625	 0.56201171875	 -0.913330078125	 0.3301589	 -0.89817405	 -0.12373109	 -0.26261985	 12.806892	 9.717419	 0.9635525	Scatto 30m	4	Braccio
71	 2403332198	 0.9955108158328599	 0.04510997608785991	 0.08058803619963996	 0.020709274217891944	 0.1980775928112812	 0.11036322644255839	 -0.059155028711294085	 -1.35205078125	 0.617919921875	 -1.0849609375	 0.38867024	 -0.85801333	 -0.089652926	 -0.32359096	 11.092045	 -6.786257	 -4.4643917	Scatto 30m	4	Braccio
72	 2403348865	 0.9974433993757481	 0.014477668502317687	 0.0691373968411569	 0.010820467389036928	 0.16522864103410698	 0.07142570667150916	 0.015512945085910078	 -1.3466796875	 0.6357421875	 -1.20263671875	 0.41261545	 -0.82631016	 -0.059137195	 -0.37876487	 9.855477	 -3.2290764	 -6.658636	Scatto 30m	4	Braccio
73	 2403365532	 0.998701697129384	 0.0018116226910392386	 0.047133402105328515	 0.01923747852736946	 0.06114224722988951	 -0.07692727403451527	 0.2557890173685411	 -1.31396484375	 0.65576171875	 -1.253173828125	 0.42584988	 -0.8054535	 -0.026388764	 -0.41133985	 9.544396	 13.384044	 -10.042515	Scatto 30m	4	Braccio
74	 2403382199	 0.9952068790678158	 0.018383831567911846	 0.08488933614988815	 0.0449344322431246	 -0.10298141148608525	 -0.3392856587138465	 0.81160056842955	 -1.236083984375	 0.684814453125	 -1.343017578125	 0.46182692	 -0.75734293	 0.036867827	 -0.46020472	 19.098331	 49.334473	 -14.831997	Scatto 30m	4	Braccio
75	 2403398866	 0.9930342910313353	 0.07827509522159631	 0.07971773016690915	 0.0374297983026796	 0.810174270200773	 -0.7146172347132536	 0.5939568676024436	 -1.11328125	 0.692138671875	 -1.545166015625	 0.535749	 -0.67324066	 0.06578374	 -0.5053637	 37.868	 24.255108	 48.91499	Scatto 30m	4	Braccio
76	 2403415533	 0.9935892079848414	 0.023701790925231392	 0.10788575811465635	 0.0240701906726552	 0.2930792899062496	 -0.8973128906117842	 -0.13351476302531473	 -0.99267578125	 0.673583984375	 -1.67626953125	 0.55718124	 -0.59417015	 0.1263021	 -0.56617916	 -22.383984	 5.672614	 42.519512	Scatto 30m	4	Braccio
77	 2403432200	 0.9912935310355002	 -0.0948634332920188	 0.08827007088965444	 0.023376461159802134	 0.2143044476358597	 -0.4857873993326696	 0.43910398711145476	 -0.869384765625	 0.72412109375	 -1.552001953125	 0.5008254	 -0.5847982	 0.24277526	 -0.59012294	 11.531019	 13.434878	 27.544598	Scatto 30m	4	Braccio
78	 2403448867	 0.9924104735177848	 -0.08587390383131693	 0.0821034139306528	 0.0317199324385769	 0.4483195039691926	 0.32122618194659125	 0.47276878747949097	 -0.771484375	 0.76513671875	 -1.333984375	 0.44842216	 -0.5633465	 0.3518188	 -0.5981487	 37.35305	 -22.443632	 -9.015115	Scatto 30m	4	Braccio
79	 2403465534	 0.9956695271703464	 -0.041349144215141076	 0.0812723712679448	 0.018089848134787593	 0.6595868749615367	 0.4850064196959915	 -0.01813556025535437	 -0.716552734375	 0.75927734375	 -1.206298828125	 0.40877378	 -0.5212283	 0.41868773	 -0.62122923	 4.6729093	 -47.16207	 -22.773901	Scatto 30m	4	Braccio
80	 2403482201	 0.9979118825841116	 -0.021066357257820356	 0.060531828414421736	 -0.007998808544228075	 0.3127255305789032	 0.18810001464469073	 -0.4882643813582268	 -0.7275390625	 0.75048828125	 -1.140869140625	 0.36902812	 -0.49316674	 0.44597876	 -0.6493904	 -30.338795	 -18.698442	 -18.03339	Scatto 30m	4	Braccio
86	 2403582203	 0.9004339778355512	 0.03920348716711716	 -0.17980011373971763	 -0.39414928295300544	 1.9690478616094247	 0.8985083753549543	 -1.2443755279889133	 -1.474365234375	 0.536376953125	 -1.1181640625	 0.16063607	 -0.72773105	 0.090032145	 -0.6606798	 -10.533981	 -9.7348995	 21.558165	Scatto 30m	4	Braccio
87	 2403598870	 0.9915167415068583	 -0.04395314234285739	 -0.07658512338709	 -0.09538024672642942	 0.6168043853757903	 -0.09683753031450257	 -0.17681454182431544	 -1.599853515625	 0.388427734375	 -0.941162109375	 0.06884687	 -0.7891575	 0.03207586	 -0.6094766	 -6.687641	 -8.210174	 27.653385	Scatto 30m	4	Braccio
88	 2403615537	 0.9916545953999499	 -0.03544385597419306	 -0.07289793814102125	 -0.10025361395296419	 0.8441007895863841	 0.07739254417549964	 -0.14954524597876184	 -1.675537109375	 0.19482421875	 -0.770263671875	 -0.020413674	 -0.83352494	 -0.035004552	 -0.550994	 4.6446404	 -11.651286	 40.28356	Scatto 30m	4	Braccio
89	 2403632204	 0.9916469157376897	 -0.001415201961151774	 -0.07298991819279943	 -0.10633373666689637	 0.904323476951437	 0.12628521140205498	 -0.06785605703002945	 -1.6923828125	 0.003662109375	 -0.637451171875	 -0.08427423	 -0.8630607	 -0.12548116	 -0.48195302	 17.865154	 -2.7630918	 42.063602	Scatto 30m	4	Braccio
90	 2403648871	 0.990435647246155	 0.0357427504249318	 -0.08669478130495224	 -0.101211162184008	 0.9559008822297397	 0.0982460571727126	 0.02685696357660805	 -1.64306640625	 -0.14404296875	 -0.510986328125	 -0.113665424	 -0.8859895	 -0.2256586	 -0.38882	 31.05013	 11.815428	 37.33604	Scatto 30m	4	Braccio
91	 2403665538	 0.9920024450969657	 0.0898508932032972	 -0.07575688708689345	 -0.046031076145524104	 0.6840050225797962	 0.10510436597987914	 -0.014477302418765159	 -1.541015625	 -0.123779296875	 -0.412353515625	 -0.069023296	 -0.9067089	 -0.29447335	 -0.29393962	 25.619371	 14.7762375	 19.343868	Scatto 30m	4	Braccio
92	 2403682205	 0.9982717185632937	 0.04394287927328096	 -0.0389080313927685	 0.0029604680375623083	 0.7130214368239902	 -0.8693712404505154	 -0.06477290339594033	 -1.456298828125	 -0.005126953125	 -0.3955078125	 -0.03983603	 -0.91888463	 -0.30456603	 -0.24759597	 -0.2652312	 67.03267	 -1.2960587	Scatto 30m	4	Braccio
93	 2403698872	 0.9998050799437874	 -0.0011835368634927484	 -0.01852391264480202	 -0.006728002632088643	 0.12253297224896287	 -0.21873673023431556	 0.2938257222488484	 -1.41845703125	 -0.02734375	 -0.3681640625	 -0.044550356	 -0.920719	 -0.309818	 -0.2330341	 6.518105	 16.363344	 -24.872925	Scatto 30m	4	Braccio
94	 2403715539	 0.9986230354983247	 0.04665150871641755	 -0.0026547167761645785	 0.0238458001633885	 -0.13203014131541724	 -0.1785855040236618	 0.6095084298424072	 -1.393798828125	 0.051025390625	 -0.392578125	 0.0072955643	 -0.92893887	 -0.29817674	 -0.21933986	 5.4155416	 6.4694085	 -47.810024	Scatto 30m	4	Braccio
95	 2403732206	 0.9966597897273078	 0.06700504957946113	 0.017277533799846898	 0.043371346501666054	 -0.1290285391121463	 -0.48402227826504823	 0.5801322258244423	 -1.37109375	 0.194091796875	 -0.453369140625	 0.08815295	 -0.93350494	 -0.27168307	 -0.21676257	 -7.608358	 24.886992	 -47.727642	Scatto 30m	4	Braccio
96	 2403748873	 0.9952975052453601	 0.06721606527336238	 0.05167971280929116	 0.046841049363549686	 0.03493648895149709	 -0.3026662563872476	 0.18075659454908657	 -1.368408203125	 0.34228515625	 -0.589599609375	 0.17964686	 -0.92347443	 -0.23584968	 -0.24351016	 -4.385202	 19.318764	 -17.515873	Scatto 30m	4	Braccio
97	 2403765540	 0.9944988393330507	 0.05528256703678537	 0.07339143122190339	 0.050295071033243384	 0.34488921199414024	 -0.015448865384780075	 0.04135008332319043	 -1.37109375	 0.459716796875	 -0.749755859375	 0.26448977	 -0.9007409	 -0.18679874	 -0.28951254	 16.38266	 8.933605	 -0.48398018	Scatto 30m	4	Braccio
98	 2403782207	 0.9958174734696225	 0.037182871597470524	 0.07282363925837927	 0.040764091520716	 0.3417349195401468	 0.04340313796188723	 0.03920555756701996	 -1.354736328125	 0.545654296875	 -0.904541015625	 0.32691073	 -0.8712184	 -0.13992545	 -0.33842114	 17.888826	 2.9468138	 0.38644123	Scatto 30m	4	Braccio
99	 2403798874	 0.9980472453683269	 0.019425631316758757	 0.05337710729993917	 0.025985097208415787	 0.253317427860025	 0.07743140608884862	 0.04636500301729617	 -1.3330078125	 0.589111328125	 -1.00146484375	 0.36343074	 -0.84582233	 -0.106269166	 -0.37577856	 14.64011	 -1.3470398	 -3.1663647	Scatto 30m	4	Braccio
100	 2403815541	 0.997520017126435	 0.010729396542564468	 0.06385920976442695	 0.02758073258947591	 -0.10802027558597671	 0.13578791750722774	 0.18434886719713808	 -1.3115234375	 0.61328125	 -1.081298828125	 0.39213392	 -0.81560427	 -0.06453525	 -0.42054242	 5.4363756	 2.5586154	 -23.763186	Scatto 30m	4	Braccio
101	 2403832208	 0.9937862593572142	 0.03763023615956229	 0.09050074188508894	 0.05274895029874891	 -0.06565137815604238	 -0.6214509796968422	 0.6283390716707619	 -1.234375	 0.665771484375	 -1.213623046875	 0.4514356	 -0.757794	 -0.0027060173	 -0.47111258	 5.187479	 52.52178	 -3.3589435	Scatto 30m	4	Braccio
102	 2403848875	 0.9943343996002775	 0.055334040273796736	 0.08258260633423443	 0.03764782715613696	 0.7762534909909667	 -0.7858590478748445	 0.5214949387522348	 -1.13720703125	 0.691650390625	 -1.393798828125	 0.51272315	 -0.68486685	 0.038105458	 -0.51635295	 27.727	 29.097544	 51.472836	Scatto 30m	4	Braccio
103	 2403865542	 0.9932326190264078	 -0.02312416818209051	 0.10815846561972915	 0.035439859799594776	 0.48553176903584916	 -0.6855242761281959	 -0.03969921316610667	 -1.02734375	 0.708984375	 -1.43896484375	 0.51194507	 -0.6288328	 0.13055165	 -0.5704717	 -8.214762	 0.2839741	 39.97138	Scatto 30m	4	Braccio
104	 2403882209	 0.9919027479021922	 -0.09068255798655034	 0.08123395306656757	 0.03614771431604749	 0.38078052508865967	 -0.17507605000435456	 0.3273997016983675	 -0.9296875	 0.73779296875	 -1.30224609375	 0.46452308	 -0.6141949	 0.24685176	 -0.58825785	 19.385548	 -3.036176	 15.349251	Scatto 30m	4	Braccio
105	 2403898876	 0.9943545282570581	 -0.05987793782835105	 0.08016205435175183	 0.035323501216817606	 0.45349505330508116	 0.2920330037837958	 0.30636660435606716	 -0.8505859375	 0.73681640625	 -1.154296875	 0.42983034	 -0.5781029	 0.33962262	 -0.6047309	 26.798382	 -25.821686	 -9.251917	Scatto 30m	4	Braccio
106	 2403915543	 0.9967641338894133	 -0.03015039949990983	 0.0721457884806372	 0.018633303684284785	 0.5007199935149962	 0.3630504149852854	 -0.15693799860729016	 -0.81787109375	 0.726806640625	 -1.0810546875	 0.40148655	 -0.53536326	 0.39604527	 -0.6287631	 -5.2797728	 -36.9121	 -18.488483	Scatto 30m	4	Braccio
107	 2403932210	 0.9977854725677555	 -0.026824404659596623	 0.06086542767910969	 4.196234037895375E-5	 0.3667379611749987	 0.49862777447559364	 -0.49568850245426727	 -0.8310546875	 0.71533203125	 -1.023681640625	 0.36482581	 -0.5044168	 0.43260756	 -0.65216315	 -29.09011	 -29.41151	 -33.3171	Scatto 30m	4	Braccio
108	 2403948877	 0.9994158760627413	 -0.006287598358983293	 0.02551816081422498	 -0.021844822024426863	 0.26509501668413055	 0.7460494902298094	 -0.3319780262033105	 -0.875732421875	 0.70654296875	 -0.98828125	 0.33703437	 -0.49868885	 0.43074596	 -0.67243993	 -20.994112	 -26.893171	 -48.405716	Scatto 30m	4	Braccio
109	 2403965544	 0.9978670635098088	 0.03632133577880159	 -0.009267116745991899	 -0.05344347178815027	 0.233306773564836	 0.31779769992926205	 -0.32826967681258623	 -0.962158203125	 0.7099609375	 -1.047607421875	 0.32211047	 -0.51518065	 0.37113532	 -0.7022055	 -22.277752	 -15.374421	 -24.466576	Scatto 30m	4	Braccio
110	 2403982211	 0.9968004025912443	 0.02850519903507201	 -0.0305087042327184	 -0.06815885847008313	 0.21648188132147403	 0.11442152190720567	 -0.21051274960524724	 -1.090087890625	 0.693359375	 -1.109130859375	 0.2979455	 -0.55230886	 0.30067718	 -0.71817595	 -15.056736	 -12.042508	 -11.721601	Scatto 30m	4	Braccio
116	 2404082213	 0.7701503399870037	 -0.02086500245648884	 -0.39039019841626493	 -0.5040124983280698	 3.110166706893337	 -1.8029337266232348	 0.5654326089470649	 -1.609619140625	 0.017578125	 -0.575439453125	 -0.045064613	 -0.8633707	 -0.17543432	 -0.4709386	 23.97045	 8.908041	 47.263542	Scatto 30m	4	Braccio
117	 2404098880	 0.9931871110149828	 0.03880958332446227	 -0.08623953944123147	 -0.068087594999808	 1.0104380025821718	 0.09960158421110168	 0.021878477995896595	 -1.53564453125	 -0.058349609375	 -0.452880859375	 -0.060166404	 -0.8871625	 -0.25174838	 -0.3820283	 32.649887	 15.94113	 39.10238	Scatto 30m	4	Braccio
118	 2404115547	 0.9962897630592951	 0.062035976459860906	 -0.05713437128459132	 -0.017143782133461738	 0.7704254552343516	 -0.3873254516590291	 -0.02692319083490935	 -1.4482421875	 -0.005615234375	 -0.4013671875	 -0.026970472	 -0.9037992	 -0.29005775	 -0.31350642	 16.218815	 42.946644	 14.102192	Scatto 30m	4	Braccio
119	 2404132214	 0.999247720854355	 0.02665932722472167	 -0.025276202350804525	 -0.012425225713172451	 0.42615646372419125	 -0.5793322958721988	 0.19095918585010002	 -1.4013671875	 0.04443359375	 -0.391845703125	 -0.0132319555	 -0.90699774	 -0.31091714	 -0.2837441	 5.2172294	 44.23026	 -12.931525	Scatto 30m	4	Braccio
122	 2404182215	 0.9791142833269206	 0.17538139115289225	 0.002617901214405777	 0.10280921367133555	 -0.5179111633931108	 -1.1339038495449172	 1.2768405826754825	 -1.279052734375	 0.373291015625	 -0.5634765625	 0.1858088	 -0.9178988	 -0.2628232	 -0.23207933	 -13.6230135	 24.246477	 -32.035736	Scatto 30m	4	Braccio
123	 2404198882	 0.994817882283968	 0.06477283391874653	 0.05825228950835241	 0.05242644219485899	 0.23322258732977716	 -0.04795445484649795	 0.10396000185879994	 -1.25732421875	 0.4970703125	 -0.710693359375	 0.27666396	 -0.8998053	 -0.21620743	 -0.25896317	 10.997986	 10.654959	 -6.8985405	Scatto 30m	4	Braccio
124	 2404215549	 0.9945314233915817	 0.0509674711207396	 0.07838185846960459	 0.04653868323364889	 0.33662460678564626	 0.03294960725338013	 0.05772458712436973	 -1.234375	 0.593505859375	 -0.8720703125	 0.354653	 -0.8682287	 -0.16348304	 -0.30606163	 17.8584	 5.462405	 -1.1490679	Scatto 30m	4	Braccio
125	 2404232216	 0.9973607858069548	 0.027074515601933608	 0.061312003093961176	 0.02791544045972683	 0.34210068283035966	 0.062202098549155815	 0.04163371812544282	 -1.21044921875	 0.641357421875	 -0.98681640625	 0.400008	 -0.8391871	 -0.124889776	 -0.3466431	 18.462887	 0.4475044	 0.2073927	Scatto 30m	4	Braccio
126	 2404248883	 0.9994474843215685	 0.0030277658514812344	 0.03185624269125604	 -0.008985461525846061	 0.17649915302455627	 0.3413277669279208	 0.022703736342026853	 -1.224365234375	 0.646484375	 -1.031494140625	 0.40691578	 -0.822077	 -0.1210465	 -0.37941617	 18.354424	 -12.950855	 -15.177945	Scatto 30m	4	Braccio
127	 2404265550	 0.9954042186879278	 0.03718994606883386	 0.08156286818079818	 0.03368750308044221	 -0.5463628054783253	 -0.0653092687295111	 0.6077805354508692	 -1.223876953125	 0.6611328125	 -1.1103515625	 0.4611981	 -0.77273464	 -0.07551877	 -0.42950505	 -5.008052	 34.025215	 -44.98254	Scatto 30m	4	Braccio
128	 2404282217	 0.9932182058282764	 0.08308846156951949	 0.07161641577565354	 0.03853559596942796	 0.38532998442379846	 -1.1965693659622325	 0.5126761134966898	 -1.125244140625	 0.69970703125	 -1.35498046875	 0.5476324	 -0.69682837	 -0.048155125	 -0.46066284	 -4.423843	 57.425705	 47.785706	Scatto 30m	4	Braccio
129	 2404298884	 0.9951376849435668	 0.0012430915168343826	 0.09353136821393193	 0.030843571269701418	 0.3389153626320517	 -0.6227255831600417	 0.24203317010799702	 -1.04150390625	 0.70654296875	 -1.43505859375	 0.56883836	 -0.6451881	 0.026735423	 -0.5093531	 -1.2640727	 17.05308	 31.75558	Scatto 30m	4	Braccio
134	 2404382219	 0.8892817961631937	 -0.27996387109159837	 0.35525044376781917	 0.06778820029281213	 1.3950536132779154	 0.6700088071228392	 -1.0356599519052918	 -0.900390625	 0.6845703125	 -0.91064453125	 0.3699717	 -0.5269335	 0.41869888	 -0.6404324	 -24.55088	 -29.354803	 -47.584675	Scatto 30m	4	Braccio
138	 2404448887	 0.9566988436011354	 0.059849377439948115	 -0.07118397050885646	 -0.275822800027291	 1.22507736026905	 0.8953632027659559	 -0.7459360593192585	 -1.36669921875	 0.5537109375	 -0.96435546875	 0.23663802	 -0.641082	 0.1766326	 -0.7083906	 -7.726759	 -28.569437	 -2.7178144	Scatto 30m	4	Braccio
139	 2404465554	 0.9923869379495764	 0.02717642060808425	 -0.06041517183563717	 -0.10382492264416289	 0.5902131357926212	 0.055628755591923054	 -0.12753009134518029	 -1.50048828125	 0.445556640625	 -0.93310546875	 0.18784608	 -0.69161063	 0.06999636	 -0.6938942	 -9.47046	 -22.869053	 16.852613	Scatto 30m	4	Braccio
140	 2404482221	 0.9922354123461952	 0.01777468398883525	 -0.07237856066062416	 -0.09957053305054345	 0.7443897864383427	 -0.14609693395356707	 -0.17516324672119893	 -1.60693359375	 0.313720703125	 -0.863037109375	 0.13263024	 -0.7407761	 -0.031144693	 -0.6577919	 -10.463223	 -9.220784	 34.769	Scatto 30m	4	Braccio
141	 2404498888	 0.9928509717959577	 -0.004790475136253455	 -0.07681985289113785	 -0.09122888442579553	 0.8653050467870658	 -0.09441887101400345	 -0.23074675142352247	 -1.650390625	 0.166015625	 -0.739501953125	 0.0636011	 -0.7843255	 -0.111169666	 -0.6069842	 -7.5696907	 -4.0002117	 43.533463	Scatto 30m	4	Braccio
142	 2404515555	 0.9935390235279007	 -0.013054417937065549	 -0.07185336626572593	 -0.08687280734403321	 0.8775624458932936	 -0.023204887350381946	 -0.15630159205523503	 -1.65185546875	 0.0078125	 -0.609619140625	 -0.009744685	 -0.8142967	 -0.18051296	 -0.5515806	 3.584652	 4.766803	 43.353817	Scatto 30m	4	Braccio
150	 2404648891	 0.9213274947623697	 0.32514105183019565	 -0.1218732452379464	 0.17488812396735529	 1.3285362431046062	 -2.126323506823156	 1.2594584995122529	 -1.27099609375	 0.536376953125	 -0.78857421875	 0.33807647	 -0.84923685	 -0.21355666	 -0.34481117	 24.539803	 3.1235247	 3.1815815	Scatto 30m	4	Braccio
151	 2404665558	 0.9970667786761954	 0.017800499652352808	 0.07280474240048153	 0.015506468211711007	 0.25461575147933163	 0.11819506652626971	 0.03840706109875948	 -1.279541015625	 0.58154296875	 -0.904541015625	 0.37567005	 -0.81708443	 -0.18151562	 -0.39786583	 15.483595	 -1.225273	 -2.9051175	Scatto 30m	4	Braccio
152	 2404682225	 0.9987797054947303	 -0.003902766161084842	 0.047755850012015384	 0.011968587961058583	 0.05067677069603643	 0.16990536714485516	 0.23429378491843328	 -1.30419921875	 0.58544921875	 -0.948486328125	 0.38759795	 -0.7987637	 -0.15283066	 -0.43403608	 15.18905	 4.0252376	 -17.804893	Scatto 30m	4	Braccio
154	 2404715559	 0.982407604993875	 0.1007308875240159	 0.13249002963701564	 0.08470524184255085	 0.21866295684296783	 -0.9276672311110612	 0.9542409998431791	 -1.191650390625	 0.683837890625	 -1.232177734375	 0.5221713	 -0.6963468	 -0.07628385	 -0.48643515	 22.588285	 45.731262	 19.012825	Scatto 30m	4	Braccio
155	 2404732226	 0.9951575440114024	 0.03769774018078792	 0.08390165535243573	 0.03465335786870378	 0.4478496029115998	 -0.8941719035362087	 0.3107195366722504	 -1.104248046875	 0.70458984375	 -1.378173828125	 0.57128924	 -0.63184017	 -0.02623089	 -0.52318156	 -8.030684	 27.61768	 46.049316	Scatto 30m	4	Braccio
156	 2404748893	 0.9934101899759389	 -0.05689778185778244	 0.09611374584593353	 0.025709623316892166	 0.43240400464748385	 -0.7655408345016844	 0.17708748963737142	 -1.02734375	 0.7216796875	 -1.35791015625	 0.5495688	 -0.6073815	 0.075545765	 -0.5686431	 -10.604871	 8.91212	 42.185417	Scatto 30m	4	Braccio
161	 2404832228	 0.915427551125876	 -0.2527435497163756	 0.3125554068929114	 0.02054785483825833	 1.1156700240822253	 1.758513633853317	 -1.3730819999104855	 -1.028076171875	 0.662841796875	 -0.88232421875	 0.34439033	 -0.50618386	 0.39362583	 -0.68573475	 -15.696451	 -28.92272	 -44.55705	Scatto 30m	4	Braccio
162	 2404848895	 0.9974258981564778	 0.03670777798138114	 -0.003721266786747724	 -0.06148389135306252	 0.27216265810664475	 0.22244569518839674	 -0.28621933628677176	 -1.135498046875	 0.65185546875	 -0.939697265625	 0.3212875	 -0.5187882	 0.33234027	 -0.7191546	 -19.660957	 -17.017841	 -17.781727	Scatto 30m	4	Braccio
163	 2404865562	 0.9971788732593596	 0.020244197217639343	 -0.02479124525909582	 -0.06789595984085288	 0.2256113692798205	 0.12090361552471618	 -0.19384154587449626	 -1.257568359375	 0.61962890625	 -0.97998046875	 0.28993723	 -0.55124587	 0.27090707	 -0.7339441	 -13.75639	 -13.409441	 -11.249078	Scatto 30m	4	Braccio
164	 2404882229	 0.9968267415681041	 0.002570138337291472	 -0.036363434077912433	 -0.07076399045916454	 0.3564610769305139	 0.13295854149931552	 -0.17136694896677893	 -1.363525390625	 0.553466796875	 -0.95166015625	 0.24788892	 -0.59474456	 0.21582466	 -0.73365504	 -13.6974945	 -20.14754	 -4.046729	Scatto 30m	4	Braccio
165	 2404898896	 0.9946061025834865	 0.01592198792612054	 -0.052302141969433835	 -0.08814577102491526	 0.5331309970770255	 0.1034807230855477	 -0.1897526000057095	 -1.47607421875	 0.464599609375	 -0.9111328125	 0.20211661	 -0.64520466	 0.13459152	 -0.724393	 -15.87418	 -24.419502	 8.707317	Scatto 30m	4	Braccio
166	 2404915563	 0.9928605619800208	 0.019061735972791767	 -0.06836975669510804	 -0.09586517123477356	 0.6940110278277698	 -0.04074748590473522	 -0.16766046967893905	 -1.57470703125	 0.343017578125	 -0.850830078125	 0.15213335	 -0.6994428	 0.040948294	 -0.69710726	 -13.737753	 -17.811354	 26.726753	Scatto 30m	4	Braccio
167	 2404932230	 0.9933053789194675	 0.005668570469506362	 -0.07648345211359077	 -0.0863861856506782	 0.8343346638615966	 -0.07374859795049046	 -0.2284496572541873	 -1.62548828125	 0.212646484375	 -0.744140625	 0.097451895	 -0.7509878	 -0.038585294	 -0.65194446	 -12.881495	 -11.23946	 39.39189	Scatto 30m	4	Braccio
168	 2404948897	 0.9934456275278335	 -0.0015139707708774486	 -0.08432538191178841	 -0.07715389169552611	 0.9191661451819231	 -0.02342472578676212	 -0.18568942785431136	 -1.61474609375	 0.090087890625	 -0.613037109375	 0.041718908	 -0.798385	 -0.10663627	 -0.59115964	 -2.8588037	 -4.422219	 46.220722	Scatto 30m	4	Braccio
169	 2404965564	 0.9945623946282155	 0.015059534459707064	 -0.07971652316407657	 -0.06530030281612682	 1.135367374704291	 0.02389613275711193	 -0.05754078539683416	 -1.5615234375	 -0.0068359375	 -0.495361328125	 0.006254848	 -0.8335944	 -0.17333835	 -0.5244379	 16.172527	 6.413144	 56.155636	Scatto 30m	4	Braccio
170	 2404982231	 0.9970172358013601	 0.04492802058752782	 -0.052245911235496885	 -0.034763044174443786	 0.9453084270886303	 -0.061034746341707954	 0.0775565230751738	 -1.4931640625	 -0.009765625	 -0.4384765625	 0.016576303	 -0.85195976	 -0.22830835	 -0.47091958	 25.127047	 20.502941	 37.093204	Scatto 30m	4	Braccio
171	 2404998898	 0.9977801452157381	 0.057248261485211095	 -0.02947222934133681	 -0.016994295155525405	 0.6522845438167851	 -0.493483535922084	 0.3659070977932558	 -1.452392578125	 0.05224609375	 -0.427978515625	 0.05116161	 -0.8585836	 -0.27197748	 -0.43156108	 23.138683	 46.499866	 4.0665827	Scatto 30m	4	Braccio
172	 2405015565	 0.9980309125851357	 0.057176655144184144	 -0.02543843392792833	 0.004244256153764947	 -0.100220795456338	 -0.32294442152689795	 0.5155215741469255	 -1.411865234375	 0.13818359375	 -0.4521484375	 0.09629388	 -0.8653576	 -0.29535976	 -0.39325145	 9.285752	 23.848576	 -36.521492	Scatto 30m	4	Braccio
173	 2405032232	 0.9974691012977235	 0.0558255022301532	 -0.03188740672290574	 0.030366075636323046	 -0.33355590262420537	 -0.28074365777217153	 0.6026950948473899	 -1.339599609375	 0.246337890625	 -0.484619140625	 0.14846875	 -0.8784362	 -0.2946702	 -0.3456538	 2.3721185	 19.343168	 -49.963074	Scatto 30m	4	Braccio
174	 2405048899	 0.9973857072130188	 0.0596402116867627	 -0.009890460223094146	 0.03958503497181656	 -0.196086434463358	 -0.5807739624145677	 0.5544527248188419	 -1.262451171875	 0.36376953125	 -0.54150390625	 0.21312808	 -0.8813866	 -0.2822507	 -0.31315958	 -11.200111	 37.88031	 -39.79598	Scatto 30m	4	Braccio
175	 2405065566	 0.9967780104180465	 0.06342777258877853	 0.019193172887067927	 0.045190017990638556	 0.01083415525353255	 -0.22140221707168764	 0.203004385017328	 -1.200439453125	 0.484619140625	 -0.64990234375	 0.29034087	 -0.8706197	 -0.25773323	 -0.30215433	 -2.687085	 16.944603	 -15.370464	Scatto 30m	4	Braccio
176	 2405082233	 0.9957542196490934	 0.0598464408571239	 0.05903274457424199	 0.037510966873595744	 0.25142254694705524	 0.05387718003526422	 0.026463798018751136	 -1.177734375	 0.573974609375	 -0.787353515625	 0.3702076	 -0.83996683	 -0.22515179	 -0.32666352	 12.945058	 2.8753662	 -1.7700129	Scatto 30m	4	Braccio
177	 2405098900	 0.9958350460708619	 0.04372884983920819	 0.07643604867537407	 0.023619465948237304	 0.12975394762964423	 0.028939541266712984	 0.010518041993680581	 -1.1796875	 0.63330078125	 -0.93408203125	 0.43246666	 -0.79895097	 -0.19079532	 -0.3718162	 6.650108	 0.44450456	 -5.3860435	Scatto 30m	4	Braccio
181	 2405165568	 0.9639904188250664	 0.12352659767173302	 0.22561924588332272	 0.06752486925688571	 0.762234016446195	 -0.9956842665810639	 1.2994548484002573	 -1.09814453125	 0.705078125	 -1.331298828125	 0.5904016	 -0.63705873	 -0.08077242	 -0.48893595	 7.855499	 37.18039	 39.79845	Scatto 30m	4	Braccio
182	 2405182235	 0.9957155873073303	 -0.025221059497058773	 0.08657156134239076	 0.020487364833104732	 0.23573668726446467	 -0.985766956246529	 -0.046763929646213384	 -1.032470703125	 0.71630859375	 -1.36474609375	 0.5904765	 -0.60577714	 -0.00389121	 -0.533251	 -34.548965	 7.9358864	 39.67904	Scatto 30m	4	Braccio
183	 2405198902	 0.9930273501191067	 -0.09404761992982483	 0.06651035485000302	 0.025061919293760535	 0.44309283075537503	 -0.4267732787702585	 0.4610267651771958	 -0.98486328125	 0.731689453125	 -1.216796875	 0.54446375	 -0.61949056	 0.10117339	 -0.5563764	 12.995922	 10.846988	 33.094433	Scatto 30m	4	Braccio
184	 2405215569	 0.9937559264316894	 -0.08213408633387001	 0.06757463060586695	 0.03371675907431887	 0.3611058783371017	 0.11137371579936663	 0.39235328979253237	 -0.9287109375	 0.716796875	 -1.0400390625	 0.50349855	 -0.6172041	 0.20410816	 -0.56911176	 29.83252	 -5.2859683	 2.4480333	Scatto 30m	4	Braccio
185	 2405232236	 0.995901338101273	 -0.05433747263974731	 0.06863168614893889	 0.022752043679020676	 0.4163811720160676	 0.34051897636876033	 0.041556172813919476	 -0.905517578125	 0.6923828125	 -0.93212890625	 0.46817446	 -0.5962999	 0.28238314	 -0.5877917	 15.521678	 -28.010582	 -14.526016	Scatto 30m	4	Braccio
186	 2405248903	 0.9964426564079307	 -0.046837522478555965	 0.06895441432188866	 0.012392244522395568	 0.389262652413637	 0.5558498020841365	 -0.2920854099948308	 -0.92529296875	 0.660888671875	 -0.846923828125	 0.4275008	 -0.57043713	 0.34753186	 -0.6091521	 -6.283119	 -38.057262	 -31.652647	Scatto 30m	4	Braccio
187	 2405265570	 0.9976215862423576	 -0.042929842845754185	 0.05349936537225842	 -0.0067835950119773955	 0.28943065231845955	 0.8307210456284081	 -0.3514921145394156	 -0.974609375	 0.6162109375	 -0.769287109375	 0.3799874	 -0.55614275	 0.3903137	 -0.62767047	 -14.39142	 -36.85747	 -50.61667	Scatto 30m	4	Braccio
190	 2405315571	 0.9808316889915876	 0.041773568460373084	 -0.00537315643789832	 -0.19025061376481806	 0.8834842740013209	 0.7765469057459273	 -0.6888443487577588	 -1.29931640625	 0.539794921875	 -0.83251953125	 0.27824873	 -0.60579365	 0.2421332	 -0.70495635	 -9.737765	 -17.558205	 -11.336682	Scatto 30m	4	Braccio
192	 2405348905	 0.9807773541261104	 0.04485421055911864	 -0.08194708259354877	 -0.17131420572419123	 0.938017827682051	 0.24968306958941178	 -0.22064205369739753	 -1.5068359375	 0.375244140625	 -0.801513671875	 0.19843945	 -0.680605	 0.07381803	 -0.7013912	 -7.1701713	 -25.342342	 12.907423	Scatto 30m	4	Braccio
193	 2405365572	 0.991793622919959	 0.04910932965542772	 -0.06609720231189564	 -0.09780001596440159	 0.746684973323829	 -0.05209874874841669	 -0.09264306948831247	 -1.584716796875	 0.27685546875	 -0.76953125	 0.16623111	 -0.7187352	 -0.043993246	 -0.673685	 -5.7391987	 -14.926112	 32.519474	Scatto 30m	4	Braccio
194	 2405382239	 0.9920339701846433	 0.03787306947538102	 -0.0820480066059104	 -0.08776307435478642	 0.9129105271769569	 -0.14895958640530899	 -0.13553791624309985	 -1.61328125	 0.178955078125	 -0.697021484375	 0.12918124	 -0.7578875	 -0.14891332	 -0.6218873	 -5.4217844	 -2.645709	 45.952282	Scatto 30m	4	Braccio
195	 2405398906	 0.9940337580411677	 0.013749142732236562	 -0.08357319345873122	 -0.06872677996088049	 1.0231977227548708	 -0.17941261129663216	 -0.11534468342675663	 -1.589111328125	 0.08544921875	 -0.584716796875	 0.08365328	 -0.79299563	 -0.22229935	 -0.5610199	 0.8212829	 11.467845	 51.83488	Scatto 30m	4	Braccio
197	 2405432240	 0.9908312463744036	 0.048022624706549694	 -0.10860215611401763	 -0.06444253573398846	 1.498908324686402	 -0.2532338835400251	 0.20743193233786827	 -1.476806640625	 0.034912109375	 -0.45166015625	 0.061530404	 -0.8272994	 -0.3119989	 -0.46308374	 15.130037	 24.744204	 19.438793	Scatto 30m	4	Braccio
199	 2405465574	 0.9904555711536887	 0.13122347071697413	 -0.04208978320459744	 0.002571469113541003	 0.12221246012798428	 -0.5712705692869773	 0.614294581791075	 -1.413330078125	 0.202880859375	 -0.505126953125	 0.15971442	 -0.83005524	 -0.37341592	 -0.38217825	 -1.2062627	 14.636643	 -35.19362	Scatto 30m	4	Braccio
200	 2405482241	 0.9984977138396373	 0.037744297510907944	 -0.022230753475533716	 0.03291621275809354	 -0.4159526591637849	 -0.2745853414381011	 0.4249735200287363	 -1.3505859375	 0.3037109375	 -0.544921875	 0.19659433	 -0.8426941	 -0.36468858	 -0.3438314	 -9.78514	 12.681445	 -45.699783	Scatto 30m	4	Braccio
203	 2405532242	 0.9863300160829658	 0.09344055899117307	 0.08506781466839496	 0.10576118483043419	 0.440235793121884	 -0.46974406949702946	 0.7655276346618172	 -1.247802734375	 0.5126953125	 -0.738525390625	 0.34609663	 -0.81900793	 -0.28747278	 -0.35609365	 18.286804	 4.005993	 -3.2765274	Scatto 30m	4	Braccio
204	 2405548909	 0.9966018245327974	 0.012292557569153206	 0.08070548864865874	 0.010969068706567872	 0.017184426827074654	 0.07922585356355742	 0.11498120288808127	 -1.28759765625	 0.54833984375	 -0.8388671875	 0.3840403	 -0.7849331	 -0.25445557	 -0.41430148	 6.6636176	 2.7304897	 -14.216214	Scatto 30m	4	Braccio
205	 2405565576	 0.9981822004998163	 -0.002733515548212828	 0.06007060705964906	 -0.004042853642826112	 0.12239335349558379	 0.09087300495842578	 0.2614572166235494	 -1.3486328125	 0.538330078125	 -0.90234375	 0.3965356	 -0.75709146	 -0.23358123	 -0.46369395	 14.928828	 10.216721	 -11.385881	Scatto 30m	4	Braccio
206	 2405582243	 0.9984481361605626	 0.02912279078303162	 0.033778561820670634	 0.033349530968719676	 -0.10116283181086692	 -0.4839064697597938	 0.059076343849014536	 -1.3349609375	 0.571533203125	 -0.9677734375	 0.4429402	 -0.7347306	 -0.20886159	 -0.4694167	 -21.902798	 19.718184	 -4.933515	Scatto 30m	4	Braccio
207	 2405598910	 0.9972137734874749	 0.00474693526873371	 0.06510392253584092	 0.03610589761898609	 0.1552953198366364	 -0.6124476357623336	 0.2912770055587077	 -1.284423828125	 0.618896484375	 -1.06640625	 0.4774083	 -0.7058073	 -0.15545933	 -0.49975002	 -13.307726	 32.863064	 12.220743	Scatto 30m	4	Braccio
208	 2405615577	 0.9973475515432941	 -0.02931729479387077	 0.05771262852165627	 0.03328077772058369	 0.7524905837990983	 -0.2141823246958206	 0.8250793534453231	 -1.2451171875	 0.640380859375	 -1.05810546875	 0.48280534	 -0.6924316	 -0.08919692	 -0.52866006	 39.10436	 35.58422	 33.300907	Scatto 30m	4	Braccio
209	 2405632244	 0.9971953423157055	 3.44526165904635E-5	 0.0709334085384502	 0.023872570661690743	 0.4921023397510326	 -0.5322045314895867	 0.003501764992288464	 -1.20947265625	 0.663818359375	 -1.10693359375	 0.5022023	 -0.6526833	 -0.038116407	 -0.56599	 -7.5830507	 5.1020265	 32.706898	Scatto 30m	4	Braccio
210	 2405648911	 0.9974774410716192	 -0.04370245080100102	 0.05138421137683747	 0.022102334003018753	 0.23671312341675874	 -0.39670011175181946	 0.21037185528636482	 -1.18798828125	 0.671142578125	 -1.091796875	 0.48849005	 -0.6424851	 0.02707129	 -0.5897947	 -0.8058341	 13.0679865	 17.684803	Scatto 30m	4	Braccio
211	 2405665578	 0.996111736950294	 -0.07017884924829343	 0.04959934892571933	 0.019396938268666262	 0.280369493346963	 -0.10798867662640813	 0.2641928610852944	 -1.1640625	 0.6552734375	 -0.990234375	 0.45317003	 -0.64235175	 0.10524994	 -0.60905147	 14.015081	 2.4433372	 9.52281	Scatto 30m	4	Braccio
212	 2405682245	 0.9961870885198569	 -0.07286488315432807	 0.04668079544395299	 0.011085883183424905	 0.3216331233828568	 0.15002348734954496	 0.1823930682738223	 -1.16552734375	 0.619873046875	 -0.8818359375	 0.40800518	 -0.64130265	 0.17747171	 -0.6251133	 17.888132	 -13.452679	 -1.3170195	Scatto 30m	4	Braccio
213	 2405698912	 0.9955517807180814	 -0.08337446182460419	 0.041937927900281564	 0.012905860217189563	 0.282946198347702	 0.19743356493778605	 -0.08818826853775645	 -1.186279296875	 0.56005859375	 -0.765869140625	 0.35479537	 -0.64216584	 0.25372154	 -0.63037205	 0.9568688	 -21.281033	 -8.157594	Scatto 30m	4	Braccio
217	 2405765580	 0.9584856694058803	 -0.27254919360031843	 0.07683739948745723	 0.033439088674520334	 0.8445862102463808	 1.0646813197992244	 -0.9659081678180487	 -1.243408203125	 0.211669921875	 -0.41162109375	 0.17055173	 -0.6526273	 0.4590346	 -0.57816696	 -16.195213	 -16.219799	 -8.238713	Scatto 30m	4	Braccio
218	 2405782247	 0.9987941050209306	 -0.042626210461056885	 0.003081178300926635	 -0.02416295299515181	 0.1377533905482754	 0.24513491287517364	 -0.17824305869266524	 -1.278076171875	 0.121826171875	 -0.370361328125	 0.127338	 -0.6685024	 0.46608663	 -0.5653784	 -16.3991	 -10.945807	 -13.01466	Scatto 30m	4	Braccio
224	 2405882249	 0.9426550549487924	 0.133989564781539	 -0.150817590096516	 -0.2658990380325249	 2.1545104944060376	 -0.8861189014289563	 -0.32684721181187915	 -1.254638671875	 0.087890625	 -0.3408203125	 0.12720054	 -0.823542	 0.15366119	 -0.5310244	 36.16352	 -5.5214434	 54.92011	Scatto 30m	4	Braccio
225	 2405898916	 0.9960201171804937	 0.06196608970390755	 -0.03042177309954153	 -0.05637947871382734	 0.5492110126386596	 -0.47820527191411216	 -0.049067477904314205	 -1.236083984375	 0.1533203125	 -0.36572265625	 0.1526076	 -0.8370068	 0.06721459	 -0.52116495	 13.499174	 13.585273	 29.56882	Scatto 30m	4	Braccio
226	 2405915583	 0.9985181049810278	 0.037802937243517805	 -0.012888404412718657	 -0.036965132118716	 0.2083753531339173	 -0.2825738306184653	 0.1540073557769138	 -1.259521484375	 0.19091796875	 -0.3896484375	 0.16606806	 -0.8387642	 0.012060061	 -0.5184119	 13.045333	 14.361274	 2.5451803	Scatto 30m	4	Braccio
230	 2405982251	 0.9555679743521199	 0.25234757420637877	 -0.15176098101940502	 -0.013384798271550091	 -0.5019486241436413	 -0.8103093359085208	 0.6564904858045014	 -1.068115234375	 0.532958984375	 -0.655029296875	 0.3685702	 -0.83459747	 -0.16331393	 -0.3754092	 0.55333996	 7.979567	 -22.418913	Scatto 30m	4	Braccio
233	 2406032252	 0.9977511483580661	 -0.06649459118194465	 -0.0034790379948252403	 0.007681900047312202	 -0.21015176276349726	 -0.7247867654765938	 0.7081522502408252	 -1.02197265625	 0.504150390625	 -0.58251953125	 0.32000774	 -0.8561987	 -0.13544309	 -0.38232723	 0.24310677	 20.941854	 -15.932122	Scatto 30m	4	Braccio
237	 2406098920	 0.9801565160287707	 -0.04733583715987001	 0.18945329258758203	 0.03405836952116723	 0.08958133908909527	 -0.38522788321819496	 0.8426871512006424	 -1.2080078125	 0.45849609375	 -0.608154296875	 0.32074815	 -0.7804522	 -0.025556589	 -0.5360616	 -4.894815	 6.5253534	 -1.7388554	Scatto 30m	4	Braccio
238	 2406115587	 0.9976924793978837	 -0.05002239106556915	 0.04451497857642756	 0.011220232944406106	 0.17895361258761708	 -0.13528132844862703	 0.03820456737337013	 -1.261474609375	 0.399169921875	 -0.56982421875	 0.29015186	 -0.76960987	 0.024178028	 -0.56826776	 3.313028	 4.332974	 2.7035017	Scatto 30m	4	Braccio
240	 2406148921	 0.9958143150813166	 -0.0796406148847825	 0.04338930161171318	 -0.011339790366218322	 1.2045147244854917	 -0.19734404735225558	 -0.005306416622006038	 -1.32861328125	 0.27783203125	 -0.49755859375	 0.22402146	 -0.76237416	 0.07267747	 -0.60275865	 11.287803	 -16.689297	 36.909187	Scatto 30m	4	Braccio
241	 2406165588	 0.9989326024508878	 0.013426103232198228	 0.04404694080741317	 -0.0036417740461262564	 0.5485550905860416	 -0.3473575493659109	 -0.0657797554859752	 -1.39453125	 0.2646484375	 -0.541015625	 0.23022003	 -0.7308633	 0.07079713	 -0.63861203	 1.5215783	 4.889151	 29.006138	Scatto 30m	4	Braccio
242	 2406182255	 0.9987123315490698	 -0.02556153038326724	 0.04379554423166776	 0.001495754571509328	 0.10620303997617839	 -0.7915865815989088	 -0.3014894068297065	 -1.45947265625	 0.26611328125	 -0.59716796875	 0.2106184	 -0.70635784	 0.09742914	 -0.66873467	 -25.43468	 34.941715	 17.677723	Scatto 30m	4	Braccio
244	 2406215589	 0.9941328193192842	 -0.10320082982176146	 0.014882054701274685	 0.02877587052131611	 0.020886325954694	 -0.3521506352204783	 0.2983405655966318	 -1.468994140625	 0.141845703125	 -0.499755859375	 0.15773031	 -0.70913386	 0.18950213	 -0.6605599	 10.910705	 -6.5445757	 -6.3519144	Scatto 30m	4	Braccio
247	 2406265590	 0.9960179461944371	 -0.026252314919721603	 0.04986723478808031	 0.06908202164501027	 0.822161447076267	 0.7521430505716454	 -0.3151471546012173	 -1.45751953125	 0.18115234375	 -0.529541015625	 0.17900543	 -0.6613126	 0.2614944	 -0.6798849	 -16.330666	 -17.71607	 -1.9678679	Scatto 30m	4	Braccio
248	 2406282257	 0.9994654749103367	 -0.0192149863441409	 0.02436057086109134	 0.010301036325124191	 0.17362175190161624	 0.23788725776554592	 -0.28314659042424317	 -1.4833984375	 0.1787109375	 -0.54443359375	 0.16763389	 -0.6445336	 0.28449422	 -0.6895931	 -18.974243	 -15.517834	 -9.705899	Scatto 30m	4	Braccio
249	 2406298924	 0.9997087769197048	 -0.022225027901023597	 0.009102463847287745	 -0.0023568276168276507	 0.09106629482754727	 0.1923037398641289	 -0.28421670814430144	 -1.498291015625	 0.14794921875	 -0.539306640625	 0.14953756	 -0.6421765	 0.29845932	 -0.6900509	 -18.970837	 -9.273188	 -12.621046	Scatto 30m	4	Braccio
250	 2406315591	 0.9997493557879729	 -0.014587636371307916	 -0.010957989087984623	 -0.012974935135837806	 0.048765288182576555	 0.1853697245875359	 -0.22013309041095502	 -1.502197265625	 0.111572265625	 -0.51953125	 0.13471662	 -0.65560734	 0.29712027	 -0.68099207	 -15.242617	 -7.455404	 -14.146404	Scatto 30m	4	Braccio
251	 2406332258	 0.9994084806328325	 0.0037486061774120866	 -0.02543010720494188	 -0.022846147124737818	 0.1149766284070931	 0.22394140519122477	 -0.10738727462645274	 -1.49169921875	 0.083984375	 -0.48779296875	 0.12924653	 -0.6789725	 0.2745615	 -0.6685118	 -9.76515	 -13.05565	 -11.770912	Scatto 30m	4	Braccio
252	 2406348925	 0.9983474579938679	 0.023974259525390396	 -0.040909821035641065	 -0.03246497405240323	 0.1597841144883108	 0.15528966694285767	 -0.09487678725921932	 -1.461181640625	 0.072509765625	 -0.459228515625	 0.13493739	 -0.71125776	 0.2291506	 -0.6506876	 -7.8609595	 -11.737992	 -6.4149837	Scatto 30m	4	Braccio
253	 2406365592	 0.9969745850882779	 0.0324789779651644	 -0.05757388310247741	 -0.04089059381932209	 0.18682893279869373	 0.06064717844191246	 -0.08044915022048807	 -1.408935546875	 0.075927734375	 -0.421630859375	 0.14432593	 -0.75182325	 0.16874494	 -0.620852	 -4.7583675	 -8.227325	 -1.3348417	Scatto 30m	4	Braccio
254	 2406382259	 0.9968990043888026	 0.03420374779387943	 -0.060169370625292935	 -0.03744496660464236	 0.24145385103428266	 -0.07664489409495225	 0.023063917334684006	 -1.34326171875	 0.091552734375	 -0.385009765625	 0.15670343	 -0.78846043	 0.10837117	 -0.5848334	 4.2246037	 -2.1040714	 4.700755	Scatto 30m	4	Braccio
