2	 2462733725	 0.9972715485671815	 0.06283707491152796	 -0.03445825997731689	 0.017708437376416197	 0.12256000916612929	 0.0952746191617148	 -0.1745004496250856	 -1.495361328125	 -0.064697265625	 -0.459228515625	 0.33184516	 0.6389342	 -0.6925157	 -0.04543238	 2.7846644	 -1.2829608	 3.860941	Scatto 30m	4	Braccio
3	 2462750392	 0.9975038524038629	 0.06138769210053312	 -0.01640176178634734	 0.030799316686033865	 0.09600954254866391	 0.04386981308184904	 -0.2189896010539589	 -1.4365234375	 0.0693359375	 -0.477294921875	 0.28337565	 0.62542415	 -0.7261639	 0.035057828	 4.0985622	 0.7858668	 4.16372	Scatto 30m	4	Braccio
4	 2462767059	 0.9976814519568225	 0.05558372213117502	 -0.00503147541648319	 0.038946816436062626	 0.14088964001577184	 0.005369691951088475	 -0.06313006101921903	 -1.390380859375	 0.193603515625	 -0.521240234375	 0.21981649	 0.6042023	 -0.7583647	 0.10725393	 0.05958632	 -5.8471684	 -2.621272	Scatto 30m	4	Braccio
5	 2462783726	 0.9974929698289737	 0.05355613497761544	 -7.492328313812857E-4	 0.046248829154887545	 0.0336460740051127	 -0.05293131698900759	 0.1163585083729666	 -1.331787109375	 0.319580078125	 -0.58447265625	 0.18798228	 0.57146776	 -0.7768404	 0.18602814	 1.3808156	 -5.826987	 -15.011501	Scatto 30m	4	Braccio
6	 2462800393	 0.9978762684425789	 0.0413169291214677	 0.017138921025918966	 0.04735104680102778	 -0.08299415877720441	 -0.13336154956897966	 0.1554779599750586	 -1.2763671875	 0.42431640625	 -0.660888671875	 0.17846593	 0.5294724	 -0.7852816	 0.2667242	 8.452278	 -3.4989076	 -19.413805	Scatto 30m	4	Braccio
7	 2462817060	 0.9978561104555909	 0.017652653038290944	 0.047878631734693484	 0.040978083048905524	 -0.10002951989026448	 -0.013517187903123557	 0.17411697334285084	 -1.2451171875	 0.489501953125	 -0.72998046875	 0.1885442	 0.4703532	 -0.79059213	 0.34377772	 3.5647388	 -2.744833	 -21.018093	Scatto 30m	4	Braccio
8	 2462833727	 0.9963447778409857	 0.023983776357673153	 0.07492503471761132	 0.03328815574925395	 -0.0050127214972888814	 0.13394602247482326	 0.25447205323104155	 -1.246337890625	 0.540283203125	 -0.8232421875	 0.2174364	 0.40513328	 -0.7786086	 0.42703328	 -5.985561	 -8.70167	 -23.459976	Scatto 30m	4	Braccio
9	 2462850394	 0.9962654524536441	 0.02509548372312398	 0.08057936961653311	 0.018229924197330747	 0.1775121282712715	 0.19487763728790858	 0.2745153628846097	 -1.25830078125	 0.582763671875	 -0.939208984375	 0.2689125	 0.3514964	 -0.74214387	 0.50334775	 -15.571087	 -15.324025	 -16.456463	Scatto 30m	4	Braccio
10	 2462867061	 0.996676769697325	 0.030696885773911636	 0.07541579780689746	 0.0023612265113789888	 0.2389969544895979	 0.1332627003715438	 0.21355504427795935	 -1.283203125	 0.60302734375	 -1.056396484375	 0.33535594	 0.31940338	 -0.6755011	 0.57377386	 -15.475618	 -13.501217	 -6.3552017	Scatto 30m	4	Braccio
12	 2462900395	 0.97991729532894	 0.10800680720033146	 0.167489896702902	 0.006615014441148259	 0.24878684344538268	 -0.1396029115064054	 0.40899454531249274	 -1.28271484375	 0.6201171875	 -1.400390625	 0.44473645	 0.2597928	 -0.4628499	 0.721448	 3.430763	 -14.493833	 2.172841	Scatto 30m	4	Braccio
14	 2462933729	 0.984034967646206	 0.08325725143076984	 0.1556994778260782	 0.022384931056635693	 0.9524675527815472	 -0.6700083305905282	 0.411043498558369	 -1.134765625	 0.587646484375	 -1.705322265625	 0.48840058	 0.15979622	 -0.2632053	 0.8164884	 6.3010454	 16.985205	 26.925415	Scatto 30m	4	Braccio
17	 2462983730	 0.9535656433918489	 -0.14910954126445475	 0.25276950954419364	 0.06772358150143075	 0.33869077277993487	 -1.4675148574373045	 0.4974773802010286	 -0.818603515625	 0.70703125	 -1.51025390625	 0.49950168	 -0.17388907	 -0.2691976	 0.80485606	 -0.7094652	 -5.6288924	 18.992094	Scatto 30m	4	Braccio
19	 2463017064	 0.9879492193205461	 -0.028235553130334268	 0.1301633150589784	 0.07884545006660025	 0.5059636937497145	 -0.23255767881645323	 0.1823630228768424	 -0.598876953125	 0.702880859375	 -1.39599609375	 0.4640721	 -0.3353536	 -0.23026918	 0.78686166	 -3.0092359	 20.431273	 -13.098274	Scatto 30m	4	Braccio
21	 2463050398	 0.9968030611611849	 -0.010690605179817403	 0.07330344131214592	 0.029932819987050083	 0.6346995236649415	 0.08515582941074779	 -0.16340320463369584	 -0.488525390625	 0.681884765625	 -1.31103515625	 0.46455827	 -0.4051349	 -0.21938682	 0.7562546	 -4.0887	 11.811343	 -23.536465	Scatto 30m	4	Braccio
23	 2463083732	 0.9981748787561158	 0.013613192595176182	 -0.015594290842358001	 -0.05673103648536693	 0.10229426832185863	 0.32397807768544457	 -0.3824343371099198	 -0.583251953125	 0.708740234375	 -1.33740234375	 0.5204996	 -0.36637342	 -0.26353195	 0.7248461	 -0.5647008	 -6.0411754	 -24.258694	Scatto 30m	4	Braccio
24	 2463100399	 0.9987901358401848	 0.008678321361755503	 -0.01743399268610273	 -0.04515536718606211	 0.034134291825865866	 0.2555472141121551	 -0.09503904868316973	 -0.670166015625	 0.724853515625	 -1.36181640625	 0.5549829	 -0.33429366	 -0.29115763	 0.7038956	 -4.244837	 -2.6212165	 -25.526058	Scatto 30m	4	Braccio
26	 2463133733	 0.9905034548322147	 0.015975413614905454	 -0.053553230742973364	 -0.12561744943386433	 0.557603021712298	 0.232599994693923	 -0.12058636918987335	 -0.92626953125	 0.734375	 -1.3955078125	 0.6328253	 -0.23940523	 -0.36066127	 0.6419821	 -2.3391173	 20.337723	 -15.82617	Scatto 30m	4	Braccio
30	 2463200401	 0.9106425429551624	 -0.13319583187543182	 -0.17460592359261204	 -0.35000257252988565	 1.4599439631622222	 -0.5299256475533647	 -0.16331006828593156	 -1.587890625	 0.39892578125	 -0.983642578125	 0.7075011	 -0.025725923	 -0.6270406	 0.32496262	 2.9856641	 23.729797	 5.320817	Scatto 30m	4	Braccio
32	 2463233735	 0.9783106778265351	 0.022966296252575735	 -0.10108039466679235	 -0.17934191005180566	 1.311016079116878	 0.0996082241738041	 -0.1726414979962619	 -1.746337890625	 0.09765625	 -0.81201171875	 0.6797507	 0.1604732	 -0.69056237	 0.18791267	 5.285128	 17.23992	 28.303299	Scatto 30m	4	Braccio
33	 2463250402	 0.9929342700937992	 0.05479733070022108	 -0.059536074528003746	 -0.08680002103237582	 0.6235993239185376	 0.015666794444951337	 -0.10476596578174419	 -1.761474609375	 -0.02099609375	 -0.7431640625	 0.63471407	 0.279539	 -0.70551	 0.14578044	 3.9315374	 3.8472757	 27.73742	Scatto 30m	4	Braccio
35	 2463283736	 0.9718429809528077	 0.15590936419188764	 -0.13829096157038118	 -0.1099504455560838	 1.1037221160877027	 0.06718489060974542	 5.838994878836212E-4	 -1.67919921875	 -0.08154296875	 -0.56201171875	 0.47334272	 0.48412138	 -0.72481304	 0.12735558	 -6.952222	 -7.4466233	 23.568172	Scatto 30m	4	Braccio
37	 2463317070	 0.9954941939149147	 0.05029384299537693	 -0.06581236717669021	 0.04615811483424431	 1.4536456007556382	 -0.568771799170093	 -0.33073418269015276	 -1.533935546875	 0.096435546875	 -0.508544921875	 0.3788343	 0.48967823	 -0.7721152	 0.14331152	 10.647533	 -37.20105	 29.272419	Scatto 30m	4	Braccio
39	 2463350404	 0.9939154087175406	 0.05182821545613775	 -0.028160721662660763	 0.09302134245383988	 0.12756605885205785	 -0.06493383125041105	 0.921068506754195	 -1.396484375	 0.25048828125	 -0.5068359375	 0.30731496	 0.4409037	 -0.81836325	 0.20357539	 -4.7777195	 -12.901918	 -34.097824	Scatto 30m	4	Braccio
41	 2463383738	 0.9842224893141622	 0.10495623909982324	 0.10280496399110484	 0.09859725544376026	 -0.13019897808200967	 -0.15112177893395395	 0.6566430468574518	 -1.339111328125	 0.4716796875	 -0.734619140625	 0.3168554	 0.36522862	 -0.7956485	 0.36490318	 -0.83401084	 -10.290889	 -21.984047	Scatto 30m	4	Braccio
42	 2463400405	 0.995266902567441	 0.058472760088057574	 0.06916216477189853	 0.03523242747187563	 0.07489638290212966	 -0.021710179142488698	 0.141502111674632	 -1.325927734375	 0.565673828125	 -0.910400390625	 0.33562714	 0.32894537	 -0.7605142	 0.44807097	 -3.3554814	 -9.074022	 -10.415726	Scatto 30m	4	Braccio
43	 2463417072	 0.9957132868463738	 0.04674329129254795	 0.0762154978398193	 0.023692045200011228	 0.14391167128312857	 -0.008257744905286149	 0.046269108528453354	 -1.31396484375	 0.617431640625	 -1.073974609375	 0.366173	 0.2915895	 -0.7171296	 0.51635087	 -5.02808	 -4.4102154	 -3.6661515	Scatto 30m	4	Braccio
44	 2463433739	 0.9959864861665323	 0.03721604285567304	 0.07891774419981513	 0.019946808722731413	 0.020008199546317346	 0.021004596301119182	 0.05982113495852687	 -1.28662109375	 0.647216796875	 -1.22802734375	 0.40037736	 0.24982443	 -0.67043453	 0.5725412	 -2.4821591	 -3.0989897	 -10.196033	Scatto 30m	4	Braccio
45	 2463450406	 0.9972968681427576	 0.02490610916424746	 0.06578588535143656	 0.021233459620923243	 0.11518418276873457	 0.028999719997770346	 0.05622000660968065	 -1.236572265625	 0.661865234375	 -1.341796875	 0.4253471	 0.20816629	 -0.6317943	 0.6136633	 -6.0594015	 -2.0272512	 -5.1930585	Scatto 30m	4	Braccio
46	 2463467073	 0.9970378724422126	 0.013035143161419571	 0.07073539142414616	 0.027240968388444364	 0.2196014995288496	 -0.09390701929240519	 0.16493059560268447	 -1.16748046875	 0.6728515625	 -1.42578125	 0.44977632	 0.15348782	 -0.5959617	 0.6472809	 -5.6315594	 -6.9131513	 5.1469526	Scatto 30m	4	Braccio
47	 2463483740	 0.996097283501287	 0.004407082177031452	 0.07852512377885372	 0.04005726355552917	 0.27550547967518135	 -0.5410967130855635	 0.4372855936119945	 -1.06103515625	 0.6943359375	 -1.47802734375	 0.4687549	 0.08119153	 -0.56005114	 0.67824733	 6.932537	 -20.988737	 29.26416	Scatto 30m	4	Braccio
48	 2463500407	 0.9962081642989906	 0.012518173153997392	 0.07754198249571083	 0.03741429774239641	 0.2329770316831417	 -0.5548005095583657	 0.34163207694248643	 -0.94091796875	 0.70263671875	 -1.527099609375	 0.4846507	 0.014127811	 -0.51453346	 0.7072266	 8.037253	 -11.725714	 29.193039	Scatto 30m	4	Braccio
49	 2463517074	 0.9962196907020459	 -0.013583104980907035	 0.07785200260639427	 0.036067891631918515	 0.05794808204853845	 -0.5087174574085707	 0.03731476048548152	 -0.820068359375	 0.704833984375	 -1.530517578125	 0.49832886	 -0.06524977	 -0.48342687	 0.7167352	 18.451838	 0.7016854	 14.840357	Scatto 30m	4	Braccio
50	 2463533741	 0.9964792401932105	 -0.04236391685213592	 0.06188186521601841	 0.03748409222981819	 0.2542798713965109	 -0.23903603882750077	 0.32318813253635753	 -0.711669921875	 0.716064453125	 -1.43701171875	 0.49776748	 -0.14775346	 -0.4773998	 0.7088625	 -9.371159	 0.204262	 17.143362	Scatto 30m	4	Braccio
51	 2463550408	 0.9961923314413162	 -0.04260066714035032	 0.07007620249079007	 0.029586276906389795	 0.42326307961910997	 -0.026066542240288218	 0.18190753215822475	 -0.6220703125	 0.712158203125	 -1.32568359375	 0.50313455	 -0.23128077	 -0.4651832	 0.69062996	 -18.292406	 15.800222	 3.686099	Scatto 30m	4	Braccio
52	 2463567075	 0.9975037331472761	 -0.03839349092921168	 0.05838286177206648	 0.010182517508955491	 0.46469501673614166	 0.23701918088352936	 -0.11290424934692955	 -0.585205078125	 0.701416015625	 -1.207275390625	 0.5143522	 -0.2940503	 -0.45757577	 0.6630238	 -12.271933	 27.285515	 -21.230522	Scatto 30m	4	Braccio
53	 2463583742	 0.9990554436518255	 -0.018832572788929525	 0.037139670667466956	 -0.012417712128889343	 0.24237098623526054	 0.1279420732443114	 -0.36273808815581493	 -0.607177734375	 0.699951171875	 -1.135986328125	 0.53490293	 -0.32128137	 -0.45305747	 0.6367072	 11.225907	 20.057554	 -24.500443	Scatto 30m	4	Braccio
57	 2463650410	 0.9714427072113917	 0.08264601087564083	 -0.07929475940929884	 -0.2078004923535248	 0.8762697216862705	 1.20420091854882	 -0.593333162206966	 -0.991943359375	 0.7158203125	 -1.28076171875	 0.6472613	 -0.11838626	 -0.4922784	 0.5698241	 -6.947305	 21.89058	 -12.14127	Scatto 30m	4	Braccio
58	 2463667077	 0.9931631084216376	 0.03520995274812516	 -0.06823747988222283	 -0.08792579619809326	 0.44008970953097326	 0.014599663575512654	 -0.038769004835652265	 -1.16064453125	 0.663330078125	 -1.322021484375	 0.66435444	 -0.011158552	 -0.5222615	 0.5345577	 -2.2863994	 23.782164	 1.7017584	Scatto 30m	4	Braccio
59	 2463683744	 0.9917362916388548	 -0.007166416302173462	 -0.08384709986919915	 -0.09683715282535245	 0.48800790096941454	 -0.21640637064058374	 -0.09004624496501765	 -1.349853515625	 0.57861328125	 -1.257080078125	 0.66741407	 0.0811185	 -0.5774042	 0.46323058	 9.4592905	 18.50238	 15.151909	Scatto 30m	4	Braccio
60	 2463700411	 0.990434721674606	 -0.06054727651342651	 -0.08170849528541456	 -0.09325669523603	 0.5294020044003146	 -0.17989267758280691	 -0.1019055920643204	 -1.497802734375	 0.45703125	 -1.071044921875	 0.66244996	 0.13324192	 -0.6458559	 0.35535437	 8.88934	 14.565041	 19.711796	Scatto 30m	4	Braccio
61	 2463717078	 0.9903518111422296	 -0.06789302227534938	 -0.06941400588907501	 -0.09887124698341741	 0.7118641181684325	 0.06069174070151722	 -0.16337554434710888	 -1.601806640625	 0.279052734375	 -0.865234375	 0.6557142	 0.17720008	 -0.695666	 0.2338548	 1.4082317	 21.562796	 28.483616	Scatto 30m	4	Braccio
62	 2463733745	 0.9931606183485722	 -0.019997506279085475	 -0.05414971433376887	 -0.10148839510836177	 0.7361666764221358	 0.21347330836925657	 -0.20952377942821174	 -1.65966796875	 0.088134765625	 -0.73828125	 0.640905	 0.2479232	 -0.7123098	 0.14279348	 -0.07543473	 20.24963	 33.34913	Scatto 30m	4	Braccio
63	 2463750412	 0.9933905925454826	 0.024274798033377995	 -0.05037623142218662	 -0.10024021214199415	 0.7409415003487152	 0.11537649083736257	 -0.15120862691790515	 -1.677490234375	 -0.063720703125	 -0.665283203125	 0.60888433	 0.34222606	 -0.71080506	 0.08305175	 1.4575208	 2.9283416	 35.967724	Scatto 30m	4	Braccio
64	 2463767079	 0.9929141103535619	 0.06445677886052867	 -0.05298442791966624	 -0.08461408581167285	 0.6705397901936095	 0.1839034939791678	 -0.13816642331123372	 -1.661865234375	 -0.149658203125	 -0.606201171875	 0.55143225	 0.44527084	 -0.7029441	 0.059381485	 -0.75912154	 -2.791061	 32.621994	Scatto 30m	4	Braccio
65	 2463783746	 0.9899403209254495	 0.12309340062788844	 -0.059769122165418694	 -0.035969817395360704	 0.5790230099651574	 0.01848649524520332	 0.23413198234005764	 -1.61376953125	 -0.105712890625	 -0.557373046875	 0.45054778	 0.5389938	 -0.70465934	 0.09973796	 -10.75148	 -26.889341	 13.995602	Scatto 30m	4	Braccio
66	 2463800413	 0.9938200443134498	 0.09106360892579943	 -0.05302405573507341	 0.03489395597557518	 0.7375642365504319	 -0.5496491316351436	 -0.020598179194886712	 -1.5166015625	 0.09619140625	 -0.551513671875	 0.35723695	 0.5586808	 -0.73300725	 0.15151903	 28.094034	 -42.02348	 12.371315	Scatto 30m	4	Braccio
67	 2463817080	 0.9995485829222469	 -0.01564852257609517	 -0.02108263333421956	 0.014603995720635895	 0.4060348456014018	 -0.4505400739997286	 0.36224729050310683	 -1.46044921875	 0.10595703125	 -0.502197265625	 0.34764564	 0.546442	 -0.7499051	 0.13485587	 14.427314	 -39.736923	 -12.887528	Scatto 30m	4	Braccio
68	 2463833747	 0.9977464597972755	 0.051105663812470836	 -9.377590018790906E-4	 0.04346646634297477	 -0.15806730770323857	 0.047915843068738445	 0.5322649057279468	 -1.41943359375	 0.20068359375	 -0.53857421875	 0.31188506	 0.5315045	 -0.7645219	 0.18904306	 -13.03585	 -10.672884	 -38.69553	Scatto 30m	4	Braccio
69	 2463850414	 0.9963215314807411	 0.04970077779552251	 0.027773895599533416	 0.06404568149076935	 -0.13137332106222752	 -0.10357859389135168	 0.5631868813407473	 -1.3720703125	 0.33056640625	 -0.615234375	 0.29307696	 0.49180782	 -0.7766921	 0.2626416	 -1.6424606	 -17.770699	 -40.211353	Scatto 30m	4	Braccio
70	 2463867081	 0.9951945226902176	 0.05692026340471967	 0.06122160928666354	 0.05098882404682892	 0.15363541452721952	 -0.12054300455752208	 0.3541172455483408	 -1.343017578125	 0.45361328125	 -0.75439453125	 0.2975955	 0.45134407	 -0.7639876	 0.35220513	 -0.7206639	 -23.155968	 -17.020159	Scatto 30m	4	Braccio
71	 2463883748	 0.9959568466334126	 0.04802673190639076	 0.06893172396955773	 0.031808962526393376	 0.27678736602012943	 -0.0036683555629121595	 0.07005784045245975	 -1.33837890625	 0.533203125	 -0.90966796875	 0.31608766	 0.41607797	 -0.73649913	 0.4295778	 -7.27693	 -11.431781	 0.6697273	Scatto 30m	4	Braccio
72	 2463900415	 0.9962626535388681	 0.024711711641640988	 0.0814277872008869	 0.014817960149785009	 0.14410461780083397	 0.13211986866794992	 -0.14524462083274087	 -1.34423828125	 0.56884765625	 -1.046630859375	 0.3582611	 0.37729335	 -0.7021083	 0.48615074	 -9.993491	 7.11716	 -1.8748255	Scatto 30m	4	Braccio
73	 2463917082	 0.9972404702738243	 0.01880697777112661	 0.0673516325826119	 0.024929894175766413	 -0.1387036847493513	 -0.20210302639457514	 0.12496714172201474	 -1.33740234375	 0.593505859375	 -1.14697265625	 0.38545692	 0.33368963	 -0.67480665	 0.5335824	 13.443022	 -8.578923	 -14.078724	Scatto 30m	4	Braccio
74	 2463933749	 0.9959066392955268	 0.03010414546222112	 0.07130232051113818	 0.046687100175594326	 -0.03852072920854396	 -0.2856756307338634	 0.435875673516513	 -1.2607421875	 0.638671875	 -1.27978515625	 0.39719623	 0.27528256	 -0.6425384	 0.59464216	 11.587669	 -29.032377	 -7.381589	Scatto 30m	4	Braccio
75	 2463950416	 0.9956822824474766	 0.001053685858850184	 0.08116101255849324	 0.04503967369747023	 0.4697688682539152	 -0.13082581162873275	 0.7059191717553137	 -1.1640625	 0.67431640625	 -1.337158203125	 0.4208583	 0.19811006	 -0.617683	 0.6341124	 -16.292917	 -39.374237	 19.067854	Scatto 30m	4	Braccio
76	 2463967083	 0.9922124457730312	 0.07595211018486309	 0.08724463763310049	 0.04619645674545825	 0.4688601054381011	 -0.7230987133301825	 0.37269798753890593	 -1.04052734375	 0.68017578125	 -1.51220703125	 0.42756295	 0.145468	 -0.53527695	 0.7137981	 11.811529	 -18.15996	 42.19149	Scatto 30m	4	Braccio
77	 2463983750	 0.9939853995261188	 1.2430965275150863E-4	 0.10403550783813359	 0.03419975416393945	 0.12373763488731873	 -0.8351962736772542	 -0.15013953853798842	 -0.9052734375	 0.672607421875	 -1.598388671875	 0.4568045	 0.05273562	 -0.49057698	 0.7401911	 36.245213	 14.481715	 23.712105	Scatto 30m	4	Braccio
78	 2464000417	 0.9917314047651418	 -0.09749261551001664	 0.07585893587421273	 0.034776897095725456	 0.31153177800703175	 -0.35176411815957104	 0.3802927851543625	 -0.793212890625	 0.712646484375	 -1.440673828125	 0.47035083	 -0.06484683	 -0.5242857	 0.70688736	 -3.8817585	 -3.8378003	 26.042461	Scatto 30m	4	Braccio
79	 2464017084	 0.9930562698105494	 -0.08024117727661845	 0.07648887802869435	 0.039370674329138856	 0.7017370301407515	 0.42935413013441415	 0.46127986893107736	 -0.697021484375	 0.72607421875	 -1.23291015625	 0.47505575	 -0.17615022	 -0.5373954	 0.6741657	 -54.687233	 11.8447075	 -1.3660574	Scatto 30m	4	Braccio
80	 2464033751	 0.9968219812052179	 -0.023620214985579924	 0.07341538771316973	 0.019955051417227504	 0.5898242742134512	 0.31697791728965474	 -0.2001195569081664	 -0.646240234375	 0.710693359375	 -1.135498046875	 0.49651867	 -0.246009	 -0.51181453	 0.656502	 -16.822948	 36.604492	 -21.44553	Scatto 30m	4	Braccio
81	 2464050418	 0.9985715853421281	 -0.020491946108586845	 0.04819630827674637	 -0.010582294670093613	 0.16458169474634626	 0.08212049194524232	 -0.5107925768891123	 -0.66845703125	 0.70947265625	 -1.07763671875	 0.5236816	 -0.2808601	 -0.5019812	 0.6284029	 19.687366	 22.119564	 -23.383648	Scatto 30m	4	Braccio
82	 2464067085	 0.9993012467704782	 -0.014889922989866189	 0.02219302083067626	 -0.026130025310607374	 0.04138170799902746	 0.6452785219771902	 -0.3862462742187684	 -0.72509765625	 0.70947265625	 -1.030517578125	 0.54800135	 -0.28807318	 -0.50565577	 0.60085	 5.0631776	 12.18354	 -53.034084	Scatto 30m	4	Braccio
83	 2464083752	 0.9987409569248179	 0.016492477092552693	 -0.010743132807262969	 -0.04614200101573671	 0.20832765188290214	 0.648033472520321	 -0.31348266977733874	 -0.80322265625	 0.718994140625	 -1.0439453125	 0.57560825	 -0.24759474	 -0.5132908	 0.58643395	 -0.26243997	 21.733944	 -49.17377	Scatto 30m	4	Braccio
84	 2464100419	 0.9965726273693702	 0.03334888696985422	 -0.03160262776074859	 -0.06879043563314408	 0.3019320348900183	 0.20032953964357475	 -0.18600780382844834	 -0.923828125	 0.727294921875	 -1.11181640625	 0.6071554	 -0.17229563	 -0.5262042	 0.56990004	 0.88479125	 22.65656	 -18.928402	Scatto 30m	4	Braccio
85	 2464117086	 0.9951650448352116	 0.02993610090667631	 -0.0474804022934585	 -0.08059761037827291	 0.36432373615698577	 0.23354282658247483	 0.013194702186050983	 -1.073974609375	 0.706787109375	 -1.164306640625	 0.63130724	 -0.0822957	 -0.54831237	 0.5422474	 -12.2618065	 22.861006	 -11.15089	Scatto 30m	4	Braccio
86	 2464133753	 0.9923786046610665	 0.02920434674112571	 -0.06561883483083457	 -0.10012981403069934	 0.5380245210846719	 0.05863537841722084	 -0.06701582040411867	 -1.259521484375	 0.64892578125	 -1.18798828125	 0.64800096	 0.02892274	 -0.5769009	 0.4964308	 -5.059712	 28.375486	 5.6740074	Scatto 30m	4	Braccio
87	 2464150420	 0.9921070746061685	 -0.027961764083091534	 -0.07460890064252966	 -0.09682563818878152	 0.5983159986999289	 -0.28279271191040145	 -0.16194299488404665	 -1.432861328125	 0.541748046875	 -1.086181640625	 0.64932525	 0.10526878	 -0.63074756	 0.41164643	 12.784265	 19.216604	 23.925632	Scatto 30m	4	Braccio
88	 2464167087	 0.9899923558917442	 -0.07160536552694258	 -0.06958953412741702	 -0.09972514047919978	 0.6296559709732146	 -0.07322456503567382	 -0.21728256542959412	 -1.566650390625	 0.379638671875	 -0.884521484375	 0.6479187	 0.15112954	 -0.6877073	 0.29055133	 7.3977013	 20.88665	 23.736507	Scatto 30m	4	Braccio
89	 2464183754	 0.9914335454526224	 -0.052436129147177546	 -0.058361201357424536	 -0.10442196841384226	 0.8570054236519007	 0.20491445630217175	 -0.19985399205565157	 -1.64404296875	 0.159912109375	 -0.712890625	 0.6406423	 0.20658734	 -0.71831435	 0.17585143	 -3.4518018	 25.412035	 37.94862	Scatto 30m	4	Braccio
90	 2464200421	 0.9928388285999614	 0.0012594032545971967	 -0.0512101301752571	 -0.10792125321331297	 0.7892665634573752	 0.1459518058137741	 -0.1922691712368787	 -1.680419921875	 -0.030517578125	 -0.61474609375	 0.6178311	 0.29447654	 -0.72272307	 0.09612374	 0.76460207	 9.987446	 38.683773	Scatto 30m	4	Braccio
91	 2464217088	 0.9920466650044248	 0.02633650491579906	 -0.06448763464920972	 -0.10483867578221624	 0.783660282859818	 0.01961894171683587	 -0.10398249542774357	 -1.660400390625	 -0.181640625	 -0.529541015625	 0.568182	 0.3923359	 -0.72268724	 0.03106603	 1.6088088	 -10.398111	 36.45202	Scatto 30m	4	Braccio
93	 2464250422	 0.9819849664850583	 0.14936452362653818	 -0.10217752215851716	 -0.05436468196082745	 1.556240741957268	 -0.5865535473742127	 -0.22462205064282026	 -1.512451171875	 -0.077392578125	 -0.408935546875	 0.42567262	 0.51585555	 -0.7402441	 0.068808384	 38.67659	 -52.316093	 12.187147	Scatto 30m	4	Braccio
94	 2464267089	 0.9998966160911823	 -0.005945587423888975	 -0.013017553783952364	 0.001396571899193344	 0.5745250194289986	 -0.40410409895113464	 0.42830946141898496	 -1.47998046875	 -0.09228515625	 -0.385009765625	 0.4183142	 0.51442575	 -0.74621075	 0.059573762	 1.9307944	 -49.3225	 -9.95741	Scatto 30m	4	Braccio
95	 2464283756	 0.9974422949107543	 0.06368357535051222	 0.003125640321776813	 0.032303264948334694	 0.013518293720759939	 -0.04412779449312876	 0.4852096159339092	 -1.462890625	 0.018798828125	 -0.41455078125	 0.38436124	 0.516562	 -0.7550867	 0.12359005	 -14.318447	 -16.93958	 -28.870527	Scatto 30m	4	Braccio
96	 2464300423	 0.9957361263142945	 0.0811984952375429	 0.002333893870401227	 0.04371411743549065	 -0.07587290427487559	 -0.2771810948237553	 0.4275594476021485	 -1.431396484375	 0.18798828125	 -0.487548828125	 0.33676177	 0.51330686	 -0.7625687	 0.20395279	 3.7195914	 -19.123034	 -33.809124	Scatto 30m	4	Braccio
97	 2464317090	 0.9949907624361537	 0.0871038928678094	 0.02126726171185811	 0.044204050643285094	 0.09629217203947979	 -0.42534995336851866	 0.19417062423102777	 -1.38916015625	 0.3544921875	 -0.603515625	 0.29728803	 0.5029154	 -0.7553752	 0.29682365	 18.51775	 -21.334608	 -14.535397	Scatto 30m	4	Braccio
98	 2464333757	 0.9948884647288779	 0.0709536455135987	 0.05442592011398196	 0.04690780486756119	 0.05985916610267501	 -0.2001559333232283	 -0.09265657405616093	 -1.3681640625	 0.493896484375	 -0.774169921875	 0.28705546	 0.47055504	 -0.7365614	 0.391988	 10.938202	 -1.7494563	 -1.7297077	Scatto 30m	4	Braccio
99	 2464350424	 0.9956176349827461	 0.03500561620805412	 0.07411922746812351	 0.0450163510825393	 0.06450888612073034	 0.0937024973703379	 -0.0972249042584314	 -1.339599609375	 0.57958984375	 -0.9189453125	 0.30613074	 0.4169428	 -0.7181277	 0.46554843	 -6.368263	 4.5421333	 -5.404659	Scatto 30m	4	Braccio
100	 2464367091	 0.9967791484200654	 0.01241731342355451	 0.0693289124293054	 0.03834894397085786	 -0.020362306365651547	 0.07548948276640438	 0.03390501756230872	 -1.298828125	 0.62939453125	 -1.027587890625	 0.33189172	 0.36026484	 -0.70333123	 0.51515305	 -3.5385957	 -0.50833774	 -13.467792	Scatto 30m	4	Braccio
101	 2464383758	 0.9987150710222696	 -0.016759179530743795	 0.04615665089145726	 0.012525988700427594	 0.12288367007793033	 0.24783936084337313	 0.19477324441815236	 -1.27685546875	 0.644287109375	 -1.052978515625	 0.36364958	 0.3223822	 -0.6987689	 0.52492934	 -17.572575	 -9.362386	 -13.759946	Scatto 30m	4	Braccio
102	 2464400425	 0.9974594166833424	 0.00432263840608732	 0.06887858511270202	 0.017656935742332902	 0.012093576611682644	 0.31822130294842543	 0.6699256248954474	 -1.284912109375	 0.64892578125	 -1.081298828125	 0.40043977	 0.2754733	 -0.67377293	 0.5565903	 -23.097088	 -34.37322	 -26.113626	Scatto 30m	4	Braccio
103	 2464417092	 0.9893126681511187	 0.11043082932555787	 0.0832777742928106	 0.046155052583869545	 0.2649091402737356	 -0.7619654380064782	 0.47500489917414923	 -1.200927734375	 0.694580078125	 -1.333740234375	 0.39652774	 0.24015252	 -0.5824978	 0.6676743	 22.339294	 -36.886005	 26.177708	Scatto 30m	4	Braccio
104	 2464433759	 0.995788085853906	 0.030610096674928533	 0.08266650107936531	 0.025206341508853203	 0.1592016734489673	 -0.8573817065919835	 0.08891258276268682	 -1.1171875	 0.694580078125	 -1.51171875	 0.41929623	 0.18193014	 -0.5307236	 0.7137401	 35.4288	 -2.3606288	 28.984108	Scatto 30m	4	Braccio
105	 2464450426	 0.9943948440533432	 -0.05408014899032604	 0.08663385344930574	 0.02736433887079243	 0.2242005473752953	 -0.9033830114027105	 0.32013467988120187	 -1.011474609375	 0.72705078125	 -1.47509765625	 0.45370463	 0.082223885	 -0.5330376	 0.7094099	 31.491259	 -7.3482103	 39.604332	Scatto 30m	4	Braccio
106	 2464467093	 0.9926881930034899	 -0.08717092954925104	 0.07577950408612034	 0.03505491796378021	 0.517647782598943	 -0.007285107541491226	 0.4193574117346424	 -0.91845703125	 0.755859375	 -1.31201171875	 0.4736064	 -0.030127998	 -0.5577489	 0.6809593	 -26.792984	 -3.5782657	 19.634851	Scatto 30m	4	Braccio
107	 2464483760	 0.9939530711959249	 -0.06677946062401063	 0.08078047768441483	 0.03274614975890389	 0.700820058534982	 0.30671848836347104	 0.13977985206352422	 -0.84619140625	 0.75537109375	 -1.156982421875	 0.49221486	 -0.13436852	 -0.55892754	 0.6536587	 -39.136322	 23.723652	 -0.7233639	Scatto 30m	4	Braccio
108	 2464500427	 0.9963680933534237	 -0.04112059768303872	 0.07173354118319906	 0.020347433812919757	 0.5136543578400421	 0.40144690658159954	 -0.33200272561598143	 -0.807861328125	 0.742919921875	 -1.05615234375	 0.5126783	 -0.21152411	 -0.5441849	 0.62950885	 -12.19608	 39.000065	 -25.842245	Scatto 30m	4	Braccio
109	 2464517094	 0.9981352162766797	 -0.02805551672766493	 0.0542110443055179	 -3.750796646410232E-4	 0.2999919417675509	 0.5539713211645091	 -0.37754829990442357	 -0.82470703125	 0.72509765625	 -0.986572265625	 0.5366995	 -0.2583055	 -0.53182125	 0.6019951	 -2.0682685	 30.282476	 -41.758846	Scatto 30m	4	Braccio
110	 2464533761	 0.9995442980353973	 0.0036658667225904495	 0.019937320367976397	 -0.022366513868760624	 0.15395850394190372	 0.7706996576921762	 -0.41386642299577603	 -0.87353515625	 0.723388671875	 -0.97314453125	 0.56273365	 -0.25500333	 -0.5233341	 0.5868779	 2.0224533	 24.089853	 -57.306816	Scatto 30m	4	Braccio
111	 2464550428	 0.9976286568887249	 0.04500209256180954	 -0.015938327746016407	 -0.04957665103773785	 0.1562815772531633	 0.3383180227701532	 -0.27753171908310986	 -0.95751953125	 0.7294921875	 -1.0458984375	 0.5948389	 -0.19229564	 -0.5162616	 0.5853744	 4.5768003	 17.835756	 -30.746199	Scatto 30m	4	Braccio
112	 2464567095	 0.996707217621691	 0.03942242406181018	 -0.03665929432807379	 -0.060635723474578435	 0.13412766731616063	 0.05438197283931358	 -0.1084047626577609	 -1.071533203125	 0.723388671875	 -1.12646484375	 0.61809736	 -0.11387669	 -0.5239464	 0.5748635	 2.0763521	 10.432339	 -11.947703	Scatto 30m	4	Braccio
113	 2464583762	 0.9956187846184197	 0.030762541086163997	 -0.050065207863358135	 -0.07273497606008932	 0.31940831248881607	 0.17642687625552558	 -0.031110561256396572	 -1.19580078125	 0.687744140625	 -1.158935546875	 0.63536793	 -0.025846835	 -0.5421679	 0.5492666	 -8.8294325	 20.081615	 -8.548103	Scatto 30m	4	Braccio
114	 2464600429	 0.9926833029510844	 0.026972728781905708	 -0.06677743359691217	 -0.09691803911756189	 0.5208057686091923	 0.07720069450875824	 -0.07642306933642377	 -1.364990234375	 0.60498046875	 -1.15625	 0.649127	 0.08250796	 -0.5672541	 0.50004953	 -5.7869534	 27.077438	 6.068556	Scatto 30m	4	Braccio
115	 2464617096	 0.9917814425815972	 -0.013815795010563958	 -0.08017199287533681	 -0.09874788867307012	 0.5727259276045746	 -0.12316838706805663	 -0.09047926801626276	 -1.52734375	 0.484130859375	 -1.052001953125	 0.64928365	 0.17096043	 -0.6123655	 0.417387	 4.1126823	 19.111727	 19.897106	Scatto 30m	4	Braccio
116	 2464633763	 0.99100279004508	 -0.0402863534882551	 -0.08034933810214202	 -0.09916886463015603	 0.7290330287694948	 -0.03615054029139919	 -0.12146908296730316	 -1.630615234375	 0.311279296875	 -0.87353515625	 0.6426991	 0.23962915	 -0.6579373	 0.31086075	 2.0905998	 18.534348	 30.476658	Scatto 30m	4	Braccio
117	 2464650430	 0.9921663648142792	 -0.03159986287726757	 -0.0687602584830086	 -0.09939507055536699	 0.8450445231915251	 0.0034183987016327966	 -0.1838429996041062	 -1.68115234375	 0.11572265625	 -0.712890625	 0.6307743	 0.30640578	 -0.68210095	 0.20731099	 4.556292	 12.224163	 40.408737	Scatto 30m	4	Braccio
118	 2464667097	 0.9933208218159557	 -0.021794626709473682	 -0.06078796801325509	 -0.09562197518504072	 0.8261280525490853	 0.13263085607512473	 -0.14967000936417663	 -1.67919921875	 -0.075439453125	 -0.58935546875	 0.6111689	 0.37065247	 -0.69029033	 0.11219835	 0.36869445	 3.9308043	 41.03209	Scatto 30m	4	Braccio
119	 2464683764	 0.9952285095078448	 0.03266941738091975	 -0.05089028976489379	 -0.07657089158701369	 0.8126034350900224	 0.308792641361319	 -0.10555956727391799	 -1.636474609375	 -0.19287109375	 -0.50634765625	 0.5688646	 0.44954172	 -0.6852626	 0.06870708	 -6.1347027	 -1.5460883	 42.34482	Scatto 30m	4	Braccio
120	 2464700431	 0.9925554756697696	 0.11021957334689635	 -0.04336424130050609	 -0.028369278200489238	 0.8230571880789377	 -0.2008018970571442	 0.10200155584424248	 -1.5849609375	 -0.129638671875	 -0.47265625	 0.48633355	 0.53322124	 -0.68368095	 0.10832891	 6.51647	 -37.398827	 24.539886	Scatto 30m	4	Braccio
121	 2464717098	 0.9965846740239169	 0.06945616759178443	 -0.044631009395988915	 -0.0017033157077055716	 0.6095805155258873	 -0.7625375002842409	 0.1620967042521288	 -1.51171875	 0.0107421875	 -0.4638671875	 0.41641778	 0.57272357	 -0.69376004	 0.1314577	 34.359768	 -47.965225	 -3.1669145	Scatto 30m	4	Braccio
122	 2464733765	 0.999016752485998	 0.03467858096923915	 -0.02330636318469165	 0.014823552522699207	 -0.11383759944422907	 -0.24504892328057376	 0.2730136545238494	 -1.459716796875	 0.071044921875	 -0.4482421875	 0.37719932	 0.5805542	 -0.70593715	 0.14943326	 6.284868	 -10.669407	 -29.250069	Scatto 30m	4	Braccio
123	 2464750432	 0.9982440547346758	 0.04383704782668435	 -0.00595786769922363	 0.0393906618019182	 -0.20841866822812125	 -0.21613025235238517	 0.5024152395944648	 -1.410888671875	 0.1748046875	 -0.47900390625	 0.34020278	 0.5701903	 -0.72245485	 0.19288415	 1.8015435	 -14.373547	 -41.803032	Scatto 30m	4	Braccio
124	 2464767099	 0.9971464574614353	 0.05719358925453094	 0.013836819605320962	 0.04729035994263314	 -0.10137679088655427	 -0.35016263823960503	 0.46316081141827503	 -1.362548828125	 0.30322265625	 -0.540283203125	 0.30683076	 0.5520812	 -0.7306889	 0.25914276	 13.25135	 -20.109211	 -35.708992	Scatto 30m	4	Braccio
125	 2464783766	 0.997228104476343	 0.04781516233625263	 0.038472098069364635	 0.04206798739444135	 0.12591724845535895	 -0.06390894234140151	 0.125202129378044	 -1.335693359375	 0.417236328125	 -0.656982421875	 0.29624903	 0.52520853	 -0.72663796	 0.32922623	 0.95498323	 -11.265162	 -9.189598	Scatto 30m	4	Braccio
126	 2464800433	 0.9974628425686629	 0.01890441854414157	 0.06359307391307469	 0.025815142932722662	 0.30480990358850757	 0.17257405992731786	 -0.024079132612956966	 -1.342041015625	 0.478759765625	 -0.753662109375	 0.3228956	 0.49038422	 -0.7121059	 0.38492474	 -14.800299	 -6.8387837	 3.5267239	Scatto 30m	4	Braccio
127	 2464817100	 0.996665135145866	 0.010955401562303485	 0.07897092702310561	 0.01738333243060478	 0.10314838784215968	 0.08759671158785388	 0.2477040053986419	 -1.388671875	 0.5048828125	 -0.855224609375	 0.36580682	 0.45016524	 -0.6871735	 0.43741235	 -8.122688	 -14.470217	 -13.194473	Scatto 30m	4	Braccio
128	 2464833767	 0.9965008296962177	 0.037954351541366615	 0.05525098731647866	 0.049928869548373306	 0.04483807361824704	 -0.38093709684350885	 0.44621678304980694	 -1.357177734375	 0.562255859375	 -0.969482421875	 0.3635548	 0.40468475	 -0.6688422	 0.5066639	 17.65775	 -30.563885	 -10.507421	Scatto 30m	4	Braccio
129	 2464850434	 0.9956388928643762	 0.043208743025137	 0.06879046358530228	 0.0458701609077844	 0.39230670234452814	 -0.22594561476423716	 0.2569205248736227	 -1.28076171875	 0.636474609375	 -1.12890625	 0.36735347	 0.35349432	 -0.6357635	 0.57956696	 1.5346811	 -21.167719	 13.09931	Scatto 30m	4	Braccio
131	 2464883768	 0.97766632734855	 0.07962363343691309	 0.17949113722943136	 0.07491035324431021	 1.1107327945438348	 -1.1870615722246227	 0.644456345449996	 -1.111572265625	 0.6904296875	 -1.4228515625	 0.40208614	 0.2233153	 -0.5312672	 0.711486	 22.997278	 1.4712449	 39.77929	Scatto 30m	4	Braccio
132	 2464900435	 0.9928793481172715	 -0.06857563561640795	 0.09325038902733503	 0.02814866299272839	 0.09146673760752219	 -0.6610299124113841	 0.15347079769494276	 -1.021484375	 0.71435546875	 -1.38232421875	 0.4444147	 0.11264819	 -0.5427749	 0.70370555	 27.895912	 -2.248207	 20.265495	Scatto 30m	4	Braccio
133	 2464917102	 0.9932749879556114	 -0.0883175208394048	 0.0671329131334017	 0.033135868613701526	 0.30578162251922375	 0.06228165960717441	 0.498034176916261	 -0.951904296875	 0.7314453125	 -1.2099609375	 0.4648455	 0.007182611	 -0.5732186	 0.67475003	 -23.1423	 -16.586655	 10.990862	Scatto 30m	4	Braccio
134	 2464933769	 0.9948774056132985	 -0.052239744170669455	 0.08204085031443083	 0.027554596872762183	 0.6839178942510968	 0.5880989687938556	 0.1447495489544082	 -0.895263671875	 0.724365234375	 -1.08935546875	 0.49178806	 -0.088230245	 -0.5656358	 0.6560613	 -50.260162	 21.782187	 -11.7272215	Scatto 30m	4	Braccio
135	 2464950436	 0.997056853491971	 -0.02350594720954452	 0.07295468392246178	 0.001647860505633564	 0.40191141277999404	 0.257008363383613	 -0.4027350798398558	 -0.900146484375	 0.718017578125	 -1.046875	 0.5292787	 -0.14767516	 -0.5415262	 0.63624346	 -4.2475305	 35.692703	 -20.354256	Scatto 30m	4	Braccio
140	 2465033771	 0.9629881171834391	 -1.946798248005921E-4	 -0.03917694752251868	 -0.2666814861329495	 1.5298601133082952	 1.398459398151918	 -1.4304006168190444	 -1.371337890625	 0.5576171875	 -1.013671875	 0.66331756	 0.03318128	 -0.57513523	 0.47762817	 -3.3750067	 20.650805	 0.88190365	Scatto 30m	4	Braccio
141	 2465050438	 0.9932708961464192	 0.002147924190553485	 -0.057518114994477676	 -0.10049865540216564	 0.5364428990895486	 -0.05542286150886255	 -0.19894445494623464	 -1.505859375	 0.442138671875	 -0.956298828125	 0.674232	 0.121445075	 -0.60398895	 0.4072588	 7.175585	 24.426485	 13.453512	Scatto 30m	4	Braccio
142	 2465067105	 0.992944111932493	 -0.012662405244776076	 -0.06605457063485277	 -0.09766497719374717	 0.5495959511614208	 -0.08861792550346484	 -0.17911451765014055	 -1.60693359375	 0.291015625	 -0.84619140625	 0.6711656	 0.19980925	 -0.6365774	 0.32308257	 9.370258	 16.890257	 19.48048	Scatto 30m	4	Braccio
143	 2465083772	 0.9933482290541964	 -0.009377554383115438	 -0.0697922413162377	 -0.09110653302996259	 0.811668900982834	 0.08187986488662907	 -0.1214558154341607	 -1.653076171875	 0.128173828125	 -0.72216796875	 0.653589	 0.27462548	 -0.6631139	 0.24017182	 0.96843696	 17.128902	 36.603756	Scatto 30m	4	Braccio
144	 2465100439	 0.9931238916308753	 0.023951859955589995	 -0.07233231963574467	 -0.08887789271087465	 1.0078451687898733	 0.0964976667325449	 -0.08801140720702871	 -1.64453125	 0.0029296875	 -0.615478515625	 0.6156282	 0.36658296	 -0.67479855	 0.17682196	 0.2673948	 4.719849	 50.97893	Scatto 30m	4	Braccio
145	 2465117106	 0.994056491515779	 0.04933895490526864	 -0.06694724235304661	 -0.07025258675321756	 1.0098124585961195	 0.03708061887714936	 -0.12233747935582995	 -1.607177734375	 -0.063232421875	 -0.52783203125	 0.56061107	 0.45579952	 -0.67665267	 0.14178595	 5.1809354	 -10.289965	 50.162254	Scatto 30m	4	Braccio
146	 2465133773	 0.9962241530012033	 0.06959992046088795	 -0.04455070076404267	 -0.02661809742085286	 0.5716467059571284	 0.002177051120634682	 6.99065526344439E-4	 -1.55859375	 -0.03515625	 -0.489501953125	 0.49971965	 0.51900256	 -0.6762082	 0.1538154	 1.3813906	 -15.682876	 20.658012	Scatto 30m	4	Braccio
147	 2465150440	 0.9990702771843414	 0.029381079605560224	 -0.031405655781016235	 0.0030030306324463356	 0.6936205795857693	 -0.6459328854057504	 0.21096540390136886	 -1.509033203125	 0.0439453125	 -0.476806640625	 0.46163833	 0.53744036	 -0.68743503	 0.15962783	 28.213116	 -48.06331	 7.1617165	Scatto 30m	4	Braccio
148	 2465167107	 0.9991016151912225	 0.03436168322686085	 -0.024790117958643443	 8.290354055829897E-4	 -0.08257742851772776	 -0.2769127623179405	 0.4122974502443314	 -1.46533203125	 0.068603515625	 -0.455322265625	 0.42495483	 0.55739975	 -0.6923521	 0.17136937	 3.2560093	 -20.94624	 -31.334429	Scatto 30m	4	Braccio
149	 2465183774	 0.9978665834305401	 0.0493472707818695	 -0.009655224510665139	 0.04164018706358425	 -0.33778247884031626	 -0.08923203199785223	 0.5889742480474038	 -1.41748046875	 0.175537109375	 -0.484130859375	 0.3821285	 0.55109495	 -0.7087997	 0.2188045	 -8.766558	 -14.160919	 -47.372814	Scatto 30m	4	Braccio
150	 2465200441	 0.9967185688253688	 0.06418948561850876	 0.004283321479280567	 0.04912695443282583	 -0.14384492910796595	 -0.42275878659825356	 0.5443451428519617	 -1.351318359375	 0.312744140625	 -0.552001953125	 0.33730862	 0.5390562	 -0.71679103	 0.286098	 15.115683	 -26.130077	 -39.364296	Scatto 30m	4	Braccio
151	 2465217108	 0.9965847183600733	 0.06500932255398278	 0.027568781509174026	 0.042809454543884747	 0.15056905130126608	 -0.22309891716535235	 0.17057077947480864	 -1.308349609375	 0.4443359375	 -0.673828125	 0.30823988	 0.52139664	 -0.70830834	 0.3625372	 9.40607	 -16.571014	 -8.250728	Scatto 30m	4	Braccio
152	 2465233775	 0.996579227986885	 0.04308176104469519	 0.0633131742539448	 0.03106841122815629	 0.3059836930283727	 0.07994832595856806	 -0.043588069181400804	 -1.302978515625	 0.526123046875	 -0.799072265625	 0.31801835	 0.4886274	 -0.68561095	 0.4359417	 -9.356165	 -6.3336535	 5.6539907	Scatto 30m	4	Braccio
153	 2465250442	 0.996575277730652	 0.02681659040722073	 0.07765731619194471	 0.009376968426389439	 0.10428878394569238	 0.11399423532499312	 0.04852691354087491	 -1.3310546875	 0.564453125	 -0.931884765625	 0.35282445	 0.4558957	 -0.64997417	 0.49518454	 -8.512833	 -4.1261473	 -7.5966444	Scatto 30m	4	Braccio
154	 2465267109	 0.9977877827385023	 0.016489919880467052	 0.06119619940577193	 0.02006609923248831	 -0.014924900939806612	 0.09234340495606934	 0.4776477889573002	 -1.347412109375	 0.584716796875	 -1.025146484375	 0.3743158	 0.41811612	 -0.6263453	 0.5410715	 -5.122837	 -26.935947	 -19.863132	Scatto 30m	4	Braccio
155	 2465283776	 0.9953023426768799	 0.059054712160734324	 0.059303528384205835	 0.04867113266312235	 0.0660273989218082	 -0.6480637308089039	 0.3345358975094711	 -1.277587890625	 0.645263671875	 -1.16943359375	 0.35873613	 0.37640822	 -0.5878261	 0.6197468	 34.31848	 -22.865002	 5.3492413	Scatto 30m	4	Braccio
156	 2465300443	 0.9960684815836968	 0.031089136776099424	 0.07652268394689131	 0.032020687244809665	 0.5350085496036012	 -0.3638150567360735	 0.577604358969177	 -1.2060546875	 0.675048828125	 -1.31689453125	 0.3708888	 0.3203155	 -0.5489917	 0.6770877	 6.159376	 -33.376648	 29.632622	Scatto 30m	4	Braccio
157	 2465317110	 0.9953668781243288	 0.013591704390874426	 0.08829723168683115	 0.03554774790645194	 0.13674005143112178	 -0.5877063679889647	 0.18031697694577153	 -1.1123046875	 0.697021484375	 -1.411865234375	 0.389477	 0.24496226	 -0.5138768	 0.7240385	 26.123758	 -5.040223	 17.019081	Scatto 30m	4	Braccio
158	 2465333777	 0.9942210383672617	 -0.05829891649655006	 0.08589123895187444	 0.02735796546828942	 0.24493941801886032	 -0.5295884327969247	 0.15725232655843985	 -1.024658203125	 0.72314453125	 -1.377685546875	 0.42618883	 0.14490433	 -0.52447766	 0.72269565	 16.9965	 1.1565357	 22.192768	Scatto 30m	4	Braccio
159	 2465350444	 0.9933457592845911	 -0.09158121780633388	 0.06246515019145588	 0.031228001344735305	 0.4374475361839308	 0.08811170255765832	 0.4510029468718477	 -0.95947265625	 0.74072265625	 -1.201171875	 0.44729668	 0.043752518	 -0.56338435	 0.6932602	 -26.118666	 -12.1057	 15.093815	Scatto 30m	4	Braccio
160	 2465367111	 0.9957533429473605	 -0.05066999363156993	 0.07171560119370703	 0.02765328732642877	 0.43803338724692176	 0.1886707089803092	 0.18627228610402508	 -0.90576171875	 0.731201171875	 -1.08935546875	 0.4695021	 -0.043854542	 -0.5635697	 0.6782579	 -28.201862	 6.2455163	 0.6490841	Scatto 30m	4	Braccio
161	 2465383778	 0.9967741536581254	 -0.04574504886129688	 0.06449406844171987	 0.013754716996005447	 0.3937063180953739	 0.2540611756883348	 -0.13640077226060376	 -0.8935546875	 0.71337890625	 -0.998779296875	 0.49382177	 -0.11593356	 -0.56029123	 0.65480775	 -17.25312	 23.28754	 -13.973707	Scatto 30m	4	Braccio
162	 2465400445	 0.9973946564389433	 -0.03928721659073592	 0.06050110051944494	 1.7537254847317663E-4	 0.2860261627421089	 0.6389468021714118	 -0.2737877324152267	 -0.918212890625	 0.6884765625	 -0.924072265625	 0.52273834	 -0.1738027	 -0.5532084	 0.62489814	 -16.562817	 27.91541	 -41.124996	Scatto 30m	4	Braccio
166	 2465467113	 0.9751272059422395	 0.0066618536433513675	 0.010470645811354323	 -0.221298254655587	 1.0631875527373915	 1.1735376439226475	 -1.0013501406243999	 -1.328369140625	 0.5673828125	 -0.932373046875	 0.6593095	 -0.044941537	 -0.5629649	 0.49634874	 -0.8421833	 20.692957	 -9.718167	Scatto 30m	4	Braccio
172	 2465567115	 0.7942007380507541	 0.10104036088589799	 -0.3942232242870038	 -0.4512472521627625	 3.710147861475981	 -1.9399714264428858	 0.4312047181487759	 -1.553466796875	 -0.0224609375	 -0.4814453125	 0.53054553	 0.49067017	 -0.67014647	 0.16931632	 -7.9351606	 -14.362025	 46.69035	Scatto 30m	4	Braccio
174	 2465600449	 0.9933724109240333	 0.0813887164702597	 -0.07702311704591219	 -0.02558455563087159	 1.337333096444599	 -0.8672882757387561	 0.3729501986102304	 -1.426513671875	 0.075439453125	 -0.422607421875	 0.43824434	 0.5637402	 -0.6784332	 0.17282186	 20.247944	 -40.57055	 -6.2368174	Scatto 30m	4	Braccio
175	 2465617116	 0.9992097572149725	 0.03597380645711076	 -0.012072144567723599	 0.01183256780745179	 -0.07785487317532308	 -0.03896171754293917	 0.4567340239426412	 -1.402587890625	 0.122314453125	 -0.43896484375	 0.40665996	 0.57426965	 -0.6827628	 0.19666514	 -8.898636	 -17.812403	 -29.350899	Scatto 30m	4	Braccio
176	 2465633783	 0.997977056414792	 0.051190860442672556	 -0.01655529159051539	 0.03387053287385605	 -0.36322144013862334	 -0.3054548314378995	 0.582460467848331	 -1.347412109375	 0.22705078125	 -0.471923828125	 0.35785788	 0.5751149	 -0.69650924	 0.2367608	 6.012258	 -16.935558	 -51.154484	Scatto 30m	4	Braccio
177	 2465650450	 0.9970367736280683	 0.06626724398051839	 -0.008089765993590403	 0.038221461179913936	 -0.22385254568824675	 -0.4832697858533034	 0.3878800204046945	 -1.278076171875	 0.349853515625	 -0.53857421875	 0.3034533	 0.5733325	 -0.702536	 0.29265916	 23.99434	 -15.347895	 -37.22558	Scatto 30m	4	Braccio
178	 2465667117	 0.9971431291633124	 0.057938039594230634	 0.024293661118080127	 0.041935445149121064	 0.19385889476060575	 -0.13436979280089925	 0.04526560404990118	 -1.225341796875	 0.465576171875	 -0.642333984375	 0.2736359	 0.55340946	 -0.69907576	 0.3607694	 5.8315516	 -10.742338	 -2.1801915	Scatto 30m	4	Braccio
179	 2465683784	 0.9959481162717496	 0.04422489916859007	 0.06876727028955627	 0.03745090820267042	 0.17851603744335937	 0.0742324632552773	 0.02795977483305811	 -1.2216796875	 0.54638671875	 -0.769287109375	 0.28218994	 0.51285636	 -0.6808973	 0.4401436	 -6.8486576	 -6.955286	 -3.3244991	Scatto 30m	4	Braccio
180	 2465700451	 0.9965212028726267	 0.02261375706945959	 0.0754495576558787	 0.027230028755563712	 -0.018458726531264125	 -0.005231736517783719	 0.1651724652973667	 -1.2294921875	 0.59716796875	 -0.886474609375	 0.30874583	 0.46626988	 -0.65980834	 0.5019181	 1.3130615	 -8.341134	 -15.126558	Scatto 30m	4	Braccio
181	 2465717118	 0.9989933178259978	 0.004063439083562992	 0.04292630154172128	 0.012376269137677644	 0.1792934681207762	 0.13728128252083988	 0.3264001389886996	 -1.23583984375	 0.613525390625	 -0.93701171875	 0.32853493	 0.43792224	 -0.64808947	 0.5294046	 -10.463265	 -21.388485	 -9.449463	Scatto 30m	4	Braccio
182	 2465733785	 0.9974931316821021	 0.03524259975232086	 0.05339001256517723	 0.030247610947322756	 0.0482553869998191	 -0.10654179272555783	 0.4690626411572909	 -1.212890625	 0.63916015625	 -1.009521484375	 0.3308802	 0.40110767	 -0.62179756	 0.585661	 5.7563457	 -28.405443	 -10.951924	Scatto 30m	4	Braccio
183	 2465750452	 0.9947948922769296	 0.06981025830961263	 0.06859875348977042	 0.02835244529360637	 0.25058773610235857	 -0.4471409182459829	 0.42319474986221994	 -1.17138671875	 0.68701171875	 -1.204833984375	 0.32732692	 0.36473823	 -0.56438684	 0.6642972	 18.346786	 -26.665606	 13.486097	Scatto 30m	4	Braccio
184	 2465767119	 0.9957153664012196	 0.04020259032755136	 0.07978059203065711	 0.023868765755225008	 0.15701360147763704	 -0.6362890209600343	 0.3478733002417709	 -1.118408203125	 0.702392578125	 -1.353271484375	 0.34064898	 0.3100671	 -0.5157172	 0.72239363	 29.808256	 -14.69487	 19.8075	Scatto 30m	4	Braccio
185	 2465783786	 0.9954697538955937	 -0.04848949004496905	 0.08079452132892778	 0.012687937478350121	 0.33630591474504623	 -0.8684637899832226	 0.17327105893372624	 -1.064697265625	 0.71142578125	 -1.34619140625	 0.38690192	 0.22724964	 -0.52274144	 0.724849	 31.655582	 5.9093375	 37.020847	Scatto 30m	4	Braccio
186	 2465800453	 0.9929155276990383	 -0.09873622349069833	 0.0637588713189607	 0.017456212449075525	 0.49028423002988974	 -0.21014995275737916	 0.4362525261156744	 -1.035400390625	 0.718994140625	 -1.1826171875	 0.4275461	 0.13208821	 -0.5681107	 0.69065726	 -9.51933	 -12.923929	 28.289444	Scatto 30m	4	Braccio
190	 2465867121	 0.9403497539711548	 -0.2485025339492869	 0.23235357193934178	 -8.052541221281462E-4	 0.9226614950794906	 1.9666926784664847	 -1.258610622851842	 -1.147705078125	 0.568603515625	 -0.751220703125	 0.56968373	 -0.14041962	 -0.60033125	 0.5434568	 -20.49823	 43.510815	 -58.28096	Scatto 30m	4	Braccio
191	 2465883788	 0.997208298445305	 0.0267430410588112	 0.005614532869711039	 -0.06949026037799173	 0.3891588658525953	 0.2917715291345473	 -0.35867547235292085	 -1.2568359375	 0.5390625	 -0.78955078125	 0.6139595	 -0.08471899	 -0.5894248	 0.5181265	 2.8380198	 35.469814	 -16.786364	Scatto 30m	4	Braccio
192	 2465900455	 0.9960210999194855	 0.019279241392954893	 -0.01620407467715709	 -0.0854851292936234	 0.31613469195206245	 0.10330714670892298	 -0.23450538812241023	 -1.390380859375	 0.478271484375	 -0.817138671875	 0.64873713	 -0.012135427	 -0.59314394	 0.476627	 3.699016	 23.871595	 -6.2586017	Scatto 30m	4	Braccio
193	 2465917122	 0.9964815949814597	 -9.514052025978992E-4	 -0.02596417019202061	 -0.07968304435440733	 0.2973582629099872	 0.16618375205148384	 -0.16791627180665708	 -1.4990234375	 0.379638671875	 -0.792236328125	 0.6696961	 0.04870975	 -0.6082773	 0.42324123	 -0.97010547	 22.2609	 -5.046262	Scatto 30m	4	Braccio
194	 2465933789	 0.9949275223408461	 0.01582693547987879	 -0.039038261641439344	 -0.09134958965444462	 0.5130415475419778	 0.1518971024143153	 -0.1585465656164213	 -1.584716796875	 0.266845703125	 -0.75048828125	 0.68090236	 0.13306667	 -0.61918014	 0.36780614	 -1.3680513	 26.927103	 10.0410385	Scatto 30m	4	Braccio
195	 2465950456	 0.9927337875028843	 0.04055657478521496	 -0.05374808435165002	 -0.09972930773046197	 0.6300795765293477	 0.06787175442810765	 -0.15188990660337626	 -1.642333984375	 0.147216796875	 -0.70068359375	 0.67410225	 0.24326295	 -0.6220965	 0.31528658	 2.6780858	 21.288206	 22.87371	Scatto 30m	4	Braccio
196	 2465967123	 0.9925949770173007	 0.045827775316313366	 -0.06381073185280757	 -0.09264565348677123	 0.8046606651394936	 0.00984228336456866	 -0.22439608521074672	 -1.660400390625	 0.04052734375	 -0.637451171875	 0.64726704	 0.3521449	 -0.6225381	 0.26360187	 10.118968	 15.937919	 36.620865	Scatto 30m	4	Braccio
197	 2465983790	 0.993079392983384	 0.041659477477801056	 -0.0722352775931311	 -0.08270351769467515	 0.7366765792132665	 -0.008458086211062893	 -0.2383132229860769	 -1.63134765625	 -0.04150390625	 -0.55908203125	 0.60440075	 0.4491462	 -0.6239499	 0.20893535	 13.065102	 6.532689	 34.288612	Scatto 30m	4	Braccio
198	 2466000457	 0.9934466862930801	 0.03726357878317518	 -0.07913781206123634	 -0.0735684299936405	 0.6727795486983156	 -0.02408254671731022	 -0.04451608188390477	 -1.563232421875	 -0.10693359375	 -0.459228515625	 0.5488591	 0.53296894	 -0.6259779	 0.15116102	 8.094297	 -11.075115	 28.272099	Scatto 30m	4	Braccio
199	 2466017124	 0.9954039793507061	 0.052527405164469694	 -0.07247106667537045	 -0.034054868879510036	 0.6287168658456393	 0.3192464030573378	 -0.012853519852443762	 -1.46142578125	 -0.09619140625	 -0.382080078125	 0.47712266	 0.59321636	 -0.63594055	 0.1266014	 -9.126452	 -10.961361	 30.024952	Scatto 30m	4	Braccio
200	 2466033791	 0.9981023889099917	 0.04151704962429103	 -0.04373455277772187	 0.012459724555313802	 0.9684734056510147	 -0.42079287618768385	 0.02946384875716701	 -1.369873046875	 0.005615234375	 -0.347900390625	 0.42121357	 0.6109451	 -0.6568909	 0.13349046	 30.5327	 -44.805992	 23.007439	Scatto 30m	4	Braccio
201	 2466050458	 0.99971907831565	 0.012651981035639095	 -0.016301537311550096	 -0.011659833140364785	 0.32016316770250774	 -0.3222515564119536	 0.33301324118503056	 -1.323974609375	 0.00830078125	 -0.32763671875	 0.403315	 0.6271162	 -0.6539634	 0.12803967	 11.84137	 -31.258005	 -14.788977	Scatto 30m	4	Braccio
203	 2466083792	 0.9950762275153923	 0.08583448508116964	 -0.001178361404244488	 0.04954143789785188	 -0.6363555902787069	 -0.5798239418682385	 1.1480845902286758	 -1.282958984375	 0.17724609375	 -0.39990234375	 0.33872905	 0.6283939	 -0.6694784	 0.20538418	 14.124875	 -11.915408	 -59.262894	Scatto 30m	4	Braccio
204	 2466100459	 0.9964543378768974	 0.07380138230532085	 0.011889449217724392	 0.03861022524457719	 -0.10182689241880125	 -0.2953339962870263	 0.2176091569321561	 -1.24365234375	 0.31640625	 -0.4892578125	 0.29048362	 0.62369907	 -0.67112154	 0.2760697	 14.712253	 -7.097247	 -25.780258	Scatto 30m	4	Braccio
205	 2466117126	 0.9962174569608827	 0.06598463635354807	 0.04428139308689566	 0.035156285895494445	 0.3880421903734008	 0.06470078057149985	 -0.167475877710892	 -1.234619140625	 0.446044921875	 -0.620361328125	 0.2675951	 0.6053508	 -0.65825975	 0.3586607	 -4.66811	 -8.108832	 14.0732	Scatto 30m	4	Braccio
206	 2466133793	 0.9963508707764301	 0.02921691201346069	 0.07685930974937917	 0.022890191355599082	 0.24747011758977777	 0.10165874395804479	 -0.14367521225850552	 -1.2666015625	 0.51513671875	 -0.74609375	 0.29081547	 0.56892514	 -0.6373635	 0.4307185	 -8.585309	 -2.050732	 6.126317	Scatto 30m	4	Braccio
207	 2466150460	 0.9981787423904718	 -0.005877752704101569	 0.05932155414005503	 0.009252214725897797	 0.006686894309866784	 -0.009949039101999776	 0.11762616693541858	 -1.3115234375	 0.5224609375	 -0.8046875	 0.32710207	 0.5353931	 -0.62534493	 0.46400663	 1.3516526	 -6.3915677	 -12.577947	Scatto 30m	4	Braccio
208	 2466167127	 0.9988021118143724	 0.011195218645015409	 0.04221264340726317	 0.022070370436661962	 -0.13065688322225055	 0.027367490502546082	 0.5038015712722641	 -1.3115234375	 0.53955078125	 -0.84423828125	 0.3365983	 0.5057187	 -0.6159305	 0.50157744	 2.7264225	 -25.275146	 -28.021276	Scatto 30m	4	Braccio
209	 2466183794	 0.9949344308028143	 0.0652821101270522	 0.06961608302110567	 0.031580460497558145	 0.2414149572126015	 0.028031157846292676	 0.8039751794117008	 -1.30029296875	 0.601806640625	 -1.000732421875	 0.3287361	 0.47135013	 -0.5709232	 0.58635163	 -0.9386132	 -50.385094	 -9.922537	Scatto 30m	4	Braccio
210	 2466200461	 0.9916145712705484	 0.0973016471787212	 0.07936090018191351	 0.030574156121640716	 0.3594976559748685	 -0.8966865252843715	 0.46967310381006644	 -1.25634765625	 0.6533203125	 -1.259521484375	 0.30751878	 0.43579534	 -0.49535903	 0.6856634	 47.360218	 -23.747711	 26.885792	Scatto 30m	4	Braccio
212	 2466233795	 0.9819180850317237	 -0.08438550893830621	 0.16344632290638386	 0.044735441176293744	 0.7307212070729363	 -1.5605228522010992	 0.4636736333631233	 -1.14208984375	 0.693603515625	 -1.30859375	 0.38900948	 0.2677414	 -0.5097388	 0.7191333	 13.493252	 -16.147478	 28.0648	Scatto 30m	4	Braccio
213	 2466250462	 0.9920939009774412	 -0.09862595417214243	 0.07326066729861289	 0.025602488823539663	 0.4769640542179625	 0.11302697773316955	 0.5821100531980957	 -1.101806640625	 0.70654296875	 -1.138671875	 0.43146908	 0.16157532	 -0.5533105	 0.6939564	 -21.945667	 -25.844418	 20.769104	Scatto 30m	4	Braccio
214	 2466267129	 0.9943311522962157	 -0.06746659506236258	 0.07895587164531905	 0.022798869636432045	 0.48302802920234383	 0.1088303590414098	 0.13537251435104386	 -1.071533203125	 0.69091796875	 -1.0302734375	 0.46815333	 0.06437802	 -0.5648877	 0.676454	 -23.829782	 4.731792	 9.115341	Scatto 30m	4	Braccio
215	 2466283796	 0.9947827044640685	 -0.069197749624818	 0.07325408395095116	 0.015902249228391552	 0.5073316015516791	 0.4920974059074369	 -0.048031397482343724	 -1.078125	 0.66064453125	 -0.92529296875	 0.50132847	 -0.026416142	 -0.57385445	 0.6470418	 -36.41518	 21.700504	 -12.912729	Scatto 30m	4	Braccio
216	 2466300463	 0.9955938823184486	 -0.055537367370001256	 0.07549463427435828	 0.002997083827584235	 0.4096899124381964	 0.7851573577966041	 -0.41641352774100726	 -1.1103515625	 0.62109375	 -0.8515625	 0.5397884	 -0.103926964	 -0.5678222	 0.6127036	 -26.08923	 42.156788	 -41.274017	Scatto 30m	4	Braccio
217	 2466317130	 0.9983861156409499	 -0.026083712661081948	 0.04377760303677232	 -0.025066421793798813	 0.4184817301820469	 0.8777293548424924	 -0.43718983191844385	 -1.182861328125	 0.584716796875	 -0.812255859375	 0.57734996	 -0.12930433	 -0.5605154	 0.5794567	 -19.139513	 46.85574	 -48.92863	Scatto 30m	4	Braccio
218	 2466333797	 0.9975525916117105	 0.02584789526754705	 0.005502420435189803	 -0.06473358207570817	 0.41392414855375165	 0.3246790991508025	 -0.33005675736017276	 -1.2900390625	 0.552001953125	 -0.854736328125	 0.620837	 -0.07952399	 -0.548111	 0.5548077	 -1.8791717	 35.874847	 -19.708233	Scatto 30m	4	Braccio
219	 2466350464	 0.9961469561591465	 0.030041055367587055	 -0.014507105997032569	 -0.08110684683095444	 0.3217569323856501	 0.06675152524187505	 -0.22317300787716784	 -1.420654296875	 0.492431640625	 -0.894775390625	 0.6587164	 -0.006420091	 -0.5436092	 0.52013516	 3.7059052	 23.290094	 -6.367693	Scatto 30m	4	Braccio
220	 2466367131	 0.9965975805139022	 0.00832903750881292	 -0.02380496319973555	 -0.07846791302865302	 0.3574769805028162	 0.15076568900035558	 -0.16927705659022468	 -1.531005859375	 0.399169921875	 -0.88720703125	 0.6850633	 0.055898808	 -0.5524935	 0.47150257	 -1.6253194	 24.648897	 -3.9165564	Scatto 30m	4	Braccio
221	 2466383798	 0.9947281493035476	 0.03089240763007728	 -0.0383557514275997	 -0.08994667568276486	 0.5682622243938621	 0.1541884289624566	 -0.12652395323112645	 -1.619873046875	 0.2880859375	 -0.863525390625	 0.7013732	 0.14645983	 -0.5551683	 0.42238998	 -3.0744278	 29.512928	 10.8095455	Scatto 30m	4	Braccio
222	 2466400465	 0.9903720549350095	 0.07436761851796153	 -0.061782280360419474	 -0.09907370969757945	 0.661410679140415	 0.004556372538909642	 -0.07224081810446452	 -1.695556640625	 0.173095703125	 -0.841552734375	 0.69134504	 0.28032494	 -0.5461313	 0.38105208	 3.70538	 20.09749	 24.480358	Scatto 30m	4	Braccio
223	 2466417132	 0.990998035329925	 0.06748756439659664	 -0.08017393134806901	 -0.08330944337972089	 0.6881076744096724	 -0.1962686842496573	 -0.10175572791525805	 -1.720703125	 0.075927734375	 -0.77490234375	 0.6538498	 0.40250772	 -0.5464734	 0.33441734	 17.794891	 7.4517946	 29.02369	Scatto 30m	4	Braccio
224	 2466433799	 0.9936008787926838	 0.01975264618231406	 -0.09402141636355844	 -0.059389392118399956	 0.6311740412927344	 -0.10300153067067447	 -0.19125857539776608	 -1.679931640625	 -0.004638671875	 -0.640380859375	 0.6096076	 0.478624	 -0.57293814	 0.26653278	 17.315527	 7.2845035	 25.558128	Scatto 30m	4	Braccio
225	 2466450466	 0.9956313692576926	 0.01050412798787085	 -0.08488042542751717	 -0.037458686903178336	 1.030516316002343	 0.010156027339885854	 -0.09977219106112861	 -1.59228515625	 -0.06494140625	 -0.505859375	 0.5624365	 0.5288097	 -0.6005584	 0.20821951	 14.565461	 -8.343882	 49.99794	Scatto 30m	4	Braccio
226	 2466467133	 0.9973592003107878	 0.018848019952150897	 -0.06279462455138268	 -0.031244404727243495	 0.8873098104041324	 -0.057305932262185166	 0.11858596467371091	 -1.4970703125	 -0.0849609375	 -0.409912109375	 0.5187912	 0.5714926	 -0.61301523	 0.16871426	 9.951433	 -28.632069	 34.65974	Scatto 30m	4	Braccio
227	 2466483800	 0.9991371484246268	 0.020183148124348647	 -0.031397761263087916	 -0.018214822463094697	 0.5889264389019385	 0.0316690604354512	 0.26252765686118024	 -1.444091796875	 -0.084716796875	 -0.379150390625	 0.48963103	 0.59937817	 -0.61416554	 0.1542991	 -1.8920318	 -30.639324	 13.807825	Scatto 30m	4	Braccio
228	 2466500467	 0.9985348186302653	 0.04976140549312107	 -0.020124357099256418	 0.006857751651528411	 0.3045058456529248	 -0.024067804051439656	 0.4755260280101958	 -1.404541015625	 -0.018310546875	 -0.37060546875	 0.44472533	 0.62303066	 -0.6186879	 0.17685491	 -6.9863687	 -33.18151	 -9.526357	Scatto 30m	4	Braccio
229	 2466517134	 0.9978018713743066	 0.06188551097263763	 -0.010670304566412991	 0.021160189366995933	 -0.16214753706864962	 -0.21299002239667997	 0.4384863671888816	 -1.3671875	 0.10400390625	 -0.40576171875	 0.39404336	 0.63906825	 -0.6233231	 0.218609	 1.5159279	 -16.427423	 -35.850193	Scatto 30m	4	Braccio
230	 2466533801	 0.9985803936623611	 0.04368332691840629	 -0.017293472844604255	 0.025097811447148843	 -0.2759676439023029	 -0.2582006962248452	 0.4446438253529543	 -1.320556640625	 0.202392578125	 -0.43603515625	 0.348584	 0.6444872	 -0.6346731	 0.24559262	 7.2600293	 -11.734282	 -41.991722	Scatto 30m	4	Braccio
231	 2466550468	 0.9979352410017795	 0.059506147126001524	 -0.014852549805774775	 0.019070264424120995	 -0.14703657476114704	 -0.5283931429461453	 0.4208509188956423	 -1.265625	 0.3046875	 -0.485107421875	 0.29472068	 0.6562792	 -0.63507897	 0.28126895	 27.543123	 -15.06393	 -36.922432	Scatto 30m	4	Braccio
232	 2466567135	 0.9988559179132785	 0.039835183397816554	 0.017454636580626296	 0.019883386912755707	 0.19655142176804138	 -0.4025691908939358	 0.13176327637176796	 -1.242431640625	 0.389404296875	 -0.564697265625	 0.27303642	 0.6503798	 -0.6298925	 0.325104	 24.509005	 -13.284496	 -7.0166597	Scatto 30m	4	Braccio
233	 2466583802	 0.9971162929898033	 0.02596794830108387	 0.0665907780671175	 0.025503572136485495	 0.26110321331184666	 -0.0021855831983094223	 -0.06785076772861608	 -1.271728515625	 0.439697265625	 -0.64990234375	 0.28833693	 0.61836135	 -0.6168288	 0.3924456	 -0.2820595	 -6.923572	 4.8163576	Scatto 30m	4	Braccio
234	 2466600469	 0.996296253163997	 0.0034833979691618056	 0.08088063593097734	 0.028982142801562527	 -0.08309953371733723	 0.055953537252093836	 0.036244147704078064	 -1.313720703125	 0.480224609375	 -0.748046875	 0.32308614	 0.5679177	 -0.60645914	 0.453092	 -2.6901875	 0.59892344	 -15.581118	Scatto 30m	4	Braccio
235	 2466617136	 0.9978101078219916	 -0.021563238672955926	 0.061372354300918704	 0.011977044450151965	 0.08064533380192712	 0.06813147748591178	 0.21498077994982162	 -1.351806640625	 0.485595703125	 -0.783935546875	 0.3660101	 0.5251591	 -0.6004933	 0.47922063	 -3.136999	 -13.966237	 -11.07422	Scatto 30m	4	Braccio
244	 2466767139	 0.8706479302499182	 -0.3132349095478369	 0.30667005095636835	 0.22318053866435275	 2.380259139698703	 -1.053331472453042	 0.5572166213358642	 -1.3623046875	 0.385009765625	 -0.641845703125	 0.5586317	 0.06492073	 -0.66816	 0.48711228	 -15.853913	 12.022476	 -5.2755284	Scatto 30m	4	Braccio
245	 2466783806	 0.9956377004452669	 -0.08585622042443963	 0.026586603385580693	 0.025048580536804036	 0.2662829547082599	 0.320490228264404	 -0.12147688823531301	 -1.359130859375	 0.30322265625	 -0.549072265625	 0.56773424	 -0.012220454	 -0.6927248	 0.44459102	 -13.022678	 22.525705	 -8.75245	Scatto 30m	4	Braccio
246	 2466800473	 0.9968059432177951	 -0.07544183435198132	 0.02449511632573911	 0.00929679899097094	 0.441357474845642	 0.19857437156007673	 -0.1921215438383037	 -1.381591796875	 0.208251953125	 -0.48583984375	 0.57838917	 -0.071341455	 -0.7090741	 0.3969765	 -6.027093	 27.967047	 2.7389622	Scatto 30m	4	Braccio
247	 2466817140	 0.9976392258449964	 -0.06699277317933844	 0.015069555454041287	 -9.229818825330639E-4	 0.35341790139235263	 0.3501892825539702	 -0.08987559088872338	 -1.409423828125	 0.1025390625	 -0.435546875	 0.58396	 -0.11402483	 -0.72456515	 0.3478428	 -9.595992	 28.650019	 -7.1112165	Scatto 30m	4	Braccio
248	 2466833807	 0.9987988027457089	 -0.04599813263998004	 0.013324923722494381	 -0.010371587880502242	 0.16845609313698223	 0.313315128543294	 -0.20139002009841067	 -1.438720703125	 0.0107421875	 -0.406005859375	 0.5920458	 -0.13643901	 -0.7324323	 0.3072609	 3.703827	 24.018393	 -13.118335	Scatto 30m	4	Braccio
249	 2466850474	 0.9994159990314354	 -0.025907810927288832	 0.007138178351905791	 -0.02110669615951533	 0.09421906353652434	 0.2587396707498754	 -0.2321303865949627	 -1.46728515625	 -0.064453125	 -0.39599609375	 0.6006486	 -0.13685243	 -0.73806757	 0.27522594	 9.224233	 19.221579	 -13.334074	Scatto 30m	4	Braccio
250	 2466867141	 0.9995996285809559	 0.0013924371247064915	 -0.002482636237288394	 -0.028151024439303174	 0.11335936050960797	 0.28654344874990434	 -0.15788089984221382	 -1.4794921875	 -0.10986328125	 -0.399658203125	 0.607206	 -0.11282757	 -0.74226135	 0.26003692	 5.264755	 19.859436	 -12.886613	Scatto 30m	4	Braccio
251	 2466883808	 0.9990175953827637	 0.028337664229475368	 -0.014182098901116618	 -0.030978847177019656	 0.11112247228786476	 0.21216813641358884	 -0.1272109075734757	 -1.47607421875	 -0.114990234375	 -0.39599609375	 0.60792255	 -0.06706543	 -0.7458249	 0.26396504	 3.8603156	 15.806233	 -9.862985	Scatto 30m	4	Braccio
252	 2466900475	 0.9979419324614518	 0.04788610510336666	 -0.028929727948677136	 -0.03133514343270166	 0.1490155563054859	 0.10515972179253982	 -0.14409612105047453	 -1.45068359375	 -0.0810546875	 -0.384521484375	 0.59702945	 -0.005006863	 -0.7508755	 0.2823418	 4.499632	 11.829602	 -3.95402	Scatto 30m	4	Braccio
253	 2466917142	 0.9964193648212438	 0.057500457451622244	 -0.04898860931785748	 -0.037977137322150085	 0.2995750520861068	 -0.060271141971356884	 -0.08440284611190509	 -1.3935546875	 -0.026611328125	 -0.35302734375	 0.5694044	 0.07346174	 -0.7608774	 0.30240345	 0.5796639	 5.247682	 8.460356	Scatto 30m	4	Braccio
254	 2466933809	 0.996094438819376	 0.05062425429394257	 -0.049047859216179386	 -0.053172938009899084	 0.9898691384439282	 -0.31086200505237643	 0.06714482993083598	 -1.33203125	 0.019287109375	 -0.34326171875	 0.5423435	 0.1589912	 -0.76601374	 0.3062816	 -15.066846	 -3.4916172	 50.620266	Scatto 30m	4	Braccio
255	 2466950476	 0.9968488936615175	 0.045663570912909124	 -0.04439254036553771	 -0.04729084326996492	 0.837831736945434	 -0.6195255780361939	 0.12263861403304946	 -1.291259765625	 0.048095703125	 -0.3349609375	 0.5138885	 0.234725	 -0.765424	 0.3081377	 -2.1619763	 -28.647734	 46.200375	Scatto 30m	4	Braccio
256	 2466967143	 0.9980603352985569	 0.034749377389441505	 -0.02894935713314262	 -0.04277829585614851	 0.3938455211149296	 -0.12405539732029096	 -0.016198504274675438	 -1.257568359375	 0.087890625	 -0.338623046875	 0.4957215	 0.2952609	 -0.7571901	 0.30617723	 -2.8935227	 -5.538788	 14.181032	Scatto 30m	4	Braccio
257	 2466983810	 0.999018508246268	 0.030629184362341633	 -0.018417011460506394	 -0.026166523184452287	 0.22961448867787518	 -0.16326012175971322	 0.23157196414282305	 -1.249755859375	 0.11328125	 -0.345947265625	 0.4801474	 0.33700576	 -0.747543	 0.31155285	 -5.170159	 -18.742752	 0.2241764	Scatto 30m	4	Braccio
258	 2467000477	 0.9982932278621882	 0.0449186944846921	 -0.03305040986158043	 -0.01733818036200968	 0.20991295062397342	 -0.3004274303045334	 0.16026877678514304	 -1.217041015625	 0.169921875	 -0.364501953125	 0.44476503	 0.38255775	 -0.74125427	 0.32615322	 5.6639957	 -20.602085	 1.1179247	Scatto 30m	4	Braccio
259	 2467017144	 0.9979044818946556	 0.0501269492953518	 -0.03590627174911996	 -0.019613098122899412	 0.032506332455827985	 -0.19816682673890645	 0.14354159761911908	 -1.173828125	 0.239990234375	 -0.392333984375	 0.40427917	 0.43143755	 -0.73068637	 0.3413469	 6.0554433	 -13.515248	 -9.707003	Scatto 30m	4	Braccio
260	 2467033811	 0.9975857481285271	 0.06115865390266212	 -0.028899963808971255	 -0.015718978195209177	 -0.13965147114213022	 -0.05394045744987511	 0.15720901941256965	 -1.144287109375	 0.324462890625	 -0.444580078125	 0.36094734	 0.47746038	 -0.7117348	 0.36767167	 2.6616821	 -6.306594	 -20.894533	Scatto 30m	4	Braccio
261	 2467050478	 0.998194016079901	 0.05390157534855286	 -0.026517462945682357	 -3.8806719385664495E-4	 -0.17227361348157044	 0.013532708634380133	 0.16715784193774363	 -1.108642578125	 0.410400390625	 -0.5087890625	 0.31556478	 0.50697094	 -0.69873804	 0.3939096	 0.53407484	 -4.2069116	 -23.60027	Scatto 30m	4	Braccio
262	 2467067145	 0.9992457898895799	 0.03222913285096862	 -0.021210684326999688	 0.0043864853817800475	 -0.05756561124644302	 -0.09546517094086937	 0.16024884887472698	 -1.064697265625	 0.468994140625	 -0.559814453125	 0.28216618	 0.5228593	 -0.6931212	 0.40814656	 6.0737023	 -7.7894382	 -16.106606	Scatto 30m	4	Braccio
263	 2467083812	 0.9999073932912892	 -0.0073501831568594245	 -0.00941765385445953	 -0.006518239398596194	 -0.014239511206275035	 -0.2767650913943998	 0.18256024904519175	 -1.051513671875	 0.47119140625	 -0.558837890625	 0.28184178	 0.529843	 -0.6940108	 0.3977196	 16.502447	 -11.002209	 -11.567212	Scatto 30m	4	Braccio
264	 2467100479	 0.9992179519708873	 -0.03667617267118964	 0.012333033932324268	 -0.008138740155739344	 -0.05107708622641727	 -0.2208868990231036	 0.26819577056453053	 -1.0712890625	 0.426025390625	 -0.512939453125	 0.312536	 0.52053857	 -0.69903797	 0.37776554	 14.064023	 -13.746465	 -17.374601	Scatto 30m	4	Braccio
265	 2467117146	 0.9992889248192828	 -0.021772823783199446	 0.030647476675088714	 0.0028846232817277833	 -0.045490473282184696	 -0.026168255080286543	 0.3287979005992205	 -1.109619140625	 0.37890625	 -0.479248046875	 0.34364897	 0.50045925	 -0.69748163	 0.38074335	 1.3747028	 -15.775399	 -21.991999	Scatto 30m	4	Braccio
267	 2467150480	 0.9955742432282899	 0.024320579033921763	 0.08923252580424147	 0.016673091928857745	 -0.061035137668399325	 -0.21572496602790148	 0.5836266552807184	 -1.2099609375	 0.420166015625	 -0.56689453125	 0.38530293	 0.4622577	 -0.6601088	 0.449573	 7.4630914	 -13.541474	 -14.370134	Scatto 30m	4	Braccio
268	 2467167147	 0.998852610060905	 -0.02065067067533735	 0.04269913178023411	 0.006617954396241521	 0.07109382065634502	 -0.26739508005804796	 0.0470219241387204	 -1.257080078125	 0.408935546875	 -0.583740234375	 0.41949093	 0.43083757	 -0.6538152	 0.45927367	 13.90663	 -6.500055	 -2.8903236	Scatto 30m	4	Braccio
271	 2467217148	 0.9875645831453745	 -0.10379014002147452	 0.1180834375921677	 3.2049593109689806E-4	 1.531693202645262	 -0.5675469861005871	 -0.06591017900053642	 -1.4091796875	 0.26025390625	 -0.548583984375	 0.5356964	 0.32932776	 -0.6401346	 0.44136196	 -5.080414	 -2.252998	 39.66119	Scatto 30m	4	Braccio
272	 2467233815	 0.996419249314848	 -0.028357230158695623	 0.07847434269648047	 0.013650078055337855	 0.48004665931473944	 -0.5730090368921574	 -0.35696797064245867	 -1.4892578125	 0.259033203125	 -0.622314453125	 0.5873358	 0.27037945	 -0.6115071	 0.45605993	 33.170654	 7.64405	 26.40319	Scatto 30m	4	Braccio
275	 2467283816	 0.9937222587906182	 -0.08136064224801504	 0.05437338605033263	 0.05422225711351176	 0.5338497710112964	 -0.5918364705506782	 0.31149969801713356	 -1.523681640625	 0.21533203125	 -0.616455078125	 0.6141864	 0.16531584	 -0.62433195	 0.45349246	 -9.436162	 3.671929	 -0.50642776	Scatto 30m	4	Braccio
276	 2467300483	 0.9994547333412191	 -0.007846193262259216	 0.0097474840636951	 0.030555847354506616	 0.22222433087645332	 0.21848548162097337	 -0.12277848501822343	 -1.506103515625	 0.2421875	 -0.619384765625	 0.6075325	 0.1377435	 -0.62548375	 0.4697886	 -8.012203	 17.35031	 -3.5944862	Scatto 30m	4	Braccio
277	 2467317150	 0.9995149661102951	 -0.01000528654462346	 0.009173997611389002	 0.02802792412081107	 0.20930776504212487	 0.20091262625603373	 -0.21992962950494824	 -1.481201171875	 0.270751953125	 -0.619384765625	 0.60142094	 0.11070256	 -0.6270422	 0.48255154	 -3.4489121	 21.246609	 -6.097679	Scatto 30m	4	Braccio
278	 2467333817	 0.9994430859968683	 -0.0238872749365161	 0.014578827988509456	 0.01817618561870163	 0.19871933691376703	 0.17181145909917572	 -0.3144620228295197	 -1.47216796875	 0.275634765625	 -0.6181640625	 0.60440797	 0.07889141	 -0.6303934	 0.48069876	 1.7954733	 24.450937	 -7.9879932	Scatto 30m	4	Braccio
279	 2467350484	 0.9995443740852413	 -0.02821530181694154	 0.006235259707239901	 0.008721382591384443	 0.19766803988508191	 0.3014602731287513	 -0.2262828353151365	 -1.46826171875	 0.251708984375	 -0.59619140625	 0.6064591	 0.054469824	 -0.6396157	 0.46918246	 -6.0369725	 24.738834	 -11.7340145	Scatto 30m	4	Braccio
280	 2467367151	 0.9999021368406342	 -0.008560764835277013	 -0.010888608792295069	 -0.0019667855849223037	 0.11262255440890234	 0.29212730286823574	 -0.15842998326543134	 -1.46044921875	 0.2353515625	 -0.56884765625	 0.60122865	 0.056939583	 -0.64914405	 0.46248707	 -6.0486493	 19.416344	 -15.256323	Scatto 30m	4	Braccio
285	 2467450486	 0.9486425630010177	 0.13049996002671904	 -0.25517328627058766	 -0.13391654890174617	 1.0349744717115326	 -0.9606322940485331	 0.4056869163750391	 -1.260498046875	 0.27001953125	 -0.4580078125	 0.46031243	 0.34448403	 -0.6959629	 0.43020838	 20.873459	 -30.47775	 46.42517	Scatto 30m	4	Braccio
291	 2467550488	 0.9883665005373024	 0.1125364424982663	 -0.08942087723747587	 -0.04971032528118797	 0.8077378101793024	 -1.079271227456546	 0.8414277723609428	 -1.17431640625	 0.395263671875	 -0.537841796875	 0.37410232	 0.47084323	 -0.6555001	 0.45680854	 4.5415487	 -4.7641892	 -18.699741	Scatto 30m	4	Braccio
292	 2467567155	 0.9996796660270878	 0.023578200456182863	 0.007007422887472693	 0.005960689531784635	 -0.1024319264694738	 -0.10516641194530853	 0.050125338152573515	 -1.1728515625	 0.439453125	 -0.58544921875	 0.3645607	 0.47310597	 -0.643268	 0.4790332	 7.5728602	 -2.050532	 -14.82007	Scatto 30m	4	Braccio
293	 2467583822	 0.9999012827528051	 -0.00644580986420204	 0.012344672429123738	 0.001866908435631143	 -0.03074114526821034	 -0.21671616253680806	 0.050942972781463154	 -1.179931640625	 0.440185546875	 -0.59716796875	 0.37443447	 0.46426705	 -0.64125353	 0.48275158	 12.935571	 -3.6739266	 -8.819011	Scatto 30m	4	Braccio
294	 2467600489	 0.999808808848607	 -0.01559912079492326	 0.011787758640398162	 -2.48848127747503E-4	 -0.0482692020310716	 -0.16975789630858068	 0.14458125471041872	 -1.1982421875	 0.41796875	 -0.57861328125	 0.38908505	 0.45346862	 -0.642744	 0.47943643	 10.305426	 -8.758741	 -11.923297	Scatto 30m	4	Braccio
295	 2467617156	 0.9998011231734005	 -0.012229408541708398	 0.012991410922821108	 0.008909484281429072	 -0.07134891296068033	 -0.03031535286034464	 0.19686960347172255	 -1.208251953125	 0.4111328125	 -0.56982421875	 0.398437	 0.4373198	 -0.64609003	 0.48225224	 2.1944637	 -10.788701	 -16.132198	Scatto 30m	4	Braccio
