2	 2527526261	 0.9944032447187022	 -0.02593046465287968	 -0.05899885391584941	 -0.0837193713092666	 0.33020983941887033	 0.13317404965729554	 0.029699085785181184	 -1.64306640625	 0.27587890625	 -1.0595703125	 0.46266815	 0.5803843	 -0.5524877	 -0.37927514	 -1.388315	 -17.716967	 2.1768274	Scatto 30m	3	Braccio
3	 2527542928	 0.9941842359901061	 -0.0017566056050895627	 -0.061243757504441255	 -0.08856535108186749	 0.48355972679040393	 0.15772444015304637	 -0.04933313212789217	 -1.716064453125	 0.125	 -0.942626953125	 0.3981023	 0.5988547	 -0.52835673	 -0.4513612	 3.0515616	 -27.892786	 2.5464783	Scatto 30m	3	Braccio
4	 2527559595	 0.9935042644706187	 0.025950889634561963	 -0.06786847019172672	 -0.08757681519503041	 0.5842974967200311	 0.12737601329046772	 -0.060712505432379965	 -1.747802734375	 -0.021240234375	 -0.8369140625	 0.31043655	 0.6184262	 -0.51736194	 -0.5035027	 2.5906055	 -35.634438	 -4.9026384	Scatto 30m	3	Braccio
5	 2527576262	 0.9932771603390834	 0.044344081876053175	 -0.07447317890669163	 -0.07673220168109701	 0.5585573663967172	 0.095903925077786	 -0.14567169502455596	 -1.7294921875	 -0.1298828125	 -0.72216796875	 0.21210085	 0.6274558	 -0.5203919	 -0.53898513	 4.90811	 -34.74182	 -11.057542	Scatto 30m	3	Braccio
6	 2527592929	 0.9944498136407094	 0.048611561009461166	 -0.07233360156536091	 -0.05894348454889159	 0.5045167772872123	 0.07985302247264431	 -0.2419130146357911	 -1.673828125	 -0.182861328125	 -0.6044921875	 0.11507911	 0.626042	 -0.52771926	 -0.56244195	 7.269751	 -32.821793	 -14.264265	Scatto 30m	3	Braccio
8	 2527626263	 0.9937229058239352	 0.0771048523166476	 -0.07771686178769248	 -0.023015594364154734	 0.5516254316336684	 0.18567130891537614	 -0.6894789766471437	 -1.55908203125	 -0.1298828125	 -0.489013671875	 0.016843775	 0.60274285	 -0.57192445	 -0.5561655	 13.873417	 -18.831974	 -6.199342	Scatto 30m	3	Braccio
10	 2527659597	 0.994205727510474	 0.08441290976605226	 -0.05571577412114965	 0.03640308454346203	 0.7327406380421977	 -0.3264371716988359	 0.6783176837981334	 -1.466064453125	 0.02587890625	 -0.4541015625	 -0.045199215	 0.5519307	 -0.6435545	 -0.5283628	 -19.86284	 12.312558	 -40.82264	Scatto 30m	3	Braccio
14	 2527726265	 0.939688742875808	 0.16637130797645797	 0.22054469635992047	 0.2016573611406157	 -0.10017908299177619	 -0.11967905080899244	 0.6527681910824464	 -1.40380859375	 0.49609375	 -0.91162109375	 0.10629194	 0.49941903	 -0.8110399	 -0.28547665	 -14.644147	 -16.25022	 -23.886728	Scatto 30m	3	Braccio
15	 2527742932	 0.9968907357366892	 0.028686689468368776	 0.07336663664746758	 0.0018087224072137478	 0.39653597114341066	 0.10696900748600967	 0.029366850547328946	 -1.421630859375	 0.52880859375	 -1.06298828125	 0.15777893	 0.5184108	 -0.8102059	 -0.22343391	 -17.042738	 -17.885332	 -9.927323	Scatto 30m	3	Braccio
17	 2527776266	 0.9813501082026979	 0.046267421587746105	 0.18581226771763992	 0.016884667476832708	 -0.06548130620272274	 -0.10923330495722468	 0.36368512404010095	 -1.42919921875	 0.546142578125	 -1.342529296875	 0.29767466	 0.5408187	 -0.7824127	 -0.08207095	 4.3184752	 4.865485	 -33.29007	Scatto 30m	3	Braccio
23	 2527876268	 0.8298068485658452	 -8.746256145669706E-5	 0.4920022720748693	 0.263352142001327	 2.545432070651815	 -2.0324342025802307	 0.40644993361915716	 -0.579345703125	 0.651611328125	 -1.590087890625	 0.6525414	 0.25549743	 -0.63887507	 0.31741068	 -15.942505	 -19.64946	 -7.0114775	Scatto 30m	3	Braccio
30	 2527992937	 0.9854837535062049	 -0.02296272806167321	 0.008195687246102841	 -0.16800986698956444	 1.2062641014935345	 1.3776199990389073	 -1.4958660685156322	 -0.796630859375	 0.72705078125	 -1.482421875	 0.6985635	 0.36574486	 -0.58688384	 0.18386745	 -0.113775246	 10.597504	 8.871801	Scatto 30m	3	Braccio
31	 2528009604	 0.9933228837512603	 0.008457844350480914	 -0.06682508288235885	 -0.09366174129701489	 0.5206510492098153	 0.07473510157527194	 -0.08295570771196915	 -1.002197265625	 0.711181640625	 -1.5	 0.66608745	 0.44159368	 -0.5934677	 0.095492445	 7.930996	 0.88909477	 21.12265	Scatto 30m	3	Braccio
32	 2528026271	 0.9914424645224013	 -0.023661595863244622	 -0.0814343270314594	 -0.09924927608746009	 0.66661001906369	 -0.09932083497765763	 -0.11449001443468304	 -1.23681640625	 0.65576171875	 -1.41943359375	 0.6287695	 0.4925397	 -0.60133165	 -0.021305189	 19.702927	 -14.774249	 22.987667	Scatto 30m	3	Braccio
33	 2528042938	 0.9899657844121992	 -0.055368102471981484	 -0.08698649027854005	 -0.09662023303021318	 0.6800027941566444	 -0.30626766081513324	 -0.2300462466531069	 -1.438720703125	 0.56298828125	 -1.235107421875	 0.59165466	 0.5118786	 -0.60356015	 -0.15375441	 32.184795	 -26.452032	 11.570194	Scatto 30m	3	Braccio
34	 2528059605	 0.9886582077991173	 -0.06937015880007336	 -0.08281039114020287	 -0.10433201013445836	 0.8526922731865139	 -0.12813877165826335	 -0.23420499921996354	 -1.59423828125	 0.406494140625	 -1.00048828125	 0.5500269	 0.51872784	 -0.58720607	 -0.28910407	 26.640388	 -38.056084	 16.945286	Scatto 30m	3	Braccio
35	 2528076272	 0.9906712731377953	 -0.03162763376651709	 -0.0699649678807417	 -0.11258341188344491	 1.01300675382149	 0.18328488808506876	 -0.1420495388073495	 -1.697265625	 0.199951171875	 -0.817138671875	 0.48511362	 0.54563653	 -0.5600571	 -0.39151198	 12.966539	 -50.625546	 24.195877	Scatto 30m	3	Braccio
36	 2528092939	 0.9896479097351257	 0.029418526925885816	 -0.07394890283838515	 -0.11942832494599571	 0.9507027375868213	 0.11541240109107986	 0.006634988418247917	 -1.740478515625	 0.004638671875	 -0.69091796875	 0.37727383	 0.5936555	 -0.54360366	 -0.45796576	 1.6720772	 -55.59966	 4.5972767	Scatto 30m	3	Braccio
37	 2528109606	 0.9868228971045232	 0.080643910383241	 -0.08100466025806817	 -0.11452237547663113	 0.737063995804212	 -0.04694075156711763	 0.07541004257397643	 -1.712158203125	 -0.13525390625	 -0.58935546875	 0.23266177	 0.64150614	 -0.54239404	 -0.49004826	 -3.8590844	 -43.468098	 -18.739902	Scatto 30m	3	Braccio
38	 2528126273	 0.9882331334641733	 0.1289086503202035	 -0.06306471215003474	 -0.05292141227932373	 0.6383837410142386	 0.08087064104907504	 0.08279743640386339	 -1.643310546875	 -0.102783203125	 -0.523681640625	 0.09265061	 0.66164494	 -0.5851933	 -0.45955515	 -9.286905	 -35.95601	 -21.484417	Scatto 30m	3	Braccio
39	 2528142940	 0.9974320090029888	 0.05869798919809238	 -0.032105993211919044	 0.02555657802286188	 0.7031559190234672	 -0.4071173244619173	 -0.21952351569560538	 -1.572021484375	 0.055908203125	 -0.514892578125	 0.052286863	 0.63482106	 -0.63520914	 -0.4367812	 21.60452	 -35.034138	 -39.068386	Scatto 30m	3	Braccio
40	 2528159607	 0.9983160087095901	 -0.04703562557990043	 -0.03229149577427249	 0.010490756937475143	 0.7512800781651783	 -0.36645351062635295	 0.38492890396084234	 -1.519775390625	 0.018798828125	 -0.448974609375	 0.068990424	 0.6117141	 -0.6264544	 -0.47812244	 -5.9212766	 -23.839252	 -59.262093	Scatto 30m	3	Braccio
41	 2528176274	 0.9971292168086375	 0.05828096646312783	 -0.033784727664561864	 0.034572331586810064	 -0.055081405359863195	 -0.11662494698709083	 0.7262763596247512	 -1.43701171875	 0.100830078125	 -0.42333984375	 0.031504992	 0.5764837	 -0.6797048	 -0.45241082	 -23.554014	 26.246977	 -36.55227	Scatto 30m	3	Braccio
42	 2528192941	 0.9965871174954736	 0.04528946689783875	 0.01293600239803064	 0.06779115924758156	 -0.29960672492401264	 -0.02793461810537802	 0.43482999116444987	 -1.356201171875	 0.24560546875	 -0.478271484375	 0.04682494	 0.5346334	 -0.7377524	 -0.40950733	 -7.489157	 29.80192	 -17.70735	Scatto 30m	3	Braccio
43	 2528209608	 0.9939125653358465	 0.06955535156426595	 0.06385740387596923	 0.056763522675301	 0.13747710436961336	 0.011045218502490406	 0.32362901931138066	 -1.3408203125	 0.3955078125	 -0.61865234375	 0.079776704	 0.51867485	 -0.7887517	 -0.32012975	 -13.915287	 4.065262	 -25.154758	Scatto 30m	3	Braccio
44	 2528226275	 0.9939877938057049	 0.07984216994382737	 0.06778925120208591	 0.03190785303634314	 0.1655465537844833	 -0.002902757816763482	 0.23005799429215296	 -1.342529296875	 0.518798828125	 -0.81591796875	 0.10282813	 0.51818687	 -0.8203935	 -0.2187772	 -10.740956	 -2.8063107	 -22.69585	Scatto 30m	3	Braccio
45	 2528242942	 0.9950047887799269	 0.0680071974531577	 0.07206411474153052	 0.01213485748164267	 0.10294226590160532	 0.014425088621950535	 0.054307293298585274	 -1.35595703125	 0.583984375	 -1.021240234375	 0.13086274	 0.5283276	 -0.82969385	 -0.12390816	 -4.738635	 -4.3823643	 -12.61464	Scatto 30m	3	Braccio
46	 2528259609	 0.9960687476875512	 0.037216532434045047	 0.08035807175563954	 -0.002135391639695672	 0.11589923300819503	 0.05998886802865367	 -0.08460303609428864	 -1.36962890625	 0.601806640625	 -1.1845703125	 0.17890206	 0.5430962	 -0.81885666	 -0.050146874	 -4.072567	 -5.177501	 -3.203137	Scatto 30m	3	Braccio
47	 2528276276	 0.9973293463221193	 0.010531367612651332	 0.0711253556969186	 -0.012823768474523269	 -0.03935676643773822	 0.13791473757242212	 -0.03515275058451607	 -1.39208984375	 0.5888671875	 -1.3046875	 0.23193842	 0.5579947	 -0.796761	 -0.0043149986	 -5.63941	 5.7404313	 -6.1056767	Scatto 30m	3	Braccio
48	 2528292943	 0.9972023381086905	 -0.010680332742822762	 0.06908264987298686	 0.026476685018890722	 -0.22254217516661223	 -0.2675911671488403	 0.3894816343062252	 -1.359130859375	 0.60009765625	 -1.35986328125	 0.2934824	 0.5339416	 -0.7923021	 0.032124702	 8.96492	 -0.047966775	 -39.841927	Scatto 30m	3	Braccio
49	 2528309610	 0.9939840465144194	 0.01579696382095619	 0.0984505962731087	 0.04531722964093433	 0.2877781755268115	 -0.7490300639227478	 0.8311826912000321	 -1.232666015625	 0.647705078125	 -1.464599609375	 0.35930467	 0.4973635	 -0.7817117	 0.11160987	 12.927762	 -51.664585	 -54.181416	Scatto 30m	3	Braccio
50	 2528326277	 0.9958534494593344	 0.006618245698677916	 0.08078583028982543	 0.041300794764753346	 1.035908966970014	 -0.2722829738017911	 0.5019662620062476	 -1.107666015625	 0.67041015625	 -1.532470703125	 0.41382962	 0.45548335	 -0.76815236	 0.17669713	 -14.945677	 -67.05559	 7.9941463	Scatto 30m	3	Braccio
51	 2528342944	 0.9932724413824157	 -0.005243618823006835	 0.10957562085924054	 0.03708834001632375	 0.1406692021659123	 -0.9010182400162693	 -0.2549597537801541	 -0.968994140625	 0.677978515625	 -1.595703125	 0.49595505	 0.3991905	 -0.7316279	 0.24371335	 50.97129	 -22.866968	 0.52304935	Scatto 30m	3	Braccio
52	 2528359611	 0.9929891327583245	 -0.0782757262338295	 0.07687535752451909	 0.04399627611417306	 -0.004085883342857949	 -0.42738737229320384	 0.45288723266997405	 -0.834228515625	 0.71630859375	 -1.465087890625	 0.56754756	 0.30289268	 -0.72508097	 0.24577104	 6.949603	 -34.95285	 -21.032513	Scatto 30m	3	Braccio
53	 2528376278	 0.9937205326734481	 -0.06304063439493535	 0.08274574817335478	 0.041213135254605855	 0.4979086732311254	 0.3186540041852257	 0.36055720452558543	 -0.708740234375	 0.7294921875	 -1.311279296875	 0.631852	 0.21062593	 -0.70107466	 0.2547437	 -33.64106	 -6.283119	 13.740129	Scatto 30m	3	Braccio
54	 2528392945	 0.9966872117491716	 -0.05317936480273572	 0.0586091254885732	 0.018749066758216013	 0.6060289570958698	 0.39946683559001134	 -0.2363478784390842	 -0.657958984375	 0.719970703125	 -1.169677734375	 0.6796487	 0.14566544	 -0.6757153	 0.2454953	 -7.7101607	 28.978054	 24.806973	Scatto 30m	3	Braccio
55	 2528409612	 0.998721770658826	 -0.03306806158817649	 0.036901825946788515	 -0.00997914609037376	 0.29977038307970344	 0.3123479007580352	 -0.37755007806198243	 -0.66796875	 0.707763671875	 -1.076416015625	 0.71272457	 0.12118938	 -0.6539193	 0.22299504	 8.708724	 30.192995	 4.3436356	Scatto 30m	3	Braccio
56	 2528426279	 0.9990737544634167	 -0.009937506324467993	 0.007047055877671362	 -0.04127006316788044	 0.07163807950124376	 0.49574359643846955	 -0.34659234818411727	 -0.738037109375	 0.70849609375	 -1.035888671875	 0.7270071	 0.14210817	 -0.6450413	 0.18758377	 4.282625	 36.259346	 -11.39974	Scatto 30m	3	Braccio
57	 2528442946	 0.9978786486807124	 0.005314193109801746	 -0.01783337138110728	 -0.062385356646657196	 0.020238337291927602	 0.5324624072071046	 -0.29235239177276184	 -0.85009765625	 0.7080078125	 -1.042724609375	 0.72358865	 0.19393495	 -0.6472245	 0.14110059	 1.0531617	 36.403442	 -11.6670475	Scatto 30m	3	Braccio
58	 2528459613	 0.9961795147824963	 0.014898319582993536	 -0.038644175130855364	 -0.07688330202175819	 0.22861097537605427	 0.38734298588821914	 -0.2122992433179572	 -0.98095703125	 0.698486328125	 -1.060791015625	 0.7014185	 0.26515877	 -0.6561884	 0.08437906	 2.2847447	 25.64656	 5.27209	Scatto 30m	3	Braccio
59	 2528476280	 0.9931415197355	 0.023752892501475276	 -0.05844416608664834	 -0.09843780435234793	 0.4394193259828165	 0.24384509959401246	 -0.12422352115271307	 -1.148193359375	 0.659912109375	 -1.07373046875	 0.6569462	 0.35558334	 -0.6647082	 0.012064554	 2.9063292	 9.531202	 19.604439	Scatto 30m	3	Braccio
60	 2528492947	 0.9905132523075025	 0.012569397234407309	 -0.07688116985157416	 -0.11320244245876904	 0.6711574372958673	 0.13088498144703495	 -0.029433877941787374	 -1.330078125	 0.5771484375	 -1.044921875	 0.59289324	 0.4417389	 -0.66813403	 -0.08331488	 2.264222	 -12.101551	 29.363922	Scatto 30m	3	Braccio
61	 2528509614	 0.9902878422082676	 -0.019996005425984953	 -0.08056815263766576	 -0.11152991581656875	 0.7618320284637241	 -0.044438682645940863	 -0.08087648126173066	 -1.480224609375	 0.439208984375	 -0.928955078125	 0.5301946	 0.49682567	 -0.65798056	 -0.197787	 9.717314	 -31.266136	 22.55885	Scatto 30m	3	Braccio
62	 2528526281	 0.990617545556377	 -0.03871187927605007	 -0.0719336046693515	 -0.10956197040054085	 0.837340950066744	 -0.1020724315141755	 -0.21874472914988813	 -1.569580078125	 0.2587890625	 -0.77197265625	 0.47402135	 0.53145117	 -0.6284537	 -0.31290522	 17.200254	 -42.47722	 15.359123	Scatto 30m	3	Braccio
68	 2528626283	 0.8695266388161781	 0.146131540629462	 -0.33823588828127465	 -0.328885209611008	 3.2714021349952613	 -1.8335915544408785	 0.12002657869553424	 -1.396240234375	 -0.05517578125	 -0.38330078125	 0.032514427	 0.6446058	 -0.5983194	 -0.47480553	 5.2260346	 -22.604628	 -49.710495	Scatto 30m	3	Braccio
69	 2528642950	 0.9986097306758277	 0.045027778733637364	 -0.006330035310813595	 0.02666525069878745	 0.05117458927542459	 -0.06114820813550219	 0.4311765149560594	 -1.37060546875	 0.01171875	 -0.394775390625	 0.014588531	 0.62742406	 -0.63969755	 -0.44374922	 -14.588975	 11.932725	 -28.168257	Scatto 30m	3	Braccio
70	 2528659617	 0.9977122282004581	 0.04842685551602305	 0.012548873405620416	 0.045471696035630005	 -0.25621042230634417	 -0.2202627776019866	 0.4187808582503861	 -1.346923828125	 0.129638671875	 -0.43603515625	 0.013833059	 0.60356236	 -0.6901078	 -0.39908984	 -0.76134056	 28.618427	 -24.736197	Scatto 30m	3	Braccio
71	 2528676284	 0.9956115878300874	 0.06759312212670465	 0.04156909410110638	 0.04960591129321002	 -0.04276585892498819	 -0.10657814308346314	 0.36662187964509857	 -1.34033203125	 0.272705078125	 -0.539306640625	 0.021094523	 0.5847333	 -0.7440307	 -0.32258424	 -5.066363	 14.17969	 -27.264818	Scatto 30m	3	Braccio
72	 2528692951	 0.9944041623062974	 0.06589820163554683	 0.06679923907939979	 0.04853504576617662	 0.08746087805658859	 -0.20687125458165656	 0.20804246110400082	 -1.348388671875	 0.407470703125	 -0.694091796875	 0.047127992	 0.56875306	 -0.78820515	 -0.23028612	 3.8628442	 -0.29218015	 -27.768251	Scatto 30m	3	Braccio
73	 2528709618	 0.9952168566758534	 0.036117191502986146	 0.08304200413904833	 0.03664672174616541	 0.11023117120127256	 -0.0358689140580689	 0.027160119382545013	 -1.360595703125	 0.4921875	 -0.845458984375	 0.099383205	 0.558632	 -0.80964595	 -0.1500897	 -0.9702101	 -6.1000376	 -13.401341	Scatto 30m	3	Braccio
74	 2528726285	 0.9948386437462424	 0.02323471031536678	 0.09498748961357263	 0.02708501361655863	 0.12521233856245415	 0.10375392516469435	 -3.955381940906576E-4	 -1.369873046875	 0.540283203125	 -0.98974609375	 0.16637725	 0.55102694	 -0.8144819	 -0.072851375	 -8.112957	 -4.9618726	 -7.632563	Scatto 30m	3	Braccio
75	 2528742952	 0.9967779923693569	 0.009072089640562414	 0.07820086285385865	 0.015360864773173057	 0.14487175160564617	 0.12460892515490558	 0.11092973005040703	 -1.365966796875	 0.56689453125	 -1.105712890625	 0.22588274	 0.5445404	 -0.8075471	 -0.017900513	 -11.804714	 -5.586071	 -12.090378	Scatto 30m	3	Braccio
76	 2528759619	 0.9975224007437139	 -0.006495858237488161	 0.06732004002499321	 0.019361716124589146	 0.039816233775484586	 0.08606862098136515	 0.42090296019756734	 -1.365234375	 0.581298828125	 -1.170166015625	 0.28456444	 0.52783376	 -0.8000262	 0.019313736	 -14.995994	 -5.5298767	 -30.175495	Scatto 30m	3	Braccio
77	 2528776286	 0.9939514263092092	 0.032486773089285936	 0.08380342355245576	 0.06310434147522316	 -0.04516051640578339	 -0.9573996470765488	 0.36990243921850136	 -1.2666015625	 0.635986328125	 -1.281005859375	 0.33327335	 0.4824076	 -0.8027716	 0.10848875	 40.07342	 -30.582552	 -45.28685	Scatto 30m	3	Braccio
78	 2528792953	 0.9952687898207828	 0.02254047089245298	 0.08190903690182437	 0.04714735257081054	 0.7283562741527476	 -0.5956594624475319	 0.5067577049415218	 -1.146728515625	 0.6708984375	 -1.418212890625	 0.3810316	 0.44096065	 -0.79126287	 0.18512675	 3.5424318	 -64.0227	 -9.762016	Scatto 30m	3	Braccio
79	 2528809620	 0.9953178843175128	 -0.0025138754003570796	 0.08491152886464624	 0.04610880451768488	 0.25067356384804484	 -0.5904999719589351	 0.14430595904507884	 -1.023193359375	 0.69580078125	 -1.458740234375	 0.44007164	 0.38434294	 -0.774291	 0.24308698	 21.085238	 -32.99265	 -4.983851	Scatto 30m	3	Braccio
80	 2528826287	 0.9947245735325122	 -0.04709159445893607	 0.07927525721519259	 0.04495373327480001	 0.2524240665804555	 -0.33487002922918035	 0.2827909669362762	 -0.90283203125	 0.71630859375	 -1.419189453125	 0.50630724	 0.3054458	 -0.76270664	 0.2619822	 3.0484145	 -29.616182	 -3.9367008	Scatto 30m	3	Braccio
81	 2528842954	 0.993955288445055	 -0.07233257265016452	 0.07216497482520859	 0.040163415123632536	 0.5673933343033124	 0.1570879822033218	 0.36103706844822175	 -0.7939453125	 0.732421875	 -1.26318359375	 0.56994665	 0.21503572	 -0.75136125	 0.25372654	 -30.464409	 -15.545218	 13.582012	Scatto 30m	3	Braccio
82	 2528859621	 0.9957586293528451	 -0.05001353746942233	 0.0737496768483145	 0.022899417108457526	 0.7236090671319443	 0.6020166803213354	 -0.05202204217639689	 -0.74560546875	 0.7236328125	 -1.1337890625	 0.6297488	 0.14768395	 -0.7209156	 0.24877056	 -30.881548	 29.04278	 27.63158	Scatto 30m	3	Braccio
83	 2528876288	 0.9979630498143678	 -0.0259406457940472	 0.05816756950733105	 -0.0036562219029142866	 0.2793049406485096	 0.277938558474766	 -0.4593806001875332	 -0.7529296875	 0.71533203125	 -1.06494140625	 0.6778661	 0.11916443	 -0.68528134	 0.23808996	 11.611422	 30.65714	 5.805501	Scatto 30m	3	Braccio
84	 2528892955	 0.9988811286620055	 -0.02152934370151066	 0.03376000801491965	 -0.025164260798461013	 0.1389838860448763	 0.6807067073681907	 -0.3617263453609214	 -0.807373046875	 0.7099609375	 -1.01025390625	 0.7099987	 0.11502916	 -0.6619536	 0.21092048	 -1.3408211	 46.970745	 -9.0588	Scatto 30m	3	Braccio
85	 2528909622	 0.9988208034654427	 0.008094802218248931	 0.0024744090603076724	 -0.0478053767007157	 0.13250857374549052	 0.6308813769918269	 -0.2920066632856021	 -0.89697265625	 0.709228515625	 -1.010986328125	 0.72039014	 0.15505552	 -0.6511835	 0.18153773	 -1.1970837	 42.39925	 -7.851324	Scatto 30m	3	Braccio
86	 2528926289	 0.9966328952290582	 0.031614092095242796	 -0.023411098806740468	 -0.07193984835263226	 0.26286533332432893	 0.28401650042010135	 -0.16957104433722597	 -1.020751953125	 0.700439453125	 -1.066162109375	 0.7103841	 0.23294045	 -0.64832705	 0.14410199	 2.4471734	 20.599352	 4.7581024	Scatto 30m	3	Braccio
87	 2528942956	 0.9946877086699824	 0.031533568453153416	 -0.0423017431285563	 -0.08838868032591198	 0.39487943889325805	 0.1920572490592553	 -0.026483884507817777	 -1.17822265625	 0.66748046875	 -1.10693359375	 0.6832221	 0.32206094	 -0.64925635	 0.08916729	 -1.6840279	 8.096105	 15.251572	Scatto 30m	3	Braccio
88	 2528959623	 0.9924375143936095	 0.03463517084880252	 -0.05626119026242738	 -0.10345464433636226	 0.5223633454469436	 0.1366546543236968	 -0.09200031436674586	 -1.35498046875	 0.59033203125	 -1.12548828125	 0.6378665	 0.41946813	 -0.6455623	 0.020549119	 4.5858393	 -0.09916778	 22.728863	Scatto 30m	3	Braccio
89	 2528976290	 0.9919611305628317	 6.64443664755543E-4	 -0.069861535838318	 -0.10550848201654951	 0.6125037672439162	 -0.1504297685786145	 -0.21496471257718963	 -1.52783203125	 0.46142578125	 -1.06640625	 0.5875072	 0.48942	 -0.6398678	 -0.076634295	 21.604763	 -17.707844	 18.78748	Scatto 30m	3	Braccio
90	 2528992957	 0.9920058725284383	 -0.0361684050146798	 -0.0721174119226018	 -0.09703233608118317	 0.6839261403443346	 -0.12287691106073281	 -0.2382884174304113	 -1.644287109375	 0.2978515625	 -0.9140625	 0.5445946	 0.5236292	 -0.6268606	 -0.19046052	 22.65475	 -26.402863	 17.247595	Scatto 30m	3	Braccio
91	 2529009624	 0.9925667769846355	 -0.02391835185223165	 -0.06676389741549175	 -0.09890241489922942	 0.9156051499307511	 0.1606497058090392	 -0.20631495569159033	 -1.7021484375	 0.106201171875	 -0.760498046875	 0.4901553	 0.5584434	 -0.6031141	 -0.2900731	 14.190599	 -39.68651	 28.757301	Scatto 30m	3	Braccio
92	 2529026291	 0.9924802053305696	 0.02119636061869241	 -0.06184289805818849	 -0.1034853239994792	 0.9090810661236526	 0.1874223671847302	 -0.15274689391685156	 -1.719970703125	 -0.068603515625	 -0.66357421875	 0.40610063	 0.6108933	 -0.57886815	 -0.3560949	 9.565809	 -47.976208	 18.33436	Scatto 30m	3	Braccio
93	 2529042958	 0.9908494667167287	 0.05280841704596352	 -0.07360145762812803	 -0.1000571378327846	 0.9299263524748118	 0.0563481786221216	 -0.028167622183880275	 -1.67822265625	 -0.188232421875	 -0.554443359375	 0.29212192	 0.65975505	 -0.56344527	 -0.40238988	 4.371475	 -55.402805	 -3.5890803	Scatto 30m	3	Braccio
94	 2529059625	 0.9921064692776325	 0.09649841127643578	 -0.05812750433207178	 -0.05508178899345079	 0.87809242159965	 0.3240767597971642	 4.8366195301439985E-4	 -1.60986328125	 -0.195556640625	 -0.4697265625	 0.17312558	 0.69131005	 -0.5812831	 -0.39271885	 -7.7406487	 -55.261173	 -3.4835887	Scatto 30m	3	Braccio
95	 2529076292	 0.9957530598821742	 0.08370415819875426	 -0.035540445727734384	 0.014364343110603974	 0.7880966712636488	 -0.49547625256698724	 -0.1278610436332032	 -1.543701171875	 -0.03076171875	 -0.4599609375	 0.10308777	 0.6809535	 -0.63089776	 -0.35727215	 26.379423	 -38.7513	 -41.132156	Scatto 30m	3	Braccio
96	 2529092959	 0.9988391804120313	 -0.039781223657081616	 -0.027160809131583228	 1.9069736349708322E-4	 0.5036870801557652	 -0.5128178907484537	 0.37234729672914424	 -1.495849609375	 -0.070556640625	 -0.40234375	 0.11595001	 0.6672238	 -0.6225458	 -0.39217958	 9.074508	 -16.381084	 -54.627586	Scatto 30m	3	Braccio
97	 2529109626	 0.9987665531893082	 0.03943799557426142	 -0.005923419637399702	 0.029579212890688714	 -0.0873138683361866	 0.0041741706067522505	 0.5151564887543878	 -1.4609375	 -0.01416015625	 -0.39208984375	 0.099431925	 0.65131545	 -0.6605972	 -0.3598792	 -20.306292	 14.812486	 -28.551346	Scatto 30m	3	Braccio
98	 2529126293	 0.9965383207091117	 0.05697880531727781	 5.576303744043444E-4	 0.060534949832677376	 -0.17209496592900006	 -0.12372640138158925	 0.5947408136188633	 -1.4150390625	 0.133544921875	 -0.443115234375	 0.085583486	 0.6154631	 -0.71991867	 -0.30918914	 -14.162894	 22.503574	 -36.794785	Scatto 30m	3	Braccio
99	 2529142960	 0.9958904280006496	 0.07091726029877549	 0.01913053634944673	 0.05298131923028299	 0.1863711744385604	 -0.2842724205327515	 0.38016496951902484	 -1.366455078125	 0.29541015625	 -0.52587890625	 0.07256381	 0.5871401	 -0.7706069	 -0.23699412	 0.15799153	 -3.7890394	 -40.17464	Scatto 30m	3	Braccio
100	 2529159627	 0.9960573867817077	 0.06960537841707232	 0.040465245028397885	 0.037246979445362205	 0.18561361509021868	 -0.053581354286110564	 0.0045641197445408545	 -1.35009765625	 0.42822265625	 -0.669677734375	 0.072022215	 0.5711607	 -0.8033116	 -0.15257327	 -0.65196985	 -11.037226	 -13.304584	Scatto 30m	3	Braccio
101	 2529176294	 0.9963450194981132	 0.044185905269531034	 0.06751894061681207	 0.02802499874754594	 -0.03347573084158524	 0.11878971967148894	 -0.047797124435841984	 -1.358154296875	 0.5166015625	 -0.81005859375	 0.10571972	 0.56036705	 -0.81826127	 -0.07252984	 -4.872415	 3.5892532	 -4.670742	Scatto 30m	3	Braccio
102	 2529192961	 0.9972456690602665	 0.01447220896805207	 0.06958229774029447	 0.02121166069188085	 -0.21081471496705503	 0.11576334089589806	 0.0698849600490718	 -1.370849609375	 0.554443359375	 -0.9208984375	 0.15634789	 0.5483988	 -0.82130533	 -0.016485654	 -2.9067807	 14.294122	 -13.423347	Scatto 30m	3	Braccio
103	 2529209628	 0.9982382105131011	 -0.0016390346650226872	 0.05462943748451538	 0.023095739803989938	 -0.031050540198384616	 -0.03553157581158383	 0.34301432529324427	 -1.369873046875	 0.578125	 -0.981201171875	 0.20232333	 0.529703	 -0.82350785	 0.01773883	 -3.1149082	 -2.1582663	 -30.238693	Scatto 30m	3	Braccio
104	 2529226295	 0.9957817667441025	 0.03643430416111881	 0.07359107578228109	 0.04093370329563961	 0.1822718491867247	 -0.2546886356130861	 0.6128066184232384	 -1.329833984375	 0.626708984375	 -1.098876953125	 0.24222156	 0.5004681	 -0.82552385	 0.09680302	 -2.060292	 -25.152729	 -42.49324	Scatto 30m	3	Braccio
105	 2529242962	 0.9947253222138859	 0.050862287014267094	 0.08038830653670467	 0.038370317672909666	 0.4899360565571294	 -0.5233141564418554	 0.5011449863283933	 -1.260009765625	 0.6708984375	 -1.2705078125	 0.27887404	 0.47112334	 -0.8148915	 0.19032592	 7.057351	 -50.130768	 -23.637945	Scatto 30m	3	Braccio
106	 2529259629	 0.9950812307146211	 0.013399188869601841	 0.09131866263574172	 0.035982049295882224	 0.20254470824246204	 -0.8875320723174123	 0.07034457709947228	 -1.16943359375	 0.697509765625	 -1.3984375	 0.33998486	 0.42563015	 -0.7981472	 0.25731346	 40.508663	 -36.175495	 -2.6330757	Scatto 30m	3	Braccio
107	 2529276296	 0.9940373771577306	 -0.06296707043905664	 0.08244809716596037	 0.0335730863552205	 0.27478804202207424	 -0.5929040654552674	 0.25538281126799	 -1.07861328125	 0.729736328125	 -1.356689453125	 0.4216841	 0.35274786	 -0.79470944	 0.2572714	 18.721212	 -36.955723	 -2.339861	Scatto 30m	3	Braccio
108	 2529292963	 0.9922887006126158	 -0.09191044638344881	 0.07359125405250559	 0.03872895311135299	 0.5882712496009561	 0.09615688529204747	 0.42161853304746155	 -0.99365234375	 0.7490234375	 -1.18505859375	 0.49872655	 0.2601438	 -0.79410326	 0.23021083	 -30.869663	 -26.296507	 6.7557697	Scatto 30m	3	Braccio
109	 2529309630	 0.994599215985225	 -0.061991766952289085	 0.07744941804012861	 0.03051242430476334	 0.7297370883807958	 0.5485037618095466	 0.03879172718387089	 -0.938232421875	 0.7373046875	 -1.052734375	 0.56751233	 0.184249	 -0.7717205	 0.22006713	 -38.805927	 15.818072	 25.533623	Scatto 30m	3	Braccio
110	 2529326297	 0.9973438356756363	 -0.03326772028351943	 0.06442078365674452	 0.0069638250981428895	 0.3877581809329667	 0.3016767574181956	 -0.4293275896479611	 -0.934814453125	 0.72119140625	 -0.9873046875	 0.62233686	 0.14477122	 -0.7392126	 0.2128452	 4.213799	 28.62301	 16.556374	Scatto 30m	3	Braccio
111	 2529342964	 0.9984444705127137	 -0.03367447628807502	 0.04154711630017812	 -0.015764075502551576	 0.21738003467369763	 0.6601106171112887	 -0.3595762588143245	 -0.982421875	 0.69775390625	 -0.927978515625	 0.6615923	 0.12688237	 -0.7153198	 0.18577996	 -2.8039155	 45.731422	 0.43370056	Scatto 30m	3	Braccio
112	 2529359631	 0.9990511734763214	 0.001550599311135381	 0.008650077091255757	 -0.04265588568623083	 0.205543985234713	 0.6896881248896938	 -0.3176483101759755	 -1.06201171875	 0.677001953125	 -0.91015625	 0.6756846	 0.1585851	 -0.7019206	 0.16002738	 -1.655124	 46.241985	 -0.5050535	Scatto 30m	3	Braccio
114	 2529392965	 0.9858801202604519	 0.05771643467486254	 -0.04616579471915288	 -0.15025951231655243	 0.48375856743185186	 0.24763604323895064	 -0.31294684145441853	 -1.319580078125	 0.607421875	 -0.9931640625	 0.64791757	 0.31421328	 -0.68830025	 0.08784008	 1.4640089	 5.1549625	 5.3601036	Scatto 30m	3	Braccio
115	 2529409632	 0.994634173881403	 0.015308580546789075	 -0.044426306123160376	 -0.09216729806798381	 0.377549016662304	 0.15971485421091383	 -0.09441170338164932	 -1.452392578125	 0.514404296875	 -0.971923828125	 0.61611164	 0.39266568	 -0.6823898	 0.02375967	 0.3457933	 3.2041507	 15.220217	Scatto 30m	3	Braccio
116	 2529426299	 0.9925225658197406	 0.004228151440835992	 -0.057993895438140326	 -0.10732095399269409	 0.532925417010064	 0.0438235523678325	 -0.1313293078813274	 -1.58642578125	 0.3720703125	 -0.909912109375	 0.5715417	 0.4695582	 -0.6700236	 -0.06263958	 7.1539445	 -10.434395	 20.705912	Scatto 30m	3	Braccio
117	 2529442966	 0.992212245010501	 -0.01144393229449459	 -0.0645465859863898	 -0.10591333958648597	 0.5962151202729353	 0.05886320801944925	 -0.17930926466977057	 -1.67724609375	 0.196044921875	 -0.79345703125	 0.52118903	 0.52846813	 -0.6507185	 -0.16015312	 10.259679	 -18.32807	 21.27842	Scatto 30m	3	Braccio
118	 2529459633	 0.9931180782324711	 2.007013216414593E-4	 -0.06224759390413432	 -0.09920523907520717	 0.8107534621489558	 0.1544275223156269	 -0.25979058657618204	 -1.709228515625	 0.01513671875	 -0.675048828125	 0.45975062	 0.58131033	 -0.6261571	 -0.24214655	 13.292957	 -32.648857	 28.298012	Scatto 30m	3	Braccio
119	 2529476300	 0.9937401731446007	 0.018096016786963452	 -0.058052511650631446	 -0.09371717209795806	 0.8589207886412148	 0.13773576470824744	 -0.2867101709528382	 -1.692138671875	 -0.13037109375	 -0.581787109375	 0.38635302	 0.63197905	 -0.5992774	 -0.30364543	 15.596541	 -43.244186	 20.29913	Scatto 30m	3	Braccio
120	 2529492967	 0.9932280453442385	 0.028213795366056317	 -0.066550955781301	 -0.09095604420433556	 0.8594915503089947	 0.007347205518523137	 -0.0457341589912342	 -1.63330078125	 -0.2451171875	 -0.483642578125	 0.2981291	 0.67402107	 -0.5731513	 -0.35820726	 7.111628	 -50.780228	 -3.6676602	Scatto 30m	3	Braccio
121	 2529509634	 0.9942333339170143	 0.06562042058908792	 -0.06266764556032119	 -0.05715596495463854	 0.7461368334551116	 0.4217357876894179	 -0.03113280952491082	 -1.533935546875	 -0.2705078125	 -0.394287109375	 0.19654198	 0.70087886	 -0.5752004	 -0.37320858	 -8.770658	 -48.22906	 5.8357058	Scatto 30m	3	Braccio
122	 2529526301	 0.9937924788374612	 0.10427429694013923	 -0.037503107258952235	 0.009843624823070718	 0.883462126061352	 -0.363180511147787	 0.04031493456578861	 -1.455810546875	 -0.092529296875	 -0.37353515625	 0.106257945	 0.69786346	 -0.6266564	 -0.33014804	 15.77806	 -44.78906	 -41.991405	Scatto 30m	3	Braccio
123	 2529542968	 0.9997826637115032	 -0.001323665972623872	 -0.02076173195310384	 -0.0013504579341091507	 0.3392142477756891	 -0.5363408165567882	 0.4113793890570395	 -1.402587890625	 -0.060302734375	 -0.35302734375	 0.0959818	 0.6922236	 -0.6296116	 -0.3394163	 11.269849	 -7.019104	 -53.202385	Scatto 30m	3	Braccio
124	 2529559635	 0.9988668859568598	 0.04154392255432732	 1.0583224226798362E-5	 0.02321737551147668	 -0.351968934892218	 -0.05915436647534879	 0.5094539702845692	 -1.386962890625	 0.01025390625	 -0.37060546875	 0.07652919	 0.6816566	 -0.6608718	 -0.30452597	 -14.657709	 29.260618	 -27.752851	Scatto 30m	3	Braccio
125	 2529576302	 0.9974468123355412	 0.05774805137823824	 2.2163042726897064E-5	 0.04201212482704864	 -0.2997280065304983	 -0.3857345902954562	 0.6165222640374555	 -1.3505859375	 0.13916015625	 -0.410400390625	 0.050498918	 0.6572536	 -0.7063897	 -0.25783965	 1.7853518	 30.475294	 -45.804905	Scatto 30m	3	Braccio
126	 2529592969	 0.9951591915371737	 0.08032687529235599	 0.035055528927550296	 0.044462191763957326	 0.008085335636382252	 -0.37893097547292715	 0.19172024091644663	 -1.333251953125	 0.2998046875	 -0.52294921875	 0.03329127	 0.6364286	 -0.7513914	 -0.17105918	 15.765953	 2.8243344	 -29.634274	Scatto 30m	3	Braccio
127	 2529609636	 0.9960234788547011	 0.05578481380958966	 0.055345616534939586	 0.041977932878783326	 0.331717669924775	 0.0098324153295037	 -0.09440591193155601	 -1.33154296875	 0.42529296875	 -0.666748046875	 0.04535166	 0.6143688	 -0.78275746	 -0.088232405	 -2.7762034	 -20.395624	 -7.6048	Scatto 30m	3	Braccio
128	 2529626303	 0.9964854743520599	 0.02028414909777737	 0.07508294400405681	 0.031109551915980638	 0.18869162462752176	 0.0921751796498764	 -0.0426113085763453	 -1.3486328125	 0.492431640625	 -0.7880859375	 0.09383989	 0.5958553	 -0.7973209	 -0.02073237	 -7.548736	 -9.910533	 -6.635609	Scatto 30m	3	Braccio
129	 2529642970	 0.9981940753053602	 -2.548755535112801E-4	 0.053755826441099	 0.026811083293357855	 0.09935418421600162	 0.08639800855697816	 0.2013465878123115	 -1.3525390625	 0.52197265625	 -0.85595703125	 0.13728525	 0.57488126	 -0.806456	 0.017121967	 -8.625913	 -5.1796675	 -20.162458	Scatto 30m	3	Braccio
130	 2529659637	 0.997724162724295	 0.0066314867020828006	 0.05424416009234934	 0.03949796951870105	 -0.036089447685917056	 0.04917652886104908	 0.39892979784236104	 -1.328369140625	 0.556640625	 -0.90869140625	 0.1765525	 0.5420705	 -0.81922454	 0.062128503	 -6.9264646	 -1.5221552	 -32.964474	Scatto 30m	3	Braccio
131	 2529676304	 0.9932930943752023	 0.058760438594394476	 0.08325795583998775	 0.0546273952525338	 0.18750002139974278	 -0.4747024765040462	 0.5795685596668527	 -1.267822265625	 0.634521484375	 -1.06396484375	 0.20876142	 0.4992673	 -0.82410383	 0.16734396	 14.244966	 -31.555334	 -40.605995	Scatto 30m	3	Braccio
132	 2529692971	 0.9931901792106413	 0.07393727154832594	 0.07950825303161237	 0.04224908869294591	 0.6143999791592915	 -0.7894483181645708	 0.5311332181840196	 -1.186767578125	 0.6787109375	 -1.28369140625	 0.2292649	 0.4632923	 -0.8092384	 0.2791617	 21.377985	 -64.31326	 -14.79171	Scatto 30m	3	Braccio
133	 2529709638	 0.9939038990961887	 -0.00893776311247474	 0.1058722716088703	 0.029431579235848052	 0.3629185104385029	 -0.8390296317203314	 -0.06697373679369722	 -1.100830078125	 0.69970703125	 -1.38525390625	 0.3099921	 0.4043399	 -0.7942565	 0.33101475	 34.4559	 -31.531452	 19.222643	Scatto 30m	3	Braccio
134	 2529726305	 0.9912681987626477	 -0.09940386324824318	 0.08270361638715233	 0.025813599703785717	 0.4023214132389087	 -0.38283269875438175	 0.3322582937940297	 -1.0322265625	 0.720947265625	 -1.25	 0.40418392	 0.3209588	 -0.803694	 0.29613653	 3.3443592	 -36.34797	 3.4273224	Scatto 30m	3	Braccio
135	 2529742972	 0.9931844181063607	 -0.07809130169730466	 0.07987307890688493	 0.03326787483270694	 0.5347335948209371	 0.28213551551914856	 0.4520065272910547	 -0.97412109375	 0.71728515625	 -1.080078125	 0.48055312	 0.23537639	 -0.79845554	 0.27592683	 -40.268444	 -18.269398	 -0.010869026	Scatto 30m	3	Braccio
136	 2529759639	 0.9959820476947664	 -0.03545495439814128	 0.08076556070112705	 0.015480022060651855	 0.5371771113718479	 0.2918365061436147	 -0.151826849369228	 -0.95947265625	 0.70654296875	 -1.01904296875	 0.5482373	 0.18149498	 -0.7677608	 0.27755848	 -19.182043	 15.663269	 18.73649	Scatto 30m	3	Braccio
137	 2529776306	 0.9974654436204929	 -0.03845564346704744	 0.05983018151720007	 -0.0020497922156986763	 0.29853825038933146	 0.3290909347838211	 -0.4128267766454494	 -0.9931640625	 0.68896484375	 -0.961669921875	 0.60163057	 0.14437118	 -0.7411887	 0.26045543	 0.9149179	 31.463543	 8.4456005	Scatto 30m	3	Braccio
138	 2529792973	 0.9987810075542763	 -0.03277712057482213	 0.03178356161953349	 -0.01876071764260223	 0.18252411981307265	 0.9181259823269213	 -0.4600756901813055	 -1.03759765625	 0.65771484375	 -0.899658203125	 0.63499767	 0.13043855	 -0.7254085	 0.23140039	 -9.064545	 61.86831	 -7.2502193	Scatto 30m	3	Braccio
143	 2529876308	 0.8984603225571943	 0.07459609405020831	 -0.15796220159743893	 -0.40280567822383656	 1.9362695115804938	 0.22332564656412124	 -0.7365037977396592	 -1.601806640625	 0.307861328125	 -0.869384765625	 0.53839993	 0.50317	 -0.6758021	 -0.0154030025	 10.254595	 -12.533042	 19.916954	Scatto 30m	3	Braccio
145	 2529909642	 0.9698023575311466	 -0.012560534013950637	 -0.1388635093173755	 -0.2001063369620704	 1.4620388356328404	 -0.02755036879326389	 -0.18591345764539435	 -1.670654296875	 -0.038818359375	 -0.622314453125	 0.4295363	 0.61750066	 -0.62825024	 -0.19872966	 8.490937	 -33.75015	 27.835243	Scatto 30m	3	Braccio
146	 2529926309	 0.9931435665009094	 0.022807245305480547	 -0.06780919010229648	 -0.09245322934922356	 0.8743945032932288	 0.09985158849508619	 -0.12527684875118156	 -1.62890625	 -0.16845703125	 -0.523681640625	 0.35090673	 0.6687341	 -0.6006829	 -0.26237303	 9.15933	 -46.554783	 14.549025	Scatto 30m	3	Braccio
147	 2529942976	 0.9932114565252769	 0.04610167859222801	 -0.0718929739780924	 -0.07897492102245098	 0.8255314614998754	 0.13262701836500118	 -0.06508533229565928	 -1.547607421875	 -0.239013671875	 -0.427978515625	 0.25383314	 0.70972735	 -0.58178335	 -0.3055883	 5.045433	 -48.512947	 2.5526505	Scatto 30m	3	Braccio
148	 2529959643	 0.9946727982970169	 0.07874345079038061	 -0.05603378331447086	 -0.03585677638984919	 0.6262824743938622	 0.10600886224170175	 -0.05531131437187452	 -1.45361328125	 -0.187744140625	 -0.357177734375	 0.15381633	 0.73029214	 -0.5925361	 -0.30317527	 3.2782457	 -38.068142	 -7.9348087	Scatto 30m	3	Braccio
149	 2529976310	 0.9973909832389902	 0.0593015010132453	 -0.04069916382051765	 0.006175483418078887	 0.6665674387050328	 -0.44391250227217044	 0.039826970019671275	 -1.3779296875	 -0.064697265625	 -0.335205078125	 0.08908723	 0.7221162	 -0.6209332	 -0.29163975	 23.673624	 -31.563816	 -37.34149	Scatto 30m	3	Braccio
150	 2529992977	 0.9995147545550477	 0.018220510245713584	 -0.02470292781167133	 0.005294694578544812	 0.180732954578648	 -0.3800258819001666	 0.265972364825954	 -1.319091796875	 -0.022216796875	 -0.31591796875	 0.06318235	 0.71376646	 -0.63330454	 -0.29235423	 11.489342	 -1.9382417	 -37.31511	Scatto 30m	3	Braccio
151	 2530009644	 0.9989308823880737	 0.029742706108262407	 -0.015341462241035832	 0.03189205513993993	 -0.17639437055452195	 -0.13754038228223375	 0.4896998143050798	 -1.271240234375	 0.0498046875	 -0.3193359375	 0.041975796	 0.6911918	 -0.6661579	 -0.276994	 -7.672245	 19.56819	 -34.340523	Scatto 30m	3	Braccio
152	 2530026311	 0.9981175500600967	 0.04245704170528569	 0.0010612722772228302	 0.04424510789702857	 -0.16431294655004441	 -0.46345320847601784	 0.609300089334647	 -1.22119140625	 0.150634765625	 -0.345947265625	 0.02549551	 0.66333485	 -0.7078946	 -0.24129277	 9.406833	 23.49154	 -49.392006	Scatto 30m	3	Braccio
153	 2530042978	 0.9970062683893722	 0.044543807309949834	 0.03904309175118742	 0.049698963863863195	 -0.05046816632218556	 -0.20679696370876166	 0.3326673521999788	 -1.210205078125	 0.25927734375	 -0.419677734375	 0.0346413	 0.63753015	 -0.74876773	 -0.17805143	 4.8044252	 8.909051	 -31.237572	Scatto 30m	3	Braccio
154	 2530059645	 0.9947678702403295	 0.04941023074115147	 0.07413629110888424	 0.049993237305097804	 0.18911092603559898	 0.039520604793009055	 0.21420619031706656	 -1.240234375	 0.3681640625	 -0.53857421875	 0.06621321	 0.61233085	 -0.78294	 -0.08758984	 -7.876076	 -7.855261	 -23.072056	Scatto 30m	3	Braccio
155	 2530076312	 0.9945875020962963	 0.04471377411108163	 0.08628294736314736	 0.036764549132571274	 0.30470448847912834	 -0.028411275972209604	 0.13941638642587428	 -1.283935546875	 0.46630859375	 -0.684814453125	 0.10854551	 0.59120065	 -0.7991603	 0.0065219845	 -4.543118	 -17.696829	 -18.37429	Scatto 30m	3	Braccio
156	 2530092979	 0.9970832094270817	 0.019712542232048547	 0.07240689155720444	 0.013918736018882827	 0.4342404942413144	 0.10019448899374928	 0.12237144259510127	 -1.329345703125	 0.51171875	 -0.79736328125	 0.15416269	 0.5803471	 -0.79657364	 0.07001396	 -14.127905	 -23.799839	 -11.489541	Scatto 30m	3	Braccio
157	 2530109646	 0.9967152215715807	 0.030885221545062125	 0.06767552748588745	 0.032013952538451525	 0.07060765964601284	 -0.08204941512976643	 0.1769088125290022	 -1.3427734375	 0.5517578125	 -0.90576171875	 0.18794154	 0.5531696	 -0.79907	 0.14201677	 1.731937	 -8.505122	 -18.72876	Scatto 30m	3	Braccio
158	 2530126313	 0.9956312254585439	 0.04941205368549309	 0.06614793043919355	 0.04360462293280126	 -0.11364680371033478	 -0.36301340077051325	 -0.0657010919478652	 -1.295654296875	 0.621826171875	 -1.07275390625	 0.20692386	 0.51598996	 -0.7990583	 0.22900447	 23.14576	 -0.19074327	 -9.008719	Scatto 30m	3	Braccio
159	 2530142980	 0.9956231103542361	 0.008421201606108708	 0.08142183369254617	 0.04510200095571316	 0.3636858105365538	 -0.6176166382001775	 0.5826383542227487	 -1.225830078125	 0.6630859375	 -1.151611328125	 0.256137	 0.4608454	 -0.7988861	 0.28947613	 22.462227	 -49.65356	 -19.882273	Scatto 30m	3	Braccio
160	 2530159647	 0.9958100992268036	 0.018902816003882328	 0.0810024267046925	 0.03799390336590591	 0.6376511773622917	 -0.5945670415949779	 0.43943208233635367	 -1.147705078125	 0.69580078125	 -1.254638671875	 0.29984483	 0.4094854	 -0.7852228	 0.35473958	 10.788627	 -55.36885	 5.9770174	Scatto 30m	3	Braccio
161	 2530176314	 0.993626354057471	 -0.04786317344186769	 0.09766484057547561	 0.02962033196805858	 0.44060065692413913	 -0.44958663137380794	 -0.009093664979523325	 -1.080078125	 0.71630859375	 -1.26220703125	 0.3837386	 0.33357018	 -0.77813715	 0.36875233	 10.294093	 -21.856686	 19.223318	Scatto 30m	3	Braccio
162	 2530192981	 0.9922742817386158	 -0.09731872963898242	 0.0722835831587303	 0.026379883762134515	 0.35528919465080844	 -0.059114771550692835	 0.34396431306465164	 -1.035400390625	 0.7158203125	 -1.093505859375	 0.45956725	 0.24533947	 -0.78752303	 0.329263	 -14.720541	 -23.879868	 0.47955132	Scatto 30m	3	Braccio
163	 2530209648	 0.9944748385549819	 -0.06596782358634945	 0.07955080889039982	 0.018431238081207894	 0.5730759522193698	 0.45833890111631204	 0.16162204672403793	 -1.02099609375	 0.68896484375	 -0.973388671875	 0.530053	 0.17180638	 -0.77116597	 0.3079442	 -40.15089	 8.272703	 8.94817	Scatto 30m	3	Braccio
164	 2530226315	 0.9967224420718724	 -0.04602273395182499	 0.06596844109266024	 0.008628221698982474	 0.4206844112079016	 0.6159175714736995	 -0.4723239335896203	 -1.0390625	 0.6650390625	 -0.902099609375	 0.5855016	 0.11935436	 -0.7472415	 0.29081357	 -11.227385	 48.0586	 9.425474	Scatto 30m	3	Braccio
165	 2530242982	 0.9988661771363009	 -0.028755095336734482	 0.03485327384675081	 -0.014991796671876946	 0.24542339453612194	 0.7907408469870837	 -0.48455394569160465	 -1.08740234375	 0.631591796875	 -0.84765625	 0.6197139	 0.103947155	 -0.73085016	 0.26647294	 -5.389796	 57.167194	 -5.8338423	Scatto 30m	3	Braccio
166	 2530259649	 0.9983968448174854	 0.0248945410745523	 -0.002365452927421148	 -0.0507780140969073	 0.28539779042509134	 0.3998546375494902	 -0.3521984848028686	 -1.16845703125	 0.619140625	 -0.874755859375	 0.6287258	 0.1585018	 -0.7179109	 0.25334802	 2.8234122	 34.06881	 2.2964573	Scatto 30m	3	Braccio
167	 2530276316	 0.9967548098160667	 0.033946224508308476	 -0.025475420165476343	 -0.06839960465938928	 0.22245569923075537	 0.10996415937751503	 -0.19446121060457736	 -1.278564453125	 0.591552734375	 -0.92431640625	 0.62065166	 0.2369061	 -0.7111378	 0.23010951	 3.8812015	 13.178526	 3.1900768	Scatto 30m	3	Braccio
174	 2530392985	 0.7581523090470008	 0.04062741106926232	 -0.3654732845476731	 -0.5385014095046043	 3.328678072139255	 -1.9656064625108964	 0.5188682879232369	 -1.561279296875	 -0.18017578125	 -0.439697265625	 0.32280734	 0.6813084	 -0.62145066	 -0.21310475	 -0.2966875	 -50.251892	 21.958824	Scatto 30m	3	Braccio
177	 2530442986	 0.9777596554195014	 0.18573119424219225	 -0.09065299856638545	 -0.035665299244922406	 1.4447802783163328	 -0.9619738267481037	 0.4659146399652132	 -1.403564453125	 0.04052734375	 -0.3994140625	 0.1271847	 0.7305701	 -0.65273154	 -0.15502581	 12.099245	 2.6631908	 -42.914364	Scatto 30m	3	Braccio
178	 2530459653	 0.9985529628239268	 0.03951690272660652	 -0.020774577179983617	 0.02998018975000244	 -0.4004102185786689	 -0.2871586279011914	 0.3677630669682111	 -1.356201171875	 0.139404296875	 -0.416748046875	 0.08971871	 0.71230906	 -0.6827092	 -0.13592166	 4.7391148	 26.054016	 -35.494316	Scatto 30m	3	Braccio
179	 2530476320	 0.9983076473344473	 0.036656039704140664	 -0.012733254409844021	 0.043313280398779304	 -0.2370399244737775	 -0.42561967675607465	 0.38605673209023367	 -1.281982421875	 0.228515625	 -0.43603515625	 0.06040218	 0.6837265	 -0.7185696	 -0.11192636	 16.509651	 16.71576	 -38.77762	Scatto 30m	3	Braccio
180	 2530492987	 0.9976249878452033	 0.04117007552703117	 0.02933074438638245	 0.046787989288890386	 0.08340043324908478	 -0.2108587863510037	 0.16671749692416973	 -1.250732421875	 0.329833984375	 -0.502685546875	 0.057486404	 0.65485275	 -0.7515255	 -0.055432264	 9.608899	 -4.7453113	 -22.862495	Scatto 30m	3	Braccio
181	 2530509654	 0.9960603133122293	 0.034906430508560626	 0.06665393903474129	 0.046932353069578776	 0.2951998753037397	 0.09756907101689856	 0.15299285610304236	 -1.2529296875	 0.421875	 -0.605712890625	 0.08604717	 0.623145	 -0.77707016	 0.021179607	 -9.558985	 -16.70195	 -17.680109	Scatto 30m	3	Braccio
182	 2530526321	 0.9962558317152379	 0.014859313224924564	 0.07792454881687917	 0.03436980179676563	 0.10251989071133963	 0.0139715778150497	 0.21605490915199507	 -1.2802734375	 0.48193359375	 -0.704345703125	 0.13576251	 0.5940094	 -0.78803265	 0.08789822	 -3.463099	 -7.6064053	 -21.506758	Scatto 30m	3	Braccio
183	 2530542988	 0.997909756641414	 -0.0072900459748014845	 0.06370391017208361	 0.00804889174646112	 0.26312183439688497	 0.1818028971778664	 0.25466953802118336	 -1.326904296875	 0.488037109375	 -0.764892578125	 0.18901297	 0.58007413	 -0.78249216	 0.12447472	 -16.19147	 -15.976631	 -18.990845	Scatto 30m	3	Braccio
184	 2530559655	 0.9970796745505219	 0.03526090352101044	 0.05706737501982962	 0.03649802719947398	 -0.030533197482125296	 -0.1053649221364741	 0.33784915623618966	 -1.339599609375	 0.525146484375	 -0.848388671875	 0.20833352	 0.5495772	 -0.7851829	 0.19506387	 3.4486887	 -8.761608	 -28.931957	Scatto 30m	3	Braccio
185	 2530576322	 0.9948600703342413	 0.06431149569984881	 0.06419990353975391	 0.044674873932481436	 -0.011721020564929296	 -0.42364884515783535	 0.006204280294742293	 -1.287353515625	 0.61669921875	 -1.03955078125	 0.21379875	 0.51266074	 -0.7784154	 0.29247004	 24.177929	 -7.77298	 -8.491656	Scatto 30m	3	Braccio
186	 2530592989	 0.996022357501346	 0.014896746783130105	 0.07692624898719451	 0.042425257919077586	 0.37389063574002207	 -0.6392667738440894	 0.5108818717844346	 -1.230712890625	 0.65771484375	 -1.139404296875	 0.25250244	 0.45814836	 -0.7748343	 0.35492924	 25.814936	 -47.39956	 -8.942059	Scatto 30m	3	Braccio
187	 2530609656	 0.9963689212737239	 -0.007106364318345271	 0.07725953848303484	 0.035063314438299194	 0.518112799428933	 -0.6346876107495165	 0.33041561730277785	 -1.16357421875	 0.68798828125	 -1.20361328125	 0.30192515	 0.39948124	 -0.7693555	 0.39667138	 18.430016	 -44.36162	 12.589487	Scatto 30m	3	Braccio
188	 2530626323	 0.9947190544855238	 -0.06730834513417083	 0.07330843360741764	 0.025089098842956403	 0.46390038695850055	 -0.3559531143718311	 0.13192119529795687	 -1.1171875	 0.69677734375	 -1.14794921875	 0.37329897	 0.3276586	 -0.7781318	 0.38444626	 3.12067	 -24.826744	 16.020304	Scatto 30m	3	Braccio
189	 2530642990	 0.9936282441822487	 -0.0862880730454329	 0.06767118084825452	 0.02603636103626084	 0.4845445053105164	 0.07886425930976892	 0.30088858489281833	 -1.091064453125	 0.68212890625	 -1.001708984375	 0.4415082	 0.24602246	 -0.7880547	 0.3514447	 -24.478024	 -19.284027	 5.10147	Scatto 30m	3	Braccio
190	 2530659657	 0.9960806533473242	 -0.04886599354891541	 0.07108336664892388	 0.01956020673458503	 0.4558168001659462	 0.584083537844879	 0.061019419180390014	 -1.080078125	 0.655517578125	 -0.916015625	 0.5011886	 0.18214558	 -0.77376056	 0.34194696	 -39.77179	 17.274408	 0.6408415	Scatto 30m	3	Braccio
192	 2530692991	 0.9917625032445608	 -0.07285817710385961	 0.10385462514619696	 -0.0176929370916184	 0.5339561301409722	 1.2325131768504334	 -0.9937883274396022	 -1.176513671875	 0.59814453125	 -0.8349609375	 0.5983997	 0.12222555	 -0.73349184	 0.29827642	 -16.459192	 52.067852	 -6.693654	Scatto 30m	3	Braccio
194	 2530726325	 0.9903326362642367	 0.0464440418505539	 -0.010063660473875602	 -0.13031862209361167	 0.5739143787698407	 0.3966442805000682	 -0.4958848249798326	 -1.388916015625	 0.5166015625	 -0.904052734375	 0.61976886	 0.2503603	 -0.6998622	 0.25179252	 3.5355957	 13.774548	 3.7920313	Scatto 30m	3	Braccio
195	 2530742992	 0.9969088589328807	 0.003595268398943474	 -0.02727892727054353	 -0.0735911757838504	 0.22177897096040886	 0.1420127666946689	 -0.126798169321601	 -1.490234375	 0.43212890625	 -0.885009765625	 0.6165148	 0.31198847	 -0.69421655	 0.20158438	 -1.4080583	 10.886246	 3.8639126	Scatto 30m	3	Braccio
196	 2530759659	 0.9955205655612245	 0.010501100972876543	 -0.0367171249257414	 -0.08648920834534679	 0.3681653864467691	 0.14943006974982528	 -0.1499097169048919	 -1.583740234375	 0.324462890625	 -0.84326171875	 0.6022637	 0.3863817	 -0.68363893	 0.14361665	 -0.52265286	 8.351584	 14.254477	Scatto 30m	3	Braccio
197	 2530776326	 0.9935838432564673	 0.02596704878031495	 -0.04787295988429438	 -0.0991213322613519	 0.4852660715347443	 0.0978363148126076	 -0.14265519231718554	 -1.6630859375	 0.18994140625	 -0.801513671875	 0.5693854	 0.47602177	 -0.6651104	 0.08265458	 2.7017486	 -0.8602379	 20.966148	Scatto 30m	3	Braccio
198	 2530792993	 0.9931954933869012	 0.027896825968357325	 -0.057937103233355804	 -0.09709670996366815	 0.6394656813876123	 0.0646962130253001	 -0.16320449263927206	 -1.70654296875	 0.049560546875	 -0.729736328125	 0.52094984	 0.5597242	 -0.6441919	 0.018358018	 7.7377434	 -12.285824	 27.229992	Scatto 30m	3	Braccio
199	 2530809660	 0.9936254439349251	 0.028817206114413147	 -0.0648481122505212	 -0.08759433848386727	 0.7937520940626398	 0.07556503122058678	 -0.1614241463450212	 -1.7001953125	 -0.078369140625	 -0.625244140625	 0.4603965	 0.6302196	 -0.62362385	 -0.044179622	 11.014915	 -25.900215	 30.066498	Scatto 30m	3	Braccio
200	 2530826327	 0.9935431468196182	 0.03126333464615682	 -0.07262637413392503	 -0.08136356122203799	 0.8319281128615638	 0.002255772401080325	 -0.07208792992868551	 -1.6455078125	 -0.17724609375	 -0.529541015625	 0.38794962	 0.6892133	 -0.6026732	 -0.106138624	 13.510993	 -38.959484	 18.644293	Scatto 30m	3	Braccio
206	 2530926329	 0.9464962092546101	 0.23889190335036253	 -0.2113579934599714	 0.04902431010090014	 0.9574594067272584	 -1.6652056008430751	 0.7651682572035233	 -1.24609375	 0.205322265625	 -0.401123046875	 0.077062555	 0.69720817	 -0.70981294	 -0.06424795	 20.55518	 11.73928	 -43.343002	Scatto 30m	3	Braccio
207	 2530942996	 0.9973563739576409	 0.04259088060769162	 0.0353993624664081	 0.047044291386945	 0.2426376466014374	 -0.11069509973092331	 0.062312838481990984	 -1.2216796875	 0.319580078125	 -0.47998046875	 0.07425409	 0.6680218	 -0.7404247	 -0.0021972975	 5.5472045	 -14.75311	 -14.461053	Scatto 30m	3	Braccio
213	 2531042998	 0.8778709029542966	 0.22936357614478647	 0.3855490344189525	 0.1675916756372348	 1.8994905005932403	 -0.9011398100035741	 0.5691072997692943	 -1.22119140625	 0.669677734375	 -1.2431640625	 0.19370142	 0.47758377	 -0.7254574	 0.4561856	 31.120813	 -45.444893	 5.098217	Scatto 30m	3	Braccio
214	 2531059665	 0.9952278694498072	 -0.030067521498458483	 0.09043263608384998	 0.020961162951114665	 0.3342957293636106	 -0.7024061818542778	 0.1267042700296737	 -1.167724609375	 0.688720703125	 -1.287109375	 0.26283693	 0.41212684	 -0.7260475	 0.48365602	 28.335615	 -21.993235	 21.002031	Scatto 30m	3	Braccio
215	 2531076332	 0.9931829412396431	 -0.09563308981196389	 0.064746030196475	 0.015808508385854684	 0.3975839597734909	 -0.32996551614139613	 0.2929918533813673	 -1.137451171875	 0.693115234375	 -1.164794921875	 0.33911976	 0.34030142	 -0.75502515	 0.4462396	 4.651396	 -28.049936	 11.672691	Scatto 30m	3	Braccio
216	 2531092999	 0.9937969721788416	 -0.0844820987168805	 0.06824402491850369	 0.023939635491808386	 0.39720727488237134	 0.11254474161740499	 0.446803074755469	 -1.115966796875	 0.67919921875	 -1.013427734375	 0.405958	 0.25985396	 -0.77137	 0.41552696	 -23.945745	 -26.753067	 -3.2505527	Scatto 30m	3	Braccio
217	 2531109666	 0.9961295972480282	 -0.04976901587822047	 0.06965127833159818	 0.01993915674668462	 0.38566640110007133	 0.42276221655356927	 -0.015173411125726288	 -1.10498046875	 0.66064453125	 -0.94091796875	 0.46263847	 0.19325958	 -0.7640565	 0.4059976	 -30.764513	 12.538841	 -1.0942373	Scatto 30m	3	Braccio
218	 2531126333	 0.9968406153506248	 -0.04875910433427655	 0.06206827426543784	 0.008880690379533485	 0.37229257549198913	 0.45627763870945126	 -0.32730515436600016	 -1.12353515625	 0.635986328125	 -0.8876953125	 0.5147522	 0.13752078	 -0.7525166	 0.38708818	 -18.687193	 33.86066	 1.947259	Scatto 30m	3	Braccio
219	 2531143000	 0.9980545656234012	 -0.04202871786932169	 0.0449001991354706	 -0.01022951759077473	 0.3832301714224948	 0.6549090084296002	 -0.36544398912441256	 -1.1669921875	 0.5966796875	 -0.828369140625	 0.5578317	 0.10597927	 -0.74110436	 0.3582689	 -19.079134	 46.33826	 -3.319182	Scatto 30m	3	Braccio
220	 2531159667	 0.9989279044335769	 -0.011497613047518535	 0.015222849744294881	 -0.04217951497842082	 0.3705922170618119	 0.41884087685086274	 -0.29696781296291835	 -1.24658203125	 0.553466796875	 -0.8076171875	 0.58558977	 0.12604313	 -0.7299626	 0.32916972	 -8.50089	 35.09783	 1.9900684	Scatto 30m	3	Braccio
221	 2531176334	 0.9978099815947902	 0.005940706008518093	 -0.006991682003676301	 -0.06550622126702561	 0.2940930302349398	 0.1498573455519578	 -0.28448807706014234	 -1.350830078125	 0.5009765625	 -0.81591796875	 0.6006854	 0.18064	 -0.72092026	 0.29465306	 3.0874734	 21.03721	 5.3997087	Scatto 30m	3	Braccio
222	 2531193001	 0.9974418686689928	 0.0019426613423748074	 -0.01892319083874851	 -0.06890469897980112	 0.2629448733351798	 0.16430669573164847	 -0.21358865397471505	 -1.445068359375	 0.427734375	 -0.802490234375	 0.6058343	 0.2381067	 -0.716309	 0.25133967	 0.32612017	 17.19579	 4.8338003	Scatto 30m	3	Braccio
223	 2531209668	 0.9968648270006155	 0.007258341537203894	 -0.029056254740460422	 -0.07323637912690452	 0.31621048185150386	 0.1583015939671844	 -0.2261699515610197	 -1.52685546875	 0.336669921875	 -0.77294921875	 0.5998999	 0.3032063	 -0.7114094	 0.20514137	 1.1393055	 15.305727	 10.156353	Scatto 30m	3	Braccio
224	 2531226335	 0.9953652353459027	 0.025371511869214658	 -0.0434417773616065	 -0.08195820050446795	 0.42394569573043184	 0.10409781434720104	 -0.2012445158586573	 -1.59033203125	 0.244873046875	 -0.739990234375	 0.57510114	 0.38600656	 -0.7032136	 0.16046295	 2.1333964	 7.731948	 17.890255	Scatto 30m	3	Braccio
225	 2531243002	 0.9938495559393075	 0.03657799354169457	 -0.05810008587529336	 -0.08688780448940182	 0.5199903456490806	 0.11801664612479856	 -0.111996552380384	 -1.62646484375	 0.14404296875	 -0.69189453125	 0.5299638	 0.4768096	 -0.69204825	 0.11340329	 -1.8031774	 -2.1272247	 22.758831	Scatto 30m	3	Braccio
226	 2531259669	 0.9937601098883719	 0.041844282577166395	 -0.06648187119636383	 -0.07918371557639398	 0.6508441072691049	 0.08605878141313844	 -0.04362948718774634	 -1.62939453125	 0.060546875	 -0.615966796875	 0.46892554	 0.5598879	 -0.6796405	 0.06872699	 -1.7388879	 -16.709982	 25.910564	Scatto 30m	3	Braccio
227	 2531276336	 0.9936026109850382	 0.047753125945527386	 -0.07631702733667782	 -0.068185055141418	 0.9609992517803966	 -0.034940576628588904	 0.002378057850106974	 -1.593994140625	 0.007080078125	 -0.541015625	 0.3912674	 0.63151735	 -0.66885245	 0.02705472	 5.511213	 -41.042725	 30.362331	Scatto 30m	3	Braccio
228	 2531293003	 0.9957145730976606	 0.0421398882890944	 -0.06789802441473482	 -0.046546503805359296	 0.9607143825565003	 -0.15893530710291087	 -0.019240128925275796	 -1.523681640625	 -4.8828125E-4	 -0.468505859375	 0.31834346	 0.6791367	 -0.66137147	 -0.004331447	 14.810898	 -48.75542	 18.794403	Scatto 30m	3	Braccio
229	 2531309670	 0.9980866264165125	 0.023573484877971673	 -0.05024568600388113	 -0.027253403772971477	 0.601322570343605	 -0.10750837559756848	 0.04332563750294697	 -1.4580078125	 -0.001953125	 -0.4169921875	 0.2681872	 0.7037536	 -0.6572343	 -0.02914932	 9.179974	 -34.09501	 0.3507309	Scatto 30m	3	Braccio
230	 2531326337	 0.9992738629653957	 0.0222950246754601	 -0.029644658195561644	 -0.008710505691668757	 0.5256817639610847	 -0.04292181066058795	 0.16358296022714777	 -1.4111328125	 0.01123046875	 -0.39013671875	 0.23256308	 0.7145593	 -0.658866	 -0.034859136	 2.7208877	 -33.017017	 -9.336232	Scatto 30m	3	Braccio
231	 2531343004	 0.9984342573540481	 0.05244927157418422	 -0.01938581306653606	 0.0015158842163237598	 0.21644861509235308	 -0.12614192308256764	 0.3709069865099262	 -1.3701171875	 0.0791015625	 -0.394287109375	 0.18225648	 0.72433776	 -0.66483414	 -0.010631314	 0.7697777	 -18.711615	 -29.060434	Scatto 30m	3	Braccio
232	 2531359671	 0.9971894288299367	 0.07183048070535308	 -0.018428470423382335	 0.010677853216682132	 -0.2037533181948612	 -0.2501400087628485	 0.39671715323052603	 -1.333984375	 0.20166015625	 -0.44921875	 0.117930554	 0.72844756	 -0.6742527	 0.02898393	 6.863188	 6.4945674	 -39.00109	Scatto 30m	3	Braccio
233	 2531376338	 0.9989169478561435	 0.03158403928914566	 -0.025829575559105256	 0.02236543704882155	 -0.24605554854132977	 -0.34298663998916556	 0.4292474039860175	 -1.277587890625	 0.284912109375	 -0.4765625	 0.076798774	 0.7174295	 -0.691383	 0.037235554	 16.05462	 10.155753	 -40.534462	Scatto 30m	3	Braccio
234	 2531393005	 0.9990390044307009	 0.03165439978525186	 -0.020946338822842196	 0.021916146793361624	 -0.025288747085250085	 -0.37498983604746683	 0.3799346644880688	 -1.20947265625	 0.3466796875	 -0.493896484375	 0.038373455	 0.7051823	 -0.706296	 0.048903894	 21.21481	 -1.5318737	 -33.807487	Scatto 30m	3	Braccio
235	 2531409672	 0.9993684314752155	 0.023536892062836823	 0.0088502648536693	 0.025108279407593807	 0.190987056681308	 -0.2010060751973064	 0.20108203420442858	 -1.168701171875	 0.40283203125	 -0.534912109375	 0.026123805	 0.68779147	 -0.7214415	 0.07604298	 12.230737	 -12.891064	 -20.134537	Scatto 30m	3	Braccio
236	 2531426339	 0.9985366869599416	 0.015360255456181027	 0.0445620565510147	 0.026509818243973082	 0.1585408933137121	 0.0017159344402356905	 0.13317541455317283	 -1.172119140625	 0.441650390625	 -0.587890625	 0.044974186	 0.6648741	 -0.73557436	 0.12186086	 -0.051559076	 -10.579827	 -16.32414	Scatto 30m	3	Braccio
237	 2531443006	 0.997619304527754	 0.003965127591854356	 0.06504147157756635	 0.022574498261651203	 -0.04389233447527139	 0.02313924088693818	 0.18946071976811624	 -1.211181640625	 0.466552734375	 -0.640625	 0.08676761	 0.6390544	 -0.7445961	 0.17221427	 0.034707483	 -0.085905164	 -21.562767	Scatto 30m	3	Braccio
238	 2531459673	 0.9967969881373825	 2.806470624243662E-4	 0.07974317501282548	 0.006059019420940004	 0.08196359763556971	 0.045683916681219155	 0.21792200628408778	 -1.27587890625	 0.473876953125	 -0.703857421875	 0.14411724	 0.6188475	 -0.73817074	 0.22663167	 -2.308438	 -9.025311	 -20.576515	Scatto 30m	3	Braccio
239	 2531476340	 0.9981975470196469	 -0.0045982289879522575	 0.059827413730703	 0.0010926941152601401	 0.22291080427523163	 0.06030127944391038	 0.20818212762953	 -1.353515625	 0.47119140625	 -0.76025390625	 0.19024427	 0.6027683	 -0.72885025	 0.2631634	 -5.260366	 -17.292135	 -14.430087	Scatto 30m	3	Braccio
240	 2531493007	 0.9982952863316805	 0.008519402632839679	 0.054898979704200886	 0.01788974829798895	 0.06559826021919347	 -0.22654853868326053	 0.0872536491493815	 -1.37939453125	 0.489013671875	 -0.826904296875	 0.2199314	 0.57592154	 -0.724403	 0.30852056	 12.722893	 -8.102676	 -9.466412	Scatto 30m	3	Braccio
241	 2531509674	 0.9975465171357301	 -0.019998120695520122	 0.0632760299332713	 0.02229720509179667	 0.18356319658922585	 -0.4467660377085858	 -0.04514599728585311	 -1.38818359375	 0.510986328125	 -0.8837890625	 0.26959503	 0.5343956	 -0.7263947	 0.33777308	 23.242453	 -9.669707	 4.7981663	Scatto 30m	3	Braccio
242	 2531526341	 0.9957057604669828	 -0.07552227268731312	 0.05040681403008291	 0.018043780101385798	 0.8442180028525628	 -0.5345850462740097	 0.2563405830351062	 -1.399169921875	 0.4814453125	 -0.833251953125	 0.33882535	 0.4815284	 -0.7437048	 0.31659287	 15.847617	 -48.401073	 25.359997	Scatto 30m	3	Braccio
243	 2531543008	 0.9971313644403053	 -0.05967955657644419	 0.042572297829743914	 0.018841232277894696	 0.7683515581876117	 -0.41261208454442333	 0.20469221886973243	 -1.40771484375	 0.4443359375	 -0.780029296875	 0.39196226	 0.43212008	 -0.75394046	 0.30201292	 6.38567	 -41.080032	 24.25459	Scatto 30m	3	Braccio
248	 2531626343	 0.9635513676100323	 -0.21617345732522086	 0.13004850892226202	 0.08902350056021019	 0.7367257925952344	 0.2784444159108409	 0.16358059495019872	 -1.429931640625	 0.30810546875	 -0.616943359375	 0.54095507	 0.22282627	 -0.77516675	 0.2383962	 -9.036823	 10.1999855	 2.1014872	Scatto 30m	3	Braccio
256	 2531759679	 0.9765642569619205	 -0.1863665055532319	 -0.10610149560819668	 -0.01822773332021999	 1.2794248645427855	 1.108571356593069	 -1.8462224530279159	 -1.306396484375	 -0.021240234375	 -0.31640625	 0.49422926	 0.16543448	 -0.85065764	 0.06892248	 -1.8565004	 3.3167145	 1.3601284	Scatto 30m	3	Braccio
257	 2531776346	 0.997245903763521	 0.045477520437843186	 -0.04501597643092341	 -0.03749619217566536	 0.3166967837357573	 -0.025857646765874376	 0.015208184914349795	 -1.247802734375	 0.031982421875	 -0.306640625	 0.4494809	 0.2238539	 -0.8608225	 0.08271074	 -8.892607	 -5.7722383	 6.0584135	Scatto 30m	3	Braccio
271	 2532009684	 0.912347881298798	 0.29923661920924827	 -0.2028363573272163	 -0.19218793239961687	 0.5572922069953172	 -3.33221410273113	 0.7759274390700981	 -1.081298828125	 0.43017578125	 -0.522705078125	 0.18546025	 0.5273893	 -0.79430336	 0.23779647	 1.0197315	 -9.882367	 -29.62632	Scatto 30m	3	Braccio
282	 2532193021	 0.8943706743828945	 -0.23983504911341647	 0.3411768030298081	 0.16179813069071902	 2.5057424449817165	 -1.5365341530037122	 -1.0185051739004836	 -1.414306640625	 0.209716796875	 -0.509765625	 0.51909184	 0.21533221	 -0.78277284	 0.2672875	 -8.155477	 12.464867	 -1.0673018	Scatto 30m	3	Braccio
285	 2532243022	 0.9980095757646309	 -0.04379291177499246	 0.03001717025498747	 0.03402994343592664	 0.40425263155430485	 0.7567187117141658	 -0.7304893166304427	 -1.411865234375	 0.190185546875	 -0.49755859375	 0.54222775	 0.15919988	 -0.7818469	 0.26336303	 -1.7825375	 21.504803	 -4.1269703	Scatto 30m	3	Braccio
287	 2532276356	 0.9987670430628657	 0.013628398253549834	 -0.02711020519521742	 -0.0392899125320434	 0.17771995149767073	 0.35916175617668766	 -0.2672580488699241	 -1.419921875	 0.160888671875	 -0.484130859375	 0.5288031	 0.20638776	 -0.78403807	 0.2511093	 -3.2111506	 12.088918	 -4.345731	Scatto 30m	3	Braccio
