2	 3072812464	 0.9944936937509959	 -0.004671310272612361	 -0.08597705307744387	 -0.05973623936904471	 0.6740628771642446	 0.04973150489758397	 -0.2645317577632381	 -1.07080078125	 -0.300048828125	 -0.21826171875	 0.43268704	 0.46261552	 -0.56413746	 -0.5296394	 14.284608	 -40.116	 -0.6946058	Triplo salto in lungo	2	Braccio
3	 3072829131	 0.9954700710412288	 0.007499359388276422	 -0.07902705204155484	 -0.052324203917096086	 0.4488714450759388	 0.07596813295619587	 -0.23771513542149492	 -0.899169921875	 -0.302490234375	 -0.1962890625	 0.36415794	 0.44716758	 -0.58642685	 -0.56880057	 8.488744	 -28.886208	 -3.249939	Triplo salto in lungo	2	Braccio
4	 3072845798	 0.9963547853557431	 0.019808388638609814	 -0.07047470575840516	 -0.0437959505721586	 0.2845263095625183	 0.02977550390740248	 -0.2333334106260147	 -0.7548828125	 -0.25927734375	 -0.2099609375	 0.29459056	 0.43605787	 -0.6101179	 -0.5923058	 7.270442	 -20.804995	 -7.602964	Triplo salto in lungo	2	Braccio
5	 3072862465	 0.9972252024872095	 0.015262196441365172	 -0.0651888884024745	 -0.03254796019689781	 0.19658656073547395	 -0.05281494832376689	 -0.18707102246418075	 -0.621826171875	 -0.20751953125	 -0.245361328125	 0.23228814	 0.42005926	 -0.6292217	 -0.61128795	 5.1910305	 -15.419236	 -13.04538	Triplo salto in lungo	2	Braccio
6	 3072879132	 0.9979630417549185	 0.0026965401658099464	 -0.05908639241016395	 -0.023901761323321044	 0.09630961501766648	 -0.12487215761604023	 -0.11583597454978561	 -0.504150390625	 -0.175048828125	 -0.2900390625	 0.18169272	 0.39889073	 -0.63880974	 -0.63229436	 4.3333306	 -8.043403	 -17.185661	Triplo salto in lungo	2	Braccio
7	 3072895799	 0.9983728872351844	 -0.004511437819397113	 -0.052333988032372956	 -0.022189607006678814	 0.12687764775385327	 -0.12143999323480799	 -0.05541942646520051	 -0.40869140625	 -0.16357421875	 -0.333251953125	 0.1362819	 0.37947398	 -0.6392262	 -0.654841	 -0.18226862	 -7.0456533	 -18.32264	Triplo salto in lungo	2	Braccio
8	 3072912466	 0.9987210013330852	 -0.007479099560399494	 -0.04786268205783282	 -0.014477162437300614	 0.2565283959485274	 -0.0899787885700511	 0.010282788555341212	 -0.327880859375	 -0.150390625	 -0.385498046875	 0.10026356	 0.35607812	 -0.63798904	 -0.6753707	 -9.152167	 -9.0651045	 -19.837059	Triplo salto in lungo	2	Braccio
10	 3072945800	 0.9950962122345868	 -0.02456817310092227	 -0.0948369188719924	 -0.01363422479382068	 0.8388848714639932	 -0.343832809005376	 0.5357459419667775	 -0.181396484375	 -0.164306640625	 -0.498046875	 0.050350986	 0.28997108	 -0.63219726	 -0.71673447	 -28.934843	 3.0980456	 -31.204933	Triplo salto in lungo	2	Braccio
12	 3072979134	 0.9949805635295963	 -0.00406656567788341	 -0.09956662148214142	 -0.009144896311415025	 0.11239363431892933	 -0.47779765902296334	 0.6568300841010069	 -0.044921875	 -0.150146484375	 -0.658447265625	 -0.006867652	 0.2110007	 -0.63044864	 -0.7469714	 5.1970224	 22.997858	 -18.556255	Triplo salto in lungo	2	Braccio
14	 3073012468	 0.9994491295068126	 -0.0037773217923343927	 -0.01212238578390379	 0.030662960246164828	 -0.435545968390904	 -0.20938839477810142	 0.4864738809991844	 -0.001953125	 -0.184814453125	 -0.701416015625	 -0.0049607567	 0.18791339	 -0.6193798	 -0.76225495	 3.9678905	 17.957174	 -7.6785097	Triplo salto in lungo	2	Braccio
15	 3073029135	 0.9991665084501656	 0.006402044498994175	 0.015456435185420782	 0.03723440383700125	 0.0031620310616026215	 -0.14851252204319149	 0.3345121835804863	 -0.013427734375	 -0.23876953125	 -0.674072265625	 0.024679177	 0.17974615	 -0.6242091	 -0.7598983	 -3.53239	 21.145077	 -14.572475	Triplo salto in lungo	2	Braccio
17	 3073062469	 0.9951464745814286	 0.043388772825663086	 0.0387863952912616	 0.07935063995423737	 0.2811009579551434	 -0.3098839863388936	 0.4519654107439788	 -0.048828125	 -0.318359375	 -0.61279296875	 0.093237095	 0.16249192	 -0.6558509	 -0.7312751	 -11.389312	 10.117852	 -18.73698	Triplo salto in lungo	2	Braccio
19	 3073095803	 0.9901730580984532	 0.08208649938313947	 0.06590048576425007	 0.09206653904114494	 0.24312401320164465	 -0.3096374129824959	 0.3089876646442784	 -0.12939453125	 -0.356689453125	 -0.510009765625	 0.18963595	 0.1558671	 -0.71367526	 -0.65605736	 -9.574051	 6.314051	 -17.6734	Triplo salto in lungo	2	Braccio
20	 3073112470	 0.9961196199399123	 0.06037135270029856	 0.04404033789386167	 0.04649140976670241	 0.1792593017890035	 -0.11629322359647884	 0.09052424521501899	 -0.19921875	 -0.338134765625	 -0.444091796875	 0.2420572	 0.1625295	 -0.7487831	 -0.59524477	 -12.2513275	 -0.9062754	 -16.36561	Triplo salto in lungo	2	Braccio
21	 3073129137	 0.9966254001368718	 0.0607535233802409	 0.03401660767353071	 0.04347058317174752	 0.20155180304264883	 -0.12557130831470692	 -0.044829609889265064	 -0.259765625	 -0.29296875	 -0.394775390625	 0.284658	 0.16403076	 -0.78145117	 -0.53046966	 -8.900654	 -10.418428	 -14.553083	Triplo salto in lungo	2	Braccio
22	 3073145804	 0.9969488605797098	 0.057166772535261784	 0.028396598820187195	 0.04492841731204544	 0.13035730593879896	 -0.10810544130897534	 -0.1423010913310273	 -0.3017578125	 -0.242919921875	 -0.366943359375	 0.32322785	 0.15903309	 -0.8097697	 -0.46314725	 -1.1365691	 -13.145774	 -11.244408	Triplo salto in lungo	2	Braccio
23	 3073162471	 0.9968778677910554	 0.05491459814849106	 0.03492498520257382	 0.04471184437203097	 0.07611396130030125	 -0.06485946215150323	 -0.1493008972322511	 -0.349853515625	 -0.19775390625	 -0.337890625	 0.36460102	 0.1557803	 -0.82996243	 -0.39237896	 2.4864433	 -10.349499	 -8.095844	Triplo salto in lungo	2	Braccio
24	 3073179138	 0.9966482675488407	 0.06033212134090818	 0.036676770822928424	 0.041316829602509764	 0.08150251307292294	 -0.015075939722787809	 -0.11332787685708187	 -0.40283203125	 -0.133056640625	 -0.31591796875	 0.40172356	 0.15733798	 -0.8451896	 -0.3154641	 1.5842499	 -6.8662786	 -5.1961594	Triplo salto in lungo	2	Braccio
25	 3073195805	 0.9956256289587897	 0.07456800068333319	 0.03862555215669122	 0.04095469393238816	 0.07051064142867833	 -0.02480348596636338	 -0.11177042949682828	 -0.4521484375	 -0.040771484375	 -0.31494140625	 0.43436542	 0.16451375	 -0.856679	 -0.2244175	 2.5909855	 -6.014516	 -5.1018996	Triplo salto in lungo	2	Braccio
26	 3073212472	 0.9943907033313879	 0.0860863134686419	 0.04253625702577935	 0.04435022660284177	 0.11739394024860898	 -0.08836466198181367	 -0.09162064809996104	 -0.491943359375	 0.075439453125	 -0.338134765625	 0.46430746	 0.17306574	 -0.8603454	 -0.11946832	 0.95934576	 -9.144222	 -4.975092	Triplo salto in lungo	2	Braccio
27	 3073229139	 0.9938628079206101	 0.08624951450754059	 0.0530851219016344	 0.04449393342987979	 0.1691113452586392	 -0.14730468608747088	 -0.15553264205566683	 -0.5341796875	 0.19384765625	 -0.385009765625	 0.49799332	 0.18038765	 -0.84814537	 -0.010608742	 4.3432946	 -12.564863	 -0.25148392	Triplo salto in lungo	2	Braccio
28	 3073245806	 0.994354958524438	 0.07400832156303624	 0.06073312094273959	 0.045743554932251795	 0.19677782095321447	 -0.13020303432854619	 -0.15752863100780923	 -0.578125	 0.298583984375	 -0.440185546875	 0.53421116	 0.17791416	 -0.8214295	 0.0906585	 5.1541033	 -9.409315	 3.402748	Triplo salto in lungo	2	Braccio
29	 3073262473	 0.9949604999438035	 0.062285862884082194	 0.061510477485378634	 0.048893107856655856	 0.17698756041414057	 -0.07497658277321188	 -0.14425283865147132	 -0.607177734375	 0.376708984375	 -0.492919921875	 0.56654483	 0.16434503	 -0.7865331	 0.18271111	 5.173936	 -3.1896007	 3.2619905	Triplo salto in lungo	2	Braccio
30	 3073279140	 0.9948548094454667	 0.06056094124953609	 0.06169327083636606	 0.05282254113260032	 0.12253109941956812	 -0.0610253676563097	 -0.060588688791308666	 -0.622314453125	 0.436279296875	 -0.55029296875	 0.5920757	 0.14520231	 -0.74440396	 0.2724432	 2.4775877	 -1.8415991	 -1.377306	Triplo salto in lungo	2	Braccio
31	 3073295807	 0.9947133625099043	 0.06573366846846562	 0.058923623577572755	 0.05246349071884505	 0.11528873919156174	 -0.11327028706073469	 -0.02922036545355941	 -0.613037109375	 0.500732421875	 -0.623291015625	 0.60858196	 0.12880878	 -0.69441104	 0.36170363	 3.2812164	 -3.7305036	 -1.3026438	Triplo salto in lungo	2	Braccio
32	 3073312474	 0.9952664625851348	 0.06427221407940797	 0.05685059922853076	 0.045626311684817816	 0.0826507173790052	 -0.14570496490509882	 -5.751870960877398E-5	 -0.59521484375	 0.550048828125	 -0.706787109375	 0.6201031	 0.115559086	 -0.63802266	 0.44163966	 4.2846174	 -4.8474507	 -2.1209497	Triplo salto in lungo	2	Braccio
33	 3073329141	 0.9959847607716451	 0.06409158845445656	 0.053455029643137475	 0.032391116156819395	 -0.0031474558139600525	 -0.060019256688563005	 0.039629411597122265	 -0.58154296875	 0.597412109375	 -0.789794921875	 0.6297488	 0.11082234	 -0.5763665	 0.508858	 0.90130186	 -3.8510034	 -8.077561	Triplo salto in lungo	2	Braccio
34	 3073345808	 0.9963474861939737	 0.06579151461855615	 0.051312435940863495	 0.01817133118295107	 -0.06798533381042021	 0.012125281924483554	 0.08287305184733568	 -0.58203125	 0.638671875	 -0.88427734375	 0.6404848	 0.115639895	 -0.50862855	 0.563652	 -2.8616061	 -5.3774495	 -12.000278	Triplo salto in lungo	2	Braccio
35	 3073362475	 0.9968064106544737	 0.06169785141841083	 0.050100046976330505	 0.00776788912548368	 -0.13151398741917075	 -0.07913911484884664	 0.0680071887400851	 -0.588134765625	 0.67626953125	 -0.986328125	 0.6527629	 0.1231346	 -0.43823034	 0.6055518	 3.0698967	 -9.324688	 -12.071212	Triplo salto in lungo	2	Braccio
36	 3073379142	 0.998295029788035	 0.04036889855870823	 0.04215384598426598	 6.624185970566712E-4	 -0.05462388424079538	 -0.18240301137928897	 0.002218696231396646	 -0.602294921875	 0.69873046875	 -1.06005859375	 0.6650366	 0.12332231	 -0.3823803	 0.62952644	 10.165237	 -4.8992167	 -8.026415	Triplo salto in lungo	2	Braccio
37	 3073395809	 0.9994126087558178	 0.01576858317032498	 0.030222750518262342	 -0.0035177543691868427	 0.171043840047063	 0.03947862210866037	 0.0418473985897907	 -0.620361328125	 0.70849609375	 -1.088623046875	 0.6763705	 0.1154253	 -0.3497104	 0.6378891	 -3.9858904	 6.4530396	 -2.085565	Triplo salto in lungo	2	Braccio
38	 3073412476	 0.9993320311844893	 0.02486517986183312	 0.02675831595155462	 -0.0010985474765244953	 -0.12350008879311276	 0.049861204378188556	 0.011715174658049917	 -0.62548828125	 0.71630859375	 -1.110595703125	 0.6831844	 0.11653669	 -0.3140356	 0.64889145	 -2.6159875	 -5.7429676	 -14.764913	Triplo salto in lungo	2	Braccio
39	 3073429143	 0.9982852292107952	 0.050552330091390485	 0.018642172857093745	 -0.02288083156372026	 -0.11393154900786148	 -0.15796802953980602	 -0.014211900118737804	 -0.66064453125	 0.730712890625	 -1.1982421875	 0.697082	 0.14677243	 -0.2627227	 0.6507778	 9.603754	 -6.317313	 -12.07959	Triplo salto in lungo	2	Braccio
40	 3073445810	 0.9978672292016441	 0.05665415374415872	 8.219416500039324E-4	 -0.03241333307283882	 0.23344446976815117	 -0.4247345633164375	 0.11720239325489766	 -0.721923828125	 0.74169921875	 -1.322265625	 0.70864356	 0.19374071	 -0.21803689	 0.6424554	 24.033026	 5.037543	 7.2769547	Triplo salto in lungo	2	Braccio
41	 3073462477	 0.9988922340878731	 0.0328276293781013	 -0.01943659231336481	 -0.027547600759339253	 0.05130202933283396	 -0.6088661949288473	 0.20599375470123718	 -0.789306640625	 0.74072265625	 -1.412841796875	 0.71423507	 0.2347419	 -0.20683603	 0.626086	 35.752277	 -7.995543	 2.6208744	Triplo salto in lungo	2	Braccio
42	 3073479144	 0.9994376927223567	 -0.0014832013616343787	 -0.027727944222877696	 -0.018795201214831296	 -0.045401867539678176	 -0.5194028036351152	 0.2439958833238414	 -0.8447265625	 0.742431640625	 -1.42333984375	 0.7189557	 0.25226167	 -0.2265352	 0.60675263	 30.397799	 -14.210683	 -1.6319942	Triplo salto in lungo	2	Braccio
43	 3073495811	 0.9994840144008094	 -0.015436294748232604	 -0.025901884195122505	 -0.011068792022205903	 -0.05818870399826297	 -0.32897583926783736	 0.1903337349744111	 -0.876708984375	 0.74365234375	 -1.3955078125	 0.72194654	 0.2552938	 -0.2548722	 0.5904731	 18.604383	 -12.626899	 -4.650424	Triplo salto in lungo	2	Braccio
44	 3073512478	 0.9995563331257512	 -0.021169955706275834	 -0.019848978864318734	 -0.006707303604314589	 -0.03283193842178296	 -0.2652849545945509	 0.15174939047221964	 -0.9052734375	 0.751220703125	 -1.350341796875	 0.72470576	 0.2492696	 -0.28194606	 0.5772112	 14.631397	 -10.250915	 -5.2342243	Triplo salto in lungo	2	Braccio
45	 3073529145	 0.9996402948866648	 -0.022538225313670945	 -0.01452455622392336	 -5.886468465565038E-4	 -0.006354256432147214	 -0.11162540279768234	 0.08027063933933376	 -0.911865234375	 0.75244140625	 -1.302734375	 0.7251969	 0.23767616	 -0.30644426	 0.56893885	 5.8604074	 -4.961478	 -6.772713	Triplo salto in lungo	2	Braccio
46	 3073545812	 0.9996548568050541	 -0.023072217518869564	 -0.012079093869514059	 0.0034547845258679627	 0.012466600898257308	 -0.08351188175524214	 0.09083008217824776	 -0.906982421875	 0.7578125	 -1.24755859375	 0.72386336	 0.22406594	 -0.3294004	 0.56330436	 4.001277	 -4.4510117	 -5.392613	Triplo salto in lungo	2	Braccio
47	 3073562479	 0.9996971622845192	 -0.01889316446914907	 -0.012589877579106403	 0.009493526171260288	 -0.05147508153936132	 -0.11089222936573996	 0.1772312883843343	 -0.891357421875	 0.763427734375	 -1.202392578125	 0.7176915	 0.21250363	 -0.3508418	 0.5627357	 3.5305812	 -11.199192	 -4.42686	Triplo salto in lungo	2	Braccio
48	 3073579146	 0.9997353455080937	 -0.012606653189842554	 -0.007907988253519517	 0.017543516151150865	 -0.1236679246499946	 -0.12433785691897531	 0.2651671496564672	 -0.859375	 0.764404296875	 -1.175537109375	 0.7072018	 0.19987833	 -0.3656313	 0.5711639	 2.0191736	 -18.04797	 -3.9805017	Triplo salto in lungo	2	Braccio
49	 3073595813	 0.9997401244592419	 -0.0018349880434218035	 0.00900819092722388	 0.020860701362101695	 -0.1608621944657981	 -0.17042595844973302	 0.3526777185183421	 -0.81494140625	 0.768310546875	 -1.166259765625	 0.69887257	 0.18368535	 -0.36110032	 0.5894434	 2.875175	 -23.86996	 -1.6011295	Triplo salto in lungo	2	Braccio
50	 3073612480	 0.9993702403282223	 0.013018409559471589	 0.02639944856597246	 0.019816984489714758	 -0.12373466313939377	 -0.1630149677931802	 0.3648171544556069	 -0.776123046875	 0.7646484375	 -1.18310546875	 0.69427204	 0.16752645	 -0.33368388	 0.61528575	 2.7423782	 -22.266283	 1.4374657	Triplo salto in lungo	2	Braccio
51	 3073629147	 0.998777993065272	 0.026422220212053482	 0.03775680787020675	 0.01785525992600714	 -0.08977122799684041	 -0.11133053420986452	 0.2972450289203882	 -0.73583984375	 0.76611328125	 -1.23291015625	 0.69103914	 0.15404415	 -0.28841242	 0.6446346	 1.7848307	 -16.59237	 0.8273401	Triplo salto in lungo	2	Braccio
52	 3073645814	 0.9985189558818045	 0.03257889093223382	 0.040947817754733974	 0.014892509239941516	 -0.10168846803730586	 -0.10243115677133902	 0.2258182544109466	 -0.701171875	 0.7666015625	 -1.2880859375	 0.6875717	 0.14359763	 -0.23561433	 0.6716477	 3.3185146	 -13.47107	 -1.6850481	Triplo salto in lungo	2	Braccio
53	 3073662481	 0.9985129031381897	 0.03775653980063709	 0.038190376424047795	 0.009376626121198233	 -0.1417904134809705	 -0.06570463021551702	 0.17294585268044838	 -0.668701171875	 0.759521484375	 -1.357666015625	 0.6841227	 0.13975629	 -0.18000673	 0.6928506	 2.6776683	 -12.788296	 -4.825082	Triplo salto in lungo	2	Braccio
54	 3073679148	 0.9989967177164694	 0.033872980921904106	 0.029283944929313025	 -7.93551864866307E-4	 -0.1724653263520119	 -0.061215742487994496	 0.13318710329190026	 -0.651611328125	 0.7509765625	 -1.4248046875	 0.6847924	 0.14112906	 -0.13147344	 0.70274943	 3.5191808	 -12.785817	 -6.882728	Triplo salto in lungo	2	Braccio
55	 3073695815	 0.9993982003556625	 0.02850409839519563	 0.016352902217510432	 -0.011105678259550502	 -0.10087275224651339	 -0.12065286419564188	 0.08526253894867288	 -0.660888671875	 0.743896484375	 -1.482421875	 0.6905886	 0.14907798	 -0.09409424	 0.70143396	 7.472598	 -7.307366	 -7.3710356	Triplo salto in lungo	2	Braccio
56	 3073712482	 0.9993939664129182	 0.02743098746934325	 -0.004711071419654004	 -0.02090566023809233	 0.07564881385114625	 -0.12368507731423507	 0.09685100106718668	 -0.693603515625	 0.73291015625	 -1.539794921875	 0.7005794	 0.1719138	 -0.07135344	 0.6888708	 7.841302	 2.5646873	 -3.3811703	Triplo salto in lungo	2	Braccio
57	 3073729149	 0.9988415417574465	 0.024127182993099017	 -0.027693726387183218	 -0.031088760335795964	 0.10621716040772072	 -0.2691001882386839	 0.11929272335700329	 -0.764404296875	 0.72119140625	 -1.5966796875	 0.7152344	 0.20931761	 -0.06660455	 0.66346806	 17.205519	 3.7265027	 -3.2854147	Triplo salto in lungo	2	Braccio
58	 3073745816	 0.9984753155346859	 3.9518120867226836E-4	 -0.04170336075364856	 -0.03616238102742737	 0.16081414254719734	 -0.47908885260016276	 0.09231247462009821	 -0.864501953125	 0.71630859375	 -1.61474609375	 0.7352054	 0.23902349	 -0.08811407	 0.62815356	 30.152113	 5.816302	 -7.1580396	Triplo salto in lungo	2	Braccio
59	 3073762483	 0.9974442240332293	 -0.03231921883378175	 -0.05224156460360869	 -0.036487079418475225	 0.3009367931533587	 -0.5342484769039986	 0.08868486883362102	 -0.97705078125	 0.72412109375	 -1.554931640625	 0.75881267	 0.25037447	 -0.13971695	 0.58480364	 35.365017	 10.324562	 -4.8568435	Triplo salto in lungo	2	Braccio
60	 3073779150	 0.9950661849841145	 -0.0716208814295104	 -0.058658820714085534	 -0.03567743820473637	 0.3593626559855888	 -0.478037861135133	 0.08545535365742779	 -1.080322265625	 0.7392578125	 -1.4013671875	 0.78434354	 0.2341831	 -0.22052442	 0.5304079	 33.763046	 9.284114	 -0.4515524	Triplo salto in lungo	2	Braccio
61	 3073795817	 0.9931383944284955	 -0.09139942409492746	 -0.06054612777511521	 -0.04069940046911414	 0.37165387251288773	 -0.29984759017725976	 0.023685597116230035	 -1.1708984375	 0.720947265625	 -1.17236328125	 0.8065059	 0.20265935	 -0.310743	 0.46034366	 24.135912	 9.385056	 2.5288267	Triplo salto in lungo	2	Braccio
62	 3073812484	 0.9935203680891067	 -0.07721144099068639	 -0.06119736752748755	 -0.056661748825228786	 0.44721369376512665	 -0.10836257764080551	 -0.02921710748284994	 -1.2548828125	 0.651611328125	 -0.9501953125	 0.8213635	 0.1864514	 -0.38755497	 0.3746987	 16.288952	 14.264185	 7.4078445	Triplo salto in lungo	2	Braccio
63	 3073829151	 0.9943666151079765	 -0.035215828930592274	 -0.0637465002986665	 -0.07701469892889688	 0.5815183417939173	 -0.012063291198696542	 -0.11736500011514395	 -1.349853515625	 0.552001953125	 -0.796630859375	 0.8243398	 0.21303725	 -0.44164076	 0.28290018	 18.438057	 19.95007	 13.197651	Triplo salto in lungo	2	Braccio
64	 3073845818	 0.9932165996077504	 -0.011955256518272173	 -0.07170328811011366	 -0.09075514629704412	 0.7103422785310586	 -0.17612477633723436	 -0.12395195893283936	 -1.426513671875	 0.4375	 -0.691162109375	 0.8112913	 0.26621354	 -0.48678148	 0.18433882	 30.266315	 8.034897	 21.853792	Triplo salto in lungo	2	Braccio
65	 3073862485	 0.9922666878302412	 -0.013517175019361671	 -0.08028970738076172	 -0.09368921544452331	 0.758023848611973	 -0.25596151713487875	 -0.15308763939094117	 -1.47119140625	 0.305419921875	 -0.572998046875	 0.7817578	 0.3179181	 -0.530723	 0.07820572	 35.328262	 -5.098367	 23.572884	Triplo salto in lungo	2	Braccio
66	 3073879152	 0.9919568051033987	 -0.021106903758527806	 -0.08755884217292	 -0.08893618262621861	 0.820700947241258	 -0.2481866784988433	 -0.179463599609942	 -1.453125	 0.1650390625	 -0.4423828125	 0.73700243	 0.35681826	 -0.5732192	 -0.030464143	 35.62283	 -16.359581	 25.198288	Triplo salto in lungo	2	Braccio
67	 3073895819	 0.9920107262726072	 -0.02706122060385871	 -0.09114377626390839	 -0.08291695452606875	 0.84589618337933	 -0.18889308175692357	 -0.20555258843454483	 -1.36962890625	 0.0234375	 -0.318359375	 0.6803269	 0.3820577	 -0.6102267	 -0.1371522	 31.572933	 -25.563652	 24.9152	Triplo salto in lungo	2	Braccio
68	 3073912486	 0.992048359821528	 -0.030509567910507032	 -0.09329207914298547	 -0.07877693831642163	 0.8266298095770119	 -0.0641133650788134	 -0.21404265044026	 -1.23388671875	 -0.105712890625	 -0.22021484375	 0.6138283	 0.3961756	 -0.6393039	 -0.23989685	 23.35946	 -30.402504	 24.386208	Triplo salto in lungo	2	Braccio
69	 3073929153	 0.9921040632267711	 -0.01844512846620902	 -0.0957363926652173	 -0.07889136888308652	 0.7587402236057815	 0.03670732557443155	 -0.19971256902774714	 -1.064453125	 -0.195068359375	 -0.16552734375	 0.5323662	 0.41128138	 -0.6619645	 -0.33051	 13.883727	 -32.877426	 20.963366	Triplo salto in lungo	2	Braccio
70	 3073945820	 0.9922325557496625	 0.004637249986242514	 -0.09700525442228138	 -0.07773693998046438	 0.6587816237966438	 0.08462789361478396	 -0.19557119980238707	 -0.8701171875	 -0.21044921875	 -0.155517578125	 0.43425176	 0.4315575	 -0.68249524	 -0.39922893	 6.4942307	 -32.93282	 14.661942	Triplo salto in lungo	2	Braccio
71	 3073962487	 0.9929942661055884	 0.021945446939153262	 -0.09507218481151695	 -0.06664881480738823	 0.5060681213942848	 -0.01286927178100513	 -0.21064850693099957	 -0.682373046875	 -0.1513671875	 -0.1787109375	 0.3297694	 0.44689032	 -0.7033637	 -0.4436449	 4.3812366	 -30.656982	 1.2898502	Triplo salto in lungo	2	Braccio
72	 3073979154	 0.9944919451732451	 0.015469089152501059	 -0.09003381116211116	 -0.051384736196196046	 0.3165315261716576	 -0.1637669971790558	 -0.19602775162860736	 -0.515380859375	 -0.077392578125	 -0.25048828125	 0.23571767	 0.44701633	 -0.71754444	 -0.47931585	 6.200831	 -23.437271	 -12.602783	Triplo salto in lungo	2	Braccio
73	 3073995821	 0.9953655160032124	 -0.006247536216772598	 -0.08656821622963329	 -0.0414053351839871	 0.16815291474006538	 -0.26412600310950485	 -0.13081811806224616	 -0.3720703125	 -0.035888671875	 -0.329833984375	 0.15665707	 0.4332433	 -0.717772	 -0.5220748	 7.7448463	 -14.892854	 -21.334259	Triplo salto in lungo	2	Braccio
74	 3074012488	 0.9964827500223099	 -0.017638920652665424	 -0.07383720398663186	 -0.03548330161667876	 0.07885486189764591	 -0.15129994239138544	 -0.1156342889511806	 -0.255615234375	 -0.022705078125	 -0.417236328125	 0.09322679	 0.41777346	 -0.7068188	 -0.5631888	 6.176031	 -8.771908	 -15.963776	Triplo salto in lungo	2	Braccio
75	 3074029155	 0.9981872918027037	 -0.004512668798862973	 -0.05152230674058426	 -0.030776910371655284	 0.15020173404291376	 -0.019623126629812544	 -0.09167688740534652	 -0.185546875	 0.009765625	 -0.488037109375	 0.041831605	 0.41134095	 -0.69911885	 -0.58333683	 -1.8033928	 -10.266629	 -11.864356	Triplo salto in lungo	2	Braccio
76	 3074045822	 0.9989350779849888	 -0.0014443857488741774	 -0.03921955136331768	 -0.024257998923919423	 0.36449608235118824	 -0.21858634729674614	 0.03861738702914015	 -0.14111328125	 0.04345703125	 -0.550048828125	 0.0017369101	 0.40669972	 -0.69311786	 -0.59513026	 -8.671029	 -11.828158	 -30.80173	Triplo salto in lungo	2	Braccio
77	 3074062489	 0.9988993533827425	 -0.008025476795632591	 -0.04137439731773512	 -0.02058719942915665	 0.583200570894809	 -0.30237564775823295	 0.11445348213857548	 -0.107177734375	 0.07080078125	 -0.6044921875	 -0.034386117	 0.39721444	 -0.6832343	 -0.6117427	 -16.532791	 -13.817394	 -43.524082	Triplo salto in lungo	2	Braccio
78	 3074079156	 0.9986466814372916	 -0.010381335669650882	 -0.04688371996766228	 -0.019973740911313348	 0.8011391415164423	 -0.2104150998766984	 0.4025834306414112	 -0.064453125	 0.088134765625	 -0.657958984375	 -0.0719478	 0.38273534	 -0.6706819	 -0.6312868	 -36.09599	 -2.9303737	 -51.547634	Triplo salto in lungo	2	Braccio
79	 3074095823	 0.9984571117295542	 0.012314016264167837	 -0.05271204179402412	 -0.012377467027923238	 0.4882057990126686	 -0.15024985115834663	 0.5120705019134347	 -0.02197265625	 0.12255859375	 -0.75830078125	 -0.11613495	 0.35583183	 -0.6730783	 -0.6378573	 -27.06232	 15.80228	 -39.830757	Triplo salto in lungo	2	Braccio
80	 3074112490	 0.9988896856144414	 0.01450650583129337	 -0.04478869809968778	 -0.0017116612352148647	 -0.2995691202529564	 -0.3508549330629463	 0.29544436120479767	 0.018310546875	 0.143798828125	 -0.86083984375	 -0.14938383	 0.32508242	 -0.67888594	 -0.64118636	 20.766296	 24.029924	 -18.282581	Triplo salto in lungo	2	Braccio
81	 3074129157	 0.9998698872558968	 0.005653012127258772	 -0.01401315082395621	 0.005646557956364485	 -0.40615215408571353	 -0.27818531675936764	 0.2459182994574491	 0.03759765625	 0.149169921875	 -0.906005859375	 -0.15700637	 0.31084737	 -0.68340397	 -0.64162457	 25.533611	 20.93118	 -9.642322	Triplo salto in lungo	2	Braccio
82	 3074145824	 0.9996307738309053	 -0.006498694113097669	 0.006409583987770807	 0.02559297204612261	 -0.15449756544393622	 -0.08596949222396072	 0.21517995024124348	 0.04931640625	 0.111572265625	 -0.903076171875	 -0.13614292	 0.29859206	 -0.6879539	 -0.64732337	 7.881538	 14.733982	 -9.723306	Triplo salto in lungo	2	Braccio
83	 3074162491	 0.9989838402485013	 -0.020142213413722382	 0.013610602266017348	 0.03795167541900219	 -0.029511488791719817	 -0.08353376297001901	 0.3045071603121563	 0.07080078125	 0.033203125	 -0.8642578125	 -0.098516375	 0.28418598	 -0.68707186	 -0.6614116	 0.71929127	 18.279564	 -15.045669	Triplo salto in lungo	2	Braccio
84	 3074179158	 0.9987325439200047	 -0.02744993349826816	 0.016440196611329786	 0.03885262927264578	 0.04909330439154437	 -0.05680958097681059	 0.339691722561279	 0.07861328125	 -0.056884765625	 -0.8212890625	 -0.056134842	 0.27123603	 -0.68006295	 -0.67881846	 -5.506658	 19.066599	 -16.278267	Triplo salto in lungo	2	Braccio
85	 3074195825	 0.9984315568608564	 -0.024024979552997566	 0.028619741879479466	 0.041690970205029244	 0.13740705690414082	 -0.0986684962650057	 0.4133701633203073	 0.075927734375	 -0.160400390625	 -0.763427734375	 -0.0041349325	 0.26373935	 -0.67474556	 -0.68930626	 -11.546752	 21.731808	 -20.42334	Triplo salto in lungo	2	Braccio
86	 3074212492	 0.9976058241284957	 -7.472097911279119E-4	 0.05617700843623997	 0.04032623297045394	 0.11232801398575878	 -0.024088866988972682	 0.3936152657313973	 0.03125	 -0.244140625	 -0.66552734375	 0.059632532	 0.2750708	 -0.6824023	 -0.67461634	 -13.71098	 19.839914	 -14.670877	Triplo salto in lungo	2	Braccio
87	 3074229159	 0.9957568967373258	 0.026347249846468968	 0.07874466012542893	 0.03966489036048348	 0.1677511370693847	 0.0293255964919492	 0.3704791525461329	 -0.06103515625	 -0.288330078125	 -0.544921875	 0.13072416	 0.30205286	 -0.7023263	 -0.63119984	 -19.03468	 15.08296	 -12.757667	Triplo salto in lungo	2	Braccio
88	 3074245826	 0.9956165635251131	 0.03637057036200758	 0.07875596426402486	 0.034961952731941914	 0.3022601022475776	 -0.061566276352337614	 0.23050965879505805	 -0.1806640625	 -0.290283203125	 -0.426513671875	 0.19513814	 0.3311843	 -0.72132117	 -0.57613695	 -21.08211	 0.49377006	 -19.252596	Triplo salto in lungo	2	Braccio
89	 3074262493	 0.9966297211898419	 0.023851740658829806	 0.07088756216396444	 0.033693424270207085	 0.24859943767074288	 -0.27604398931225593	 0.04567546639840576	 -0.30029296875	 -0.2890625	 -0.3349609375	 0.25666437	 0.35171738	 -0.72907704	 -0.5280767	 -8.206125	 -10.391041	 -27.950352	Triplo salto in lungo	2	Braccio
90	 3074279160	 0.9956849256008257	 0.021020076282994543	 0.07854063318561082	 0.04473314501729936	 0.25399797303254706	 -0.32699361409997113	 0.009549877181514062	 -0.44384765625	 -0.287109375	 -0.259765625	 0.32914677	 0.3650013	 -0.73215365	 -0.4715799	 -5.2167845	 -15.38219	 -28.619442	Triplo salto in lungo	2	Braccio
91	 3074295827	 0.9958311955008402	 0.021351556495558505	 0.07139710049716115	 0.052600334059609295	 0.31021099340636754	 -0.22262911126919668	 -0.09042973522355481	 -0.587890625	 -0.28759765625	 -0.20751953125	 0.397636	 0.3661808	 -0.7347137	 -0.4098697	 -2.1686978	 -22.024515	 -17.842157	Triplo salto in lungo	2	Braccio
92	 3074312494	 0.995585534467296	 0.034493077931283256	 0.06694328715617633	 0.05602024133311828	 0.27057564613965424	 -0.1118847432192753	 -0.13417879091342363	 -0.72216796875	 -0.248046875	 -0.183349609375	 0.4564282	 0.36488932	 -0.73952305	 -0.33411837	 1.8123767	 -19.18397	 -8.357338	Triplo salto in lungo	2	Braccio
93	 3074329161	 0.9950434852998102	 0.05173208159585743	 0.06301173377415781	 0.05693659195052531	 0.19427973950209262	 -0.025501488936558517	 -0.15886548029610864	 -0.842529296875	 -0.16064453125	 -0.182861328125	 0.50206786	 0.36591357	 -0.74509615	 -0.24262542	 5.452237	 -12.128658	 -2.5854607	Triplo salto in lungo	2	Braccio
94	 3074345828	 0.9935196693587451	 0.07198668698747876	 0.06650541390054131	 0.05756399409156754	 0.19887373430336627	 -0.046211553652661774	 -0.10416749967516098	 -0.945556640625	 -0.0224609375	 -0.22119140625	 0.5368791	 0.3732839	 -0.7451099	 -0.13126835	 3.9229367	 -11.045257	 -2.6193328	Triplo salto in lungo	2	Braccio
95	 3074362495	 0.9928280136618699	 0.07552704609655322	 0.07105963814817352	 0.05948721225949028	 0.2827024411674679	 -0.10282352414636253	 -0.12281538799873312	 -1.033203125	 0.138427734375	 -0.29541015625	 0.5662898	 0.37652013	 -0.7330699	 -0.012532316	 6.7491865	 -14.494291	 1.3425579	Triplo salto in lungo	2	Braccio
96	 3074379162	 0.9936274804946842	 0.06457065522748731	 0.07097231725422141	 0.0591438134790544	 0.36213578207396924	 -0.2036213283168703	 -0.2069256686916429	 -1.091064453125	 0.286865234375	 -0.398681640625	 0.59168315	 0.36842704	 -0.71027726	 0.09838201	 15.388596	 -15.884028	 7.1100407	Triplo salto in lungo	2	Braccio
97	 3074395829	 0.9948772155654859	 0.04027977289701673	 0.07228907430539211	 0.058061653267022124	 0.335198030177784	 -0.19254811613818681	 -0.1566829908674742	 -1.123779296875	 0.386962890625	 -0.506103515625	 0.619614	 0.3419274	 -0.68020755	 0.19100244	 14.038806	 -10.85265	 7.834429	Triplo salto in lungo	2	Braccio
98	 3074412496	 0.9954050147332351	 0.030145662995096884	 0.06681672552053862	 0.06160861009004531	 0.31441912629474844	 -0.1579249699367426	 -0.08874287633893083	 -1.125	 0.465087890625	 -0.592529296875	 0.6399543	 0.30409145	 -0.6498622	 0.27507523	 10.45165	 -7.1326656	 7.9047604	Triplo salto in lungo	2	Braccio
99	 3074429163	 0.9955107947466031	 0.032504467625500966	 0.06084007830147301	 0.06480896542640037	 0.29827472016670137	 -0.16574873614449115	 -0.0645667951604039	 -1.091552734375	 0.53857421875	 -0.6787109375	 0.64851284	 0.26432496	 -0.6175499	 0.35804465	 10.043193	 -4.3848705	 7.9093494	Triplo salto in lungo	2	Braccio
100	 3074445830	 0.9961613535010039	 0.031259079846028937	 0.05803549148267976	 0.05759608881331629	 0.3326435420266785	 -0.10900306181317608	 -0.044585573509420016	 -1.042236328125	 0.59521484375	 -0.760498046875	 0.65244234	 0.2268572	 -0.5803182	 0.43137676	 6.3754086	 0.9965294	 10.352917	Triplo salto in lungo	2	Braccio
101	 3074462497	 0.9971551157103997	 0.025280324950524735	 0.05437762740072086	 0.045668961245506685	 0.39022904980776574	 0.10382878860397807	 -0.03576208712567516	 -0.992431640625	 0.641357421875	 -0.835205078125	 0.65614676	 0.1925235	 -0.54145664	 0.48911262	 -5.0694356	 12.061914	 10.690578	Triplo salto in lungo	2	Braccio
102	 3074479164	 0.9977730500094816	 0.023792678222182395	 0.05097230140269205	 0.0358423440570699	 0.25108299157281533	 0.20240346874500154	 -0.018970575570509615	 -0.956787109375	 0.667724609375	 -0.893798828125	 0.6597805	 0.16381975	 -0.5009842	 0.53560054	 -10.727906	 12.866342	 -0.06176567	Triplo salto in lungo	2	Braccio
103	 3074495831	 0.9985852296873794	 0.024174223882439005	 0.04127195756868727	 0.023232982338347506	 0.10626350011679285	 0.07997783541201474	 -0.1010498663315049	 -0.931396484375	 0.685791015625	 -0.95654296875	 0.6629971	 0.14696576	 -0.46280143	 0.5697814	 -1.7169597	 9.812247	 -8.711423	Triplo salto in lungo	2	Braccio
104	 3074512498	 0.9995702730768549	 0.006791234116382938	 0.027343799984268977	 0.008091039652522114	 -0.05022969129573755	 -0.05600740165970719	 -0.21355015157442558	 -0.918701171875	 0.696533203125	 -0.983154296875	 0.6697088	 0.13359462	 -0.44091147	 0.58244294	 8.952624	 6.360213	 -17.808136	Triplo salto in lungo	2	Braccio
105	 3074529165	 0.9995187564663627	 -0.026951117314107653	 0.012177112566899434	 -0.009360057531358492	 -0.11803477852075553	 0.008503679866383266	 -0.1964986143483186	 -0.93505859375	 0.682373046875	 -0.946533203125	 0.6836733	 0.114017494	 -0.446557	 0.56584275	 5.165437	 3.6393108	 -22.039185	Triplo salto in lungo	2	Braccio
106	 3074545832	 0.9989979825426502	 -0.03630599464268103	 -0.012846054530326669	 -0.022800976113413862	 0.0019871281852084956	 0.10505020349930627	 -0.13724670192205968	 -0.969970703125	 0.6533203125	 -0.86767578125	 0.69412947	 0.10807981	 -0.4725633	 0.53215337	 -1.5434904	 7.6411943	 -16.652454	Triplo salto in lungo	2	Braccio
107	 3074562499	 0.9988048822048864	 -0.017348005214567586	 -0.032008737750059614	 -0.03260819998721554	 -0.09868967797897452	 0.11140592736528555	 -0.08621468783789198	 -1.006591796875	 0.624267578125	 -0.818603515625	 0.6972243	 0.1301961	 -0.49969256	 0.49722716	 -2.731201	 2.3749087	 -19.476767	Triplo salto in lungo	2	Braccio
108	 3074579166	 0.9985883521357112	 -0.012234353154348843	 -0.028355138882556283	 -0.043215849878608326	 0.10269842363621272	 -0.11707135853191497	 -0.05260578548834325	 -1.05126953125	 0.5966796875	 -0.77392578125	 0.70496565	 0.15913	 -0.51879865	 0.45667186	 7.607844	 2.2839367	 -3.9674454	Triplo salto in lungo	2	Braccio
109	 3074595833	 0.9963668915545452	 -0.01527278658325626	 -0.052966139825544795	 -0.06491800548304193	 0.8822395854358217	 -0.5678110062102174	 -0.015571467148769086	 -1.11474609375	 0.5517578125	 -0.732177734375	 0.70653987	 0.20754069	 -0.5506636	 0.3930623	 30.39592	 7.7327666	 44.774246	Triplo salto in lungo	2	Braccio
110	 3074612500	 0.9952729214283256	 -0.06001550603536615	 -0.051010280218126765	 -0.05681463032453182	 0.49128870339157865	 -0.6393400144688126	 -0.08546049012965126	 -1.160400390625	 0.460693359375	 -0.617431640625	 0.7086019	 0.21731831	 -0.5967008	 0.30757815	 35.59476	 -9.959922	 21.816803	Triplo salto in lungo	2	Braccio
111	 3074629167	 0.996279146414678	 -0.06377735421509456	 -0.04199656299656291	 -0.03995747996356381	 0.40686653015199536	 -0.35022032390168545	 -0.060816292782523096	 -1.164794921875	 0.3408203125	 -0.48681640625	 0.70514756	 0.20945866	 -0.63657063	 0.23167181	 19.472677	 -8.336292	 14.724644	Triplo salto in lungo	2	Braccio
112	 3074645834	 0.9975749635441362	 0.005288172175849981	 -0.048187340328459345	 -0.049942042179139556	 0.2640261483576595	 0.023356104139074633	 -0.13817983574121945	 -1.154541015625	 0.282958984375	 -0.4404296875	 0.68113655	 0.25680795	 -0.6586633	 0.19043432	 7.0272107	 6.957957	 5.1496944	Triplo salto in lungo	2	Braccio
113	 3074662501	 0.9964583459522698	 0.0532146775592541	 -0.047163551507854035	 -0.044883875540078395	 0.2289803437303703	 -0.20802071649168097	 -0.010939869619238346	 -1.13427734375	 0.321044921875	 -0.467041015625	 0.6403428	 0.33203474	 -0.66789764	 0.18337652	 8.735439	 -10.641732	 2.6530428	Triplo salto in lungo	2	Braccio
114	 3074679168	 0.9967046887851062	 0.057922501061485554	 -0.04581437699661196	 -0.03355279548680218	 0.29688926846759695	 -0.44556299913026554	 0.2165054570108994	 -1.115478515625	 0.387939453125	 -0.525146484375	 0.5925473	 0.39984867	 -0.67393637	 0.1865976	 9.263976	 -31.470177	 1.347167	Triplo salto in lungo	2	Braccio
115	 3074695835	 0.9989203966399149	 0.023808329955886637	 -0.039549330466011674	 -0.0052014479865576954	 0.15420237175360307	 -0.48089411854062725	 0.21556762112126757	 -1.075927734375	 0.434326171875	 -0.561767578125	 0.55533016	 0.42481026	 -0.6902049	 0.1864457	 13.738064	 -29.94025	 -10.279046	Triplo salto in lungo	2	Braccio
116	 3074712502	 0.9988809265251195	 -0.03661532833611192	 -0.02779761372482698	 0.011113281529904484	 0.07055106209571924	 -0.5288526306964063	 0.276741717513666	 -1.017333984375	 0.4072265625	 -0.515869140625	 0.5479995	 0.4015558	 -0.71634996	 0.15903586	 15.026075	 -31.815273	 -17.713104	Triplo salto in lungo	2	Braccio
117	 3074729169	 0.998654323575879	 -0.05020983657969	 0.002668281220435914	 0.012704117016663576	 0.07626383156364878	 -0.3887909734851104	 0.19457955310616615	 -0.9892578125	 0.33203125	 -0.44384765625	 0.5665687	 0.3636501	 -0.7269548	 0.13525987	 9.491996	 -24.28084	 -14.475747	Triplo salto in lungo	2	Braccio
118	 3074745836	 0.9992861003844524	 -0.018247441866451386	 0.018892336275900205	 0.027155111375261998	 0.1093613777865888	 -0.324451685586457	 0.3286748773797044	 -0.983642578125	 0.29150390625	 -0.413818359375	 0.58227456	 0.33023772	 -0.72786	 0.14872572	 -1.607481	 -28.105207	 -14.106744	Triplo salto in lungo	2	Braccio
119	 3074762503	 0.9984537096263082	 0.024720382279085407	 0.031403676358373246	 0.03863808412199483	 0.10615547508885259	 -0.2893923462294156	 0.3163368753675545	 -0.984619140625	 0.32275390625	 -0.430419921875	 0.5901953	 0.31057116	 -0.7166234	 0.20412278	 -3.4996939	 -26.19444	 -11.778189	Triplo salto in lungo	2	Braccio
120	 3074779170	 0.9966730295146722	 0.048985108838298125	 0.04853808855722031	 0.04344404803142776	 0.16503650039389156	 -0.2273908230753751	 0.20623828775436828	 -0.987548828125	 0.399169921875	 -0.51220703125	 0.59917516	 0.2964657	 -0.6873359	 0.2840193	 -0.6174094	 -20.00223	 -3.7426214	Triplo salto in lungo	2	Braccio
121	 3074795837	 0.9956640877204912	 0.054103156323686286	 0.0631060913573446	 0.0417551689391304	 0.2457283045304443	 -0.250029875279807	 0.11153723685656508	 -1.000244140625	 0.48388671875	 -0.614990234375	 0.6124114	 0.27995133	 -0.6411302	 0.36814597	 5.274036	 -15.793892	 4.6766176	Triplo salto in lungo	2	Braccio
122	 3074812504	 0.9960597516556601	 0.040590786401365986	 0.06821632196748227	 0.03954608208422533	 0.26249843364003766	 -0.2827702522497035	 0.06247073812721614	 -1.007080078125	 0.54736328125	 -0.71240234375	 0.6280666	 0.2521513	 -0.5901809	 0.44004402	 10.097475	 -11.15261	 8.175627	Triplo salto in lungo	2	Braccio
123	 3074829171	 0.9962343717116741	 0.02242105454515897	 0.07316692253572397	 0.04075505342875036	 0.22775295869296727	 -0.2745963139243098	 0.06515124506925284	 -1.005126953125	 0.5869140625	 -0.783203125	 0.64531773	 0.20789364	 -0.53961647	 0.4991587	 10.817687	 -7.63909	 7.4517345	Triplo salto in lungo	2	Braccio
124	 3074845838	 0.9959962089216425	 0.01638668907654034	 0.07611766857751683	 0.04392184838036731	 0.22512778313785203	 -0.21075599592569044	 0.060330771304189165	 -0.987548828125	 0.614013671875	 -0.838134765625	 0.65829694	 0.15480551	 -0.48658478	 0.5530965	 8.096837	 -2.3781188	 7.0477257	Triplo salto in lungo	2	Braccio
125	 3074862505	 0.9958305813473785	 0.02743047951501515	 0.0730322807870942	 0.047279044088829776	 0.2046418580887603	 -0.14680867063283065	 0.07933511318942786	 -0.958984375	 0.6484375	 -0.902587890625	 0.6604288	 0.10783309	 -0.4260481	 0.60884225	 4.428596	 0.65418166	 5.384653	Triplo salto in lungo	2	Braccio
126	 3074879172	 0.9955234145427142	 0.04324297207429406	 0.06853231416239462	 0.04864666873429069	 0.18686151280826127	 -0.16220100864123127	 0.08860601829563848	 -0.901123046875	 0.6787109375	 -0.991943359375	 0.65217763	 0.07269722	 -0.35530418	 0.66568655	 5.226792	 2.2527525	 4.893013	Triplo salto in lungo	2	Braccio
127	 3074895839	 0.9953081447676319	 0.05718205327838394	 0.06477679108436583	 0.043541670602944206	 0.14631182706161022	 -0.1634902548148644	 0.150705030891834	 -0.82958984375	 0.703125	 -1.10595703125	 0.63887197	 0.05047258	 -0.27414224	 0.71703637	 4.4605513	 1.0821896	 5.484336	Triplo salto in lungo	2	Braccio
128	 3074912506	 0.9954136370976387	 0.06232604316655477	 0.06602840797173577	 0.030123159926693052	 0.08398453763261413	 -0.22142507195025188	 0.13368264784484207	 -0.76806640625	 0.712890625	 -1.23193359375	 0.6292871	 0.03398488	 -0.18528962	 0.75399643	 9.384456	 1.2929175	 3.4715977	Triplo salto in lungo	2	Braccio
129	 3074929173	 0.9971958594614738	 0.04329684632058095	 0.05948669511191104	 0.01367969576588149	 -0.005992341039536341	 -0.20419352485513648	 0.07248748120164519	 -0.725341796875	 0.709228515625	 -1.320068359375	 0.6268616	 0.01327228	 -0.1131868	 0.77075124	 11.047173	 -0.012270903	 -2.9504528	Triplo salto in lungo	2	Braccio
130	 3074945840	 0.9983767300320991	 0.034112917481156746	 0.045324347469471775	 0.005090905401123516	 0.08992416367059701	 0.09523614033099585	 -0.005159132379012413	 -0.700439453125	 0.701171875	 -1.375732421875	 0.62680906	 -0.0013932837	 -0.056661025	 0.7771087	 -6.654005	 4.178066	 -10.165266	Triplo salto in lungo	2	Braccio
131	 3074962507	 0.9986405179199455	 0.045673824817191955	 0.024041869039442974	 -0.0072805376341105186	 0.20035271397491944	 0.05842504662522542	 -0.06978804943809648	 -0.6953125	 0.6884765625	 -1.453369140625	 0.6333365	 0.008887403	 -0.0043074125	 0.7738137	 -5.676166	 11.340433	 -13.486062	Triplo salto in lungo	2	Braccio
132	 3074979174	 0.9986282918752954	 0.048975619709334894	 -0.0028637674360714603	 -0.018295414080812783	 0.1973071019332972	 -0.1578374343016747	 0.029387388481758203	 -0.720458984375	 0.667724609375	 -1.5537109375	 0.6464992	 0.04262922	 0.03341988	 0.7609895	 6.955872	 13.4434395	 -7.861237	Triplo salto in lungo	2	Braccio
133	 3074995841	 0.9987679656575247	 0.034886879980821905	 -0.025784966959836786	 -0.02409547385741798	 0.14401364374562808	 -0.31560994689346455	 -0.014682940953053867	 -0.778076171875	 0.6494140625	 -1.626220703125	 0.663716	 0.08466207	 0.045188148	 0.7418029	 17.10433	 11.593064	 -12.4709	Triplo salto in lungo	2	Braccio
134	 3075012508	 0.9986893555523286	 0.015919086685870776	 -0.04436110270598035	 -0.01995611064991655	 0.06592550796576434	 -0.47541348580021536	 -0.024310630833165155	 -0.8505859375	 0.629638671875	 -1.67041015625	 0.67854863	 0.1278801	 0.029411187	 0.7227402	 27.20472	 7.265174	 -16.021225	Triplo salto in lungo	2	Braccio
135	 3075029175	 0.997512868184776	 -0.04161939404950854	 -0.0557104112710517	 -0.011500170465844653	 0.03275677106597037	 -0.4433608826444509	 -0.018414376807261976	 -0.9208984375	 0.64208984375	 -1.611328125	 0.69227654	 0.13978228	 -0.03753905	 0.7069689	 25.57941	 4.143858	 -16.23274	Triplo salto in lungo	2	Braccio
136	 3075045842	 0.9944962778520904	 -0.07901215369514786	 -0.06631238419515283	 -0.018354852468665618	 0.21626449603821343	 -0.11889106559356953	 0.10580421529531954	 -0.986572265625	 0.677001953125	 -1.45361328125	 0.7099532	 0.13224755	 -0.1374869	 0.67791927	 7.9184523	 11.248572	 -1.4267397	Triplo salto in lungo	2	Braccio
137	 3075062509	 0.9935728460623152	 -0.07797835765013672	 -0.07409175181197297	 -0.03525319303625082	 0.36348366717528746	 -0.06442542001457686	 0.04888743174686676	 -1.06640625	 0.67919921875	 -1.260498046875	 0.7291285	 0.13190365	 -0.2385647	 0.6277423	 4.718052	 18.886497	 1.1495571	Triplo salto in lungo	2	Braccio
138	 3075079176	 0.9946642563744239	 -0.0535438016217078	 -0.06832220766069684	 -0.055750823665468435	 0.5952541325430312	 -0.22488252631468028	 0.1466121063537524	 -1.156005859375	 0.642333984375	 -1.091796875	 0.7504388	 0.14982209	 -0.31480628	 0.56150866	 14.997988	 23.60208	 17.627642	Triplo salto in lungo	2	Braccio
139	 3075095843	 0.9951868061554929	 -0.016272098892267717	 -0.08171968694043215	 -0.05157841038678349	 0.6160496999385494	 -0.2665000269285202	 0.017447724363059428	 -1.230224609375	 0.59521484375	 -1.001220703125	 0.75141495	 0.20101926	 -0.37798408	 0.5020907	 20.887314	 21.69865	 16.94275	Triplo salto in lungo	2	Braccio
140	 3075112510	 0.9948710191686185	 -0.035597191369329484	 -0.07618627861212203	 -0.056215177098767694	 0.6304527450960138	 -0.21680352463290856	 -0.037387689700235316	 -1.277587890625	 0.526611328125	 -0.874267578125	 0.75247556	 0.23512422	 -0.44219923	 0.42773497	 20.425112	 18.713167	 19.130249	Triplo salto in lungo	2	Braccio
141	 3075129177	 0.9937595492646929	 -0.03180077223653399	 -0.079780511561786	 -0.07117400582610557	 0.6383062799021718	 -0.2000937605349173	 0.00973316253769671	 -1.3212890625	 0.4375	 -0.744384765625	 0.74816364	 0.27803457	 -0.49877888	 0.3378874	 19.072151	 9.718459	 24.143135	Triplo salto in lungo	2	Braccio
142	 3075145844	 0.993264499517808	 -0.01780754398273271	 -0.08161539304331998	 -0.08029603348438719	 0.7057431657827689	 -0.05005224138336223	 0.01937677327488374	 -1.348388671875	 0.336669921875	 -0.6376953125	 0.7317295	 0.33328444	 -0.5424333	 0.24343312	 13.07641	 6.660812	 30.037636	Triplo salto in lungo	2	Braccio
143	 3075162511	 0.9931495048500927	 -0.006074437448141179	 -0.08749671630031454	 -0.07721066547030066	 0.7202532091459088	 -0.22046802859249118	 -0.021310698926547383	 -1.345703125	 0.249755859375	 -0.539306640625	 0.6969547	 0.3925592	 -0.5803987	 0.15260704	 22.730202	 -8.246236	 28.389286	Triplo salto in lungo	2	Braccio
144	 3075179178	 0.9930558771568139	 -0.02052667900413807	 -0.09242592689609673	 -0.06982927989582577	 0.7086626985627156	 -0.22444898548145797	 -0.012145531440802576	 -1.29443359375	 0.161376953125	 -0.43603515625	 0.6538811	 0.43271098	 -0.61818886	 0.05516791	 21.164986	 -18.671238	 24.729435	Triplo salto in lungo	2	Braccio
145	 3075195845	 0.9927743907267255	 -0.04112226406275071	 -0.08926323141120948	 -0.06884797770131908	 0.6941411891772507	 -0.11401384793713676	 -0.0878588793332151	 -1.211181640625	 0.049072265625	 -0.322265625	 0.6124054	 0.45245433	 -0.6460918	 -0.05301266	 17.509336	 -20.27539	 23.224205	Triplo salto in lungo	2	Braccio
146	 3075212512	 0.9927916371776776	 -0.04395591958652331	 -0.08497458189974237	 -0.07219392435886546	 0.6178549036625527	 -0.058133472389737345	 -0.1743433747606169	 -1.097412109375	 -0.074462890625	 -0.243896484375	 0.56626433	 0.46651793	 -0.659962	 -0.16172877	 16.329506	 -21.079664	 18.202038	Triplo salto in lungo	2	Braccio
147	 3075229179	 0.9937055069327214	 -0.034976528749155786	 -0.07828523467844752	 -0.07209320328285508	 0.5078930290606382	 -8.661972179137695E-4	 -0.2373001568896	 -0.972900390625	 -0.17626953125	 -0.20556640625	 0.5131144	 0.4806785	 -0.66240835	 -0.25860617	 15.013174	 -19.88747	 12.779226	Triplo salto in lungo	2	Braccio
148	 3075245846	 0.9946497298664675	 -0.02414586106892691	 -0.07159106429049734	 -0.07045290472050977	 0.40883843879035353	 -0.005880036125515541	 -0.2926243574579916	 -0.84423828125	 -0.239501953125	 -0.193359375	 0.45404807	 0.49577972	 -0.657178	 -0.34082258	 16.062288	 -19.608723	 6.5458374	Triplo salto in lungo	2	Braccio
149	 3075262513	 0.9953898355744973	 -0.019563138642150465	 -0.06607181820666203	 -0.06671486851001697	 0.3432812198371278	 -0.03518801997584238	 -0.3137243289212094	 -0.720947265625	 -0.26904296875	 -0.2001953125	 0.3934664	 0.5078241	 -0.6462692	 -0.41186777	 16.284262	 -20.31446	 0.44216728	Triplo salto in lungo	2	Braccio
152	 3075312514	 0.9710864700142136	 -0.01333269927901859	 -0.18308070475426183	 -0.15262621803593251	 0.4748170729154719	 -0.19163852696820666	 -0.8164857611176044	 -0.372802734375	 -0.21044921875	 -0.317138671875	 0.20275943	 0.5177677	 -0.62240106	 -0.5508378	 14.881572	 -7.491854	 -11.422113	Triplo salto in lungo	2	Braccio
153	 3075329181	 0.9975659552251355	 0.012650767006112701	 -0.06181387949094824	 -0.02968446348173732	 0.021777657805868295	 -0.10807197048547203	 -0.24022659606697894	 -0.26904296875	 -0.15283203125	 -0.388427734375	 0.13918065	 0.5054863	 -0.6271535	 -0.57601297	 14.099978	 -7.068355	 -11.463032	Triplo salto in lungo	2	Braccio
154	 3075345848	 0.9977857946707172	 0.013003347795779135	 -0.06301795179243548	 -0.016827318601421254	 0.14577396930386868	 -0.12049295751822284	 -0.1925785200570518	 -0.170654296875	 -0.10546875	 -0.469482421875	 0.08130806	 0.48244432	 -0.63558704	 -0.5972152	 8.262362	 -12.428351	 -16.100264	Triplo salto in lungo	2	Braccio
155	 3075362515	 0.9978793111057906	 0.006014881584779502	 -0.06443625289055356	 -0.00697645898564555	 0.4171568910589799	 -0.2126464516380009	 -0.060606603509115606	 -0.082275390625	 -0.07861328125	 -0.5732421875	 0.03151927	 0.4498545	 -0.6418076	 -0.6202585	 -3.8928254	 -18.051708	 -31.293709	Triplo salto in lungo	2	Braccio
156	 3075379182	 0.9973622761110185	 -0.0056029030195020035	 -0.0723666055380089	 -4.1481478857272047E-4	 0.6584264814310156	 -0.292148864450427	 0.17709003056160175	 0.005859375	 -0.079833984375	 -0.689697265625	 -0.013876836	 0.40572223	 -0.641047	 -0.6513492	 -20.225477	 -13.308716	 -47.156696	Triplo salto in lungo	2	Braccio
157	 3075395849	 0.9971650329418231	 -0.009059447541558185	 -0.07424869244053856	 -0.008182613228359227	 0.8448624565304583	 -0.2540526297352994	 0.36417521793289	 0.0791015625	 -0.075439453125	 -0.828369140625	 -0.06360332	 0.3630795	 -0.6314976	 -0.68215746	 -36.84844	 -4.4697495	 -53.419346	Triplo salto in lungo	2	Braccio
158	 3075412516	 0.9972269987895355	 0.005538640326288785	 -0.07420381241326908	 -0.0011960651689039842	 0.37955628091973526	 -0.17476382150288405	 0.33383316639457333	 0.12841796875	 -0.063720703125	 -0.9814453125	 -0.113008134	 0.3127149	 -0.6310243	 -0.7008903	 -19.188732	 11.637711	 -32.75015	Triplo salto in lungo	2	Braccio
159	 3075429183	 0.9981006102650665	 0.010032641823899763	 -0.059007293996915906	 0.014582768656762198	 -0.42931517444183365	 -0.244258871171037	 0.31560822221351115	 0.161865234375	 -0.08056640625	 -1.12109375	 -0.14277197	 0.26085472	 -0.6371854	 -0.71103144	 22.552221	 26.810375	 -6.7278156	Triplo salto in lungo	2	Braccio
160	 3075445850	 0.9988714915485916	 0.024196106701942277	 -0.02282301696391315	 0.03390282714796734	 -0.3435225078444553	 -0.09328472408974835	 0.22844638201345996	 0.17919921875	 -0.128662109375	 -1.1982421875	 -0.13997754	 0.21978739	 -0.66095835	 -0.70372874	 17.365404	 16.942839	 -2.3713675	Triplo salto in lungo	2	Braccio
161	 3075462517	 0.9979526193319652	 0.033498035462030645	 -0.004693148602300912	 0.05428098695538625	 0.15310542066626026	 -0.1544869703434143	 0.28400666710150685	 0.192626953125	 -0.23388671875	 -1.215087890625	 -0.11301382	 0.17608956	 -0.6957099	 -0.68717426	 -5.519632	 16.849716	 -21.907295	Triplo salto in lungo	2	Braccio
162	 3075479184	 0.9970416033617232	 0.047244800231933684	 -0.0016303412695350408	 0.06060785431174512	 0.13824481925827758	 -0.3211706311422962	 0.18898293111454553	 0.19140625	 -0.3525390625	 -1.220947265625	 -0.08144598	 0.12741213	 -0.73755676	 -0.65813595	 -0.7920337	 10.69409	 -31.11244	Triplo salto in lungo	2	Braccio
163	 3075495851	 0.9963187506662176	 0.05196954043580085	 -0.0016201838590531594	 0.06815782377733277	 0.19539364044097557	 -0.28474053135868277	 0.17063222600381592	 0.17431640625	 -0.48876953125	 -1.214599609375	 -0.04493434	 0.07184483	 -0.77837735	 -0.62205154	 -6.610764	 7.5085135	 -30.64607	Triplo salto in lungo	2	Braccio
164	 3075512518	 0.9951764014056	 0.06256434950223898	 0.004574007547010428	 0.07542354215841025	 0.21496459439225282	 -0.13884527610806568	 0.20139542863387078	 0.132080078125	 -0.63232421875	 -1.180419921875	 7.594265E-4	 0.013282288	 -0.8198536	 -0.57241887	 -11.53949	 9.286242	 -22.555363	Triplo salto in lungo	2	Braccio
165	 3075529185	 0.9927950365848287	 0.08903798622305564	 0.016783456901476868	 0.078412804543057	 0.18370524135280625	 0.010389627024660047	 0.18398148145433194	 0.066162109375	 -0.765380859375	 -1.0888671875	 0.05814109	 -0.04097178	 -0.8664813	 -0.49411678	 -11.20921	 10.335263	 -13.165316	Triplo salto in lungo	2	Braccio
166	 3075545852	 0.989999386364742	 0.11819983864554592	 0.030659452312596872	 0.07064001079765314	 0.25006749948808665	 0.1070319004796268	 0.15274704222793223	 -0.02587890625	 -0.84765625	 -0.92138671875	 0.12421373	 -0.079183996	 -0.9118798	 -0.38311377	 -14.5741825	 11.3572235	 -6.820181	Triplo salto in lungo	2	Braccio
167	 3075562519	 0.9888047540255231	 0.134656081944873	 0.03781241594934221	 0.05199153019343001	 0.25608308325020807	 0.15134782188543217	 0.1013277025016666	 -0.118896484375	 -0.83544921875	 -0.719970703125	 0.18866622	 -0.09373387	 -0.94454527	 -0.25189933	 -13.520861	 11.41305	 -3.29877	Triplo salto in lungo	2	Braccio
168	 3075579186	 0.9891283122181103	 0.13345066424486748	 0.054574250307485	 0.028943969743838286	 0.1940266658644999	 0.1663455142635236	 0.0310450334053618	 -0.216552734375	 -0.72265625	 -0.51708984375	 0.25905287	 -0.08008012	 -0.9547447	 -0.12223559	 -8.453876	 10.426396	 -2.168787	Triplo salto in lungo	2	Braccio
169	 3075595853	 0.9888222257629724	 0.1294044075427359	 0.07261686935249526	 0.014556628425474562	 0.11600981158745977	 0.14600737466614316	 0.12282185581895005	 -0.330810546875	 -0.542724609375	 -0.344970703125	 0.3387732	 -0.049264826	 -0.939577	 0.0010333492	 -7.5426145	 11.039826	 -10.666996	Triplo salto in lungo	2	Braccio
170	 3075612520	 0.9892478859556252	 0.12839435482179773	 0.06949093594399171	 0.00863247379658083	 0.18536520089726485	 0.0012531325656384429	 0.10110800901175543	 -0.4736328125	 -0.314453125	 -0.255126953125	 0.4078103	 -0.011633953	 -0.90488416	 0.12140976	 -12.36557	 1.2971631	 -7.385127	Triplo salto in lungo	2	Braccio
171	 3075629187	 0.9923314207809257	 0.11127903567096784	 0.05359314156732229	 0.00480652972462431	 0.034198352808338627	 -0.04614120441952786	 0.08093150358370388	 -0.583984375	 -0.08984375	 -0.244140625	 0.45497248	 0.024979059	 -0.86180264	 0.22287357	 -4.7533693	 -3.4574397	 -10.767128	Triplo salto in lungo	2	Braccio
172	 3075645854	 0.9936038423712932	 0.10169653717351979	 0.0490391243799184	 0.0020935691935565215	 -0.044987966269039746	 -0.09547490498120516	 0.16170092944452397	 -0.670166015625	 0.103759765625	 -0.2841796875	 0.4922766	 0.060327135	 -0.810456	 0.3117467	 -4.525283	 -9.518838	 -14.622565	Triplo salto in lungo	2	Braccio
173	 3075662521	 0.9939888649611304	 0.10023458130273923	 0.04395299006282414	 0.0027017973435481957	 0.027346560274319687	 -0.10359740041546353	 0.2780530106419398	 -0.75146484375	 0.283447265625	 -0.38232421875	 0.5188605	 0.09538388	 -0.7516631	 0.39583904	 -11.004923	 -14.037572	 -11.023173	Triplo salto in lungo	2	Braccio
174	 3075679188	 0.9932808479099119	 0.10628034698876118	 0.0457846311106544	 0.0011885173016739081	 0.0491227915988527	 -0.07497734280751678	 0.39137354431619675	 -0.81005859375	 0.44287109375	 -0.521484375	 0.5399643	 0.13276018	 -0.67924505	 0.47899878	 -15.35367	 -18.518187	 -8.513733	Triplo salto in lungo	2	Braccio
175	 3075695855	 0.9918645947098592	 0.11385309075016381	 0.05547844802316069	 -0.012815665906349251	 0.16232220867305036	 -0.1377578781947645	 0.44319086678132835	 -0.88671875	 0.5849609375	 -0.71630859375	 0.56501365	 0.17712441	 -0.585233	 0.5539756	 -14.031929	 -22.00953	 3.9306097	Triplo salto in lungo	2	Braccio
176	 3075712522	 0.9929146973021927	 0.09561301711812303	 0.058020253183633	 -0.040152273402283084	 0.4278262231303023	 -0.39195671598820225	 0.26678794682481993	 -0.987060546875	 0.66357421875	 -0.9228515625	 0.60094947	 0.222908	 -0.4852946	 0.59469414	 4.5934362	 -10.377644	 26.785019	Triplo salto in lungo	2	Braccio
177	 3075729189	 0.9960972537709516	 0.050449603934444476	 0.05379920409374345	 -0.0484844730991895	 0.26011981539907514	 -0.451795615466013	 -0.041340034049902	 -1.114501953125	 0.673095703125	 -1.072509765625	 0.64274114	 0.24529661	 -0.4072982	 0.6006844	 23.290922	 4.6871223	 10.683197	Triplo salto in lungo	2	Braccio
178	 3075745856	 0.9990259769121279	 -0.0037658063040360013	 0.02665692950775456	 -0.03496175434481888	 0.2403488362637903	 -0.45155397662823227	 -0.2549611340845006	 -1.20556640625	 0.654296875	 -1.11669921875	 0.6750708	 0.24208586	 -0.38111544	 0.5834596	 29.0686	 16.301474	 -1.7346716	Triplo salto in lungo	2	Braccio
179	 3075762523	 0.998722165584432	 -0.04548928687971543	 0.012510015452002284	 -0.018117954159006664	 0.18854216839094542	 -0.41081159198107986	 -0.15803843257350347	 -1.25439453125	 0.625244140625	 -1.052490234375	 0.7004758	 0.21190175	 -0.3928716	 0.55685115	 26.488417	 9.164555	 -3.5024638	Triplo salto in lungo	2	Braccio
180	 3075779190	 0.9993119635018908	 -0.03247101181336054	 0.014163969625580449	 -0.010982484156966787	 0.23394024715858014	 -0.09406938079215171	 -0.15469075040383548	 -1.279052734375	 0.597900390625	 -0.98388671875	 0.71830094	 0.18662053	 -0.3975655	 0.53959066	 9.253487	 13.789186	 -3.548223	Triplo salto in lungo	2	Braccio
181	 3075795857	 0.9995749551252392	 0.02439844519893325	 0.0017905020070910077	 -0.015856199444172107	 0.16359069484869526	 -0.008186913234855833	 -0.18994365488810033	 -1.311767578125	 0.584716796875	 -1.013671875	 0.7223443	 0.2107556	 -0.37939286	 0.53838843	 5.6674743	 13.923583	 -9.129616	Triplo salto in lungo	2	Braccio
182	 3075812524	 0.9988385578405194	 0.040831344749878484	 -0.023559723726122948	 -0.009963738000196676	 0.13471378354250238	 -0.20239693820139765	 -0.20691456257750274	 -1.3271484375	 0.590087890625	 -1.0693359375	 0.7088151	 0.25796056	 -0.37146685	 0.541341	 16.448704	 9.8148575	 -9.981476	Triplo salto in lungo	2	Braccio
183	 3075829191	 0.9989604016367275	 0.023843126591726438	 -0.038584065800525834	 -0.004570682927072579	 0.15025315344506573	 -0.19350884830010667	 -0.20812341286341401	 -1.324951171875	 0.594482421875	 -1.092529296875	 0.6893389	 0.29860634	 -0.38416466	 0.536716	 15.471112	 11.510746	 -9.45032	Triplo salto in lungo	2	Braccio
184	 3075845858	 0.99871594805339	 -0.0030238291992565336	 -0.05056772350109429	 4.657260021857512E-4	 0.1400157172556171	 -0.16661072449634134	 -0.20159775995254764	 -1.311279296875	 0.5947265625	 -1.05419921875	 0.66873527	 0.3245086	 -0.42033908	 0.520387	 13.306392	 11.792081	 -8.974476	Triplo salto in lungo	2	Braccio
185	 3075862525	 0.997863729271231	 -0.021399300949241695	 -0.0616627324259133	 0.002784807635257181	 0.14408396649797917	 -0.10086069192523077	 -0.12531175990491225	 -1.279541015625	 0.587890625	 -0.96240234375	 0.64573133	 0.34184244	 -0.47293392	 0.49245137	 8.451931	 8.694253	 -5.2455225	Triplo salto in lungo	2	Braccio
186	 3075879192	 0.9972576758189954	 -0.02527678956741597	 -0.06953851542917792	 -0.0016145591243348356	 0.22703007417837986	 -0.024635028205852866	 -0.08154839459243542	 -1.239501953125	 0.57275390625	 -0.864501953125	 0.6191929	 0.36102462	 -0.52868426	 0.45470244	 3.6556613	 8.249052	 1.5998087	Triplo salto in lungo	2	Braccio
187	 3075895859	 0.9967808659911643	 -0.026577797002642956	 -0.07538053622504455	 -0.006269023752973391	 0.29290129450520414	 -0.03569563841324062	 -0.04877623744184829	 -1.187744140625	 0.546142578125	 -0.76416015625	 0.58834577	 0.38246843	 -0.5836879	 0.40850446	 3.4226816	 5.1569386	 7.0302258	Triplo salto in lungo	2	Braccio
188	 3075912526	 0.9960875286360058	 -0.02796280914171595	 -0.08329325546053394	 -0.00948420768985897	 0.3135386488033666	 -0.13215415580782622	 0.19854612076687567	 -1.12109375	 0.510986328125	 -0.66845703125	 0.5504374	 0.4055425	 -0.63834554	 0.35365146	 2.5515487	 -13.415369	 9.480221	Triplo salto in lungo	2	Braccio
189	 3075929193	 0.995506441908909	 -0.017138777370473424	 -0.08900195174084946	 -0.02741968297462061	 0.6847110467923873	 -0.25022170087144213	 0.1151745092148351	 -1.049560546875	 0.478759765625	 -0.599365234375	 0.50629205	 0.4445481	 -0.67929554	 0.29086614	 7.974082	 -17.874992	 29.907883	Triplo salto in lungo	2	Braccio
190	 3075945860	 0.9949933542519849	 -0.037717041129992857	 -0.08428154408621942	 -0.03823965388474665	 0.8557430048581891	 -0.24154763418565345	 -0.05983112088080736	 -0.9970703125	 0.427490234375	 -0.522705078125	 0.47294453	 0.47484678	 -0.71232814	 0.20840532	 9.721848	 -19.20759	 39.13284	Triplo salto in lungo	2	Braccio
191	 3075962527	 0.9959310320178176	 -0.04803959521667961	 -0.07047864214304157	 -0.02909188472779817	 0.5904141765550932	 -0.33342065201759236	 -0.09400675861276525	 -0.933837890625	 0.352294921875	 -0.43505859375	 0.44830528	 0.48664305	 -0.73878765	 0.12803836	 16.487	 -22.018843	 20.686808	Triplo salto in lungo	2	Braccio
192	 3075979194	 0.9967506533789814	 -0.03019444418445988	 -0.06540936632869233	 -0.036028396098691184	 0.48523952266773396	 -0.1527376785953548	 -0.1381835214453534	 -0.873779296875	 0.2841796875	 -0.380126953125	 0.416475	 0.5074355	 -0.7519871	 0.05977848	 8.413631	 -16.903778	 15.560915	Triplo salto in lungo	2	Braccio
193	 3075995861	 0.9972316931381405	 -0.00223231359387166	 -0.061886443808519515	 -0.04115865704309724	 0.39886078441438044	 -0.13785260870057792	 -0.15514405973916567	 -0.815673828125	 0.2685546875	 -0.374267578125	 0.37110946	 0.5406135	 -0.7548952	 0.012175417	 8.637106	 -16.22022	 9.937084	Triplo salto in lungo	2	Braccio
194	 3076012528	 0.9973192864398	 0.0014688311103973617	 -0.061489396131441505	 -0.03963757805124102	 0.38115962273280773	 -0.23457494515659005	 0.015738616064722877	 -0.75830078125	 0.275146484375	 -0.384521484375	 0.32220525	 0.57120854	 -0.7542576	 -0.031624947	 7.8807163	 -24.682554	 -2.6974864	Triplo salto in lungo	2	Braccio
195	 3076029195	 0.9974252726199592	 0.005067993739517995	 -0.06038125586994592	 -0.0383568105820136	 0.2523509258197317	 -0.24902430782473062	 -0.13382106409100927	 -0.70654296875	 0.291015625	 -0.40185546875	 0.27078134	 0.5991725	 -0.7500756	 -0.07110974	 14.633518	 -15.918609	 -2.7831278	Triplo salto in lungo	2	Braccio
196	 3076045862	 0.9982236709985196	 0.02249961826913799	 -0.048431498217062864	 -0.02641325077367329	 0.18603529808060024	 -0.19940116443470424	 -0.1772659739763377	 -0.65380859375	 0.33203125	 -0.44140625	 0.2176505	 0.62131804	 -0.747729	 -0.08656375	 13.993178	 -11.368559	 -2.3433008	Triplo salto in lungo	2	Braccio
197	 3076062529	 0.9992112191751873	 0.017621465563060212	 -0.032468401939862016	 -0.014567988924943433	 0.16329640662283462	 -0.17462759996149127	 -0.12758186708848598	 -0.622314453125	 0.3720703125	 -0.486083984375	 0.17996417	 0.6334642	 -0.74680936	 -0.09280117	 11.339694	 -10.604704	 -4.9831076	Triplo salto in lungo	2	Braccio
198	 3076079196	 0.999742660961031	 0.002984668301318605	 -0.018732817956323786	 -0.01244126766464379	 0.1334048195940103	 -0.22237358485953668	 -0.09156763317933203	 -0.603515625	 0.387451171875	 -0.505126953125	 0.16184944	 0.64209294	 -0.7425499	 -0.10070415	 13.237871	 -9.7446	 -8.375817	Triplo salto in lungo	2	Braccio
199	 3076095863	 0.9998671408481608	 -0.00540547177547851	 -0.006863629179934134	 -0.01376125435741052	 0.1282750943227708	 -0.22698246722606713	 -0.05238300213680799	 -0.608642578125	 0.387939453125	 -0.502197265625	 0.15774415	 0.6513457	 -0.7344011	 -0.10733481	 12.76325	 -9.519783	 -10.836896	Triplo salto in lungo	2	Braccio
200	 3076112530	 0.9998532901341006	 -5.478104017658247E-4	 2.4313685919183373E-4	 -0.017118381823221562	 0.11902327058878134	 -0.1817922226227916	 -0.06065393591876554	 -0.626220703125	 0.386962890625	 -0.5	 0.15532376	 0.66443455	 -0.7232656	 -0.106246956	 10.693516	 -8.296852	 -9.679073	Triplo salto in lungo	2	Braccio
201	 3076129197	 0.999837601867137	 0.0032107713989193987	 0.003983921297578082	 -0.01727973410359972	 0.0585863595668579	 -0.15020123402689461	 -0.0844599465329296	 -0.658447265625	 0.401123046875	 -0.50390625	 0.15310124	 0.67839396	 -0.7115799	 -0.09997965	 9.971496	 -4.0695186	 -8.009419	Triplo salto in lungo	2	Braccio
202	 3076145864	 0.9998153344814212	 0.008630609482550122	 0.012577534946452489	 -0.011688247534785062	 0.03595583550560751	 -0.11280818735438705	 -0.06539589142665472	 -0.693603515625	 0.41259765625	 -0.50634765625	 0.15380825	 0.68976665	 -0.70259255	 -0.08323866	 7.640161	 -2.2891748	 -8.311722	Triplo salto in lungo	2	Braccio
203	 3076162531	 0.999682379112388	 0.013992635043433566	 0.020706939026149788	 -0.0032511125640932452	 0.0439472794830755	 -0.08595566538515936	 -0.03604538241617729	 -0.72607421875	 0.432861328125	 -0.519775390625	 0.15711847	 0.69625163	 -0.69815457	 -0.055925995	 5.5783496	 -2.5922768	 -9.188003	Triplo salto in lungo	2	Braccio
204	 3076179198	 0.9995804672977189	 0.008956456202559082	 0.027540825713969475	 -4.1738250834609525E-4	 0.0840260358877568	 -0.17225867348253543	 -0.03354715370211156	 -0.764404296875	 0.449462890625	 -0.52734375	 0.16873224	 0.6996947	 -0.6937047	 -0.027033312	 10.561625	 -4.956822	 -10.223523	Triplo salto in lungo	2	Braccio
205	 3076195865	 0.9994095127927528	 1.1630547813878955E-4	 0.03435314035426261	 6.884476658190753E-4	 0.13769730486914003	 -0.21328451574150953	 -0.031816403057493156	 -0.80859375	 0.44970703125	 -0.531982421875	 0.19107413	 0.70020926	 -0.68789333	 6.49102E-4	 13.124519	 -7.9630585	 -9.838348	Triplo salto in lungo	2	Braccio
206	 3076212532	 0.9992987356053241	 -0.0040186424299665235	 0.036826555891163244	 0.005449065224005484	 0.18422934816690711	 -0.19367878465331548	 -0.009616278172804152	 -0.857177734375	 0.447509765625	 -0.5244140625	 0.21773493	 0.69559985	 -0.6840622	 0.028131088	 11.941156	 -10.71369	 -9.399459	Triplo salto in lungo	2	Braccio
207	 3076229199	 0.9991778480536151	 -0.004318096232804325	 0.03865875173046269	 0.011422911997982623	 0.2236122718472562	 -0.1603583325764573	 -0.008848134811840325	 -0.900146484375	 0.4404296875	 -0.51806640625	 0.24537139	 0.6855696	 -0.6829555	 0.057957657	 10.244802	 -12.709947	 -7.291866	Triplo salto in lungo	2	Braccio
208	 3076245866	 0.998995115323351	 -0.007104808740232227	 0.04118164471247183	 0.016197326681439084	 0.2511575614420083	 -0.15946866485446104	 -0.06019272758831466	 -0.9345703125	 0.430419921875	 -0.512939453125	 0.2759538	 0.6700274	 -0.6834084	 0.08868984	 11.048349	 -12.669882	 -2.806548	Triplo salto in lungo	2	Braccio
209	 3076262533	 0.998418849815431	 -0.007658884657514353	 0.05225881296080012	 0.01923949809539594	 0.2296611088271675	 -0.17698381976678568	 -0.08684907470243701	 -0.978515625	 0.42333984375	 -0.51220703125	 0.3134957	 0.64934164	 -0.6811219	 0.1270782	 12.259908	 -10.275452	 -1.2171211	Triplo salto in lungo	2	Braccio
210	 3076279200	 0.9981957828342691	 -0.007438328085449086	 0.055681231963162166	 0.021200255051256528	 0.28266215237571213	 -0.11201376582928446	 -0.08312087476704913	 -1.031494140625	 0.4169921875	 -0.519775390625	 0.3518531	 0.62453353	 -0.6767123	 0.16798183	 8.429296	 -11.555088	 2.5606327	Triplo salto in lungo	2	Braccio
211	 3076295867	 0.9981992943538699	 -0.003197107550661049	 0.05479087861739044	 0.024205513319903674	 0.30146793929100746	 -0.09913900105202622	 -0.126709765487449	 -1.071044921875	 0.421875	 -0.533203125	 0.38517126	 0.5968573	 -0.6712965	 0.21157938	 8.212353	 -9.0008	 6.6758575	Triplo salto in lungo	2	Braccio
212	 3076312534	 0.9980878234288216	 1.2828002669124094E-4	 0.056442447592249985	 0.025197824849542416	 0.33650144066202725	 -0.12796598386259844	 -0.16771634130597435	 -1.107177734375	 0.43408203125	 -0.565185546875	 0.41591257	 0.56701523	 -0.6625804	 0.25787178	 10.197921	 -6.8584375	 10.603205	Triplo salto in lungo	2	Braccio
213	 3076329201	 0.9981216210256599	 -0.001098606679592995	 0.0557020546730464	 0.02548144049447665	 0.33471163067817516	 -0.16658160267353467	 -0.18765972883693693	 -1.146728515625	 0.448974609375	 -0.59716796875	 0.44510204	 0.5343063	 -0.65210515	 0.30192712	 12.286838	 -3.7966304	 11.741283	Triplo salto in lungo	2	Braccio
214	 3076345868	 0.998199709377726	 -0.0040934766908569675	 0.05257966474718768	 0.028565057358216184	 0.31454862972983194	 -0.14863959870076415	 -0.1875474361122638	 -1.16552734375	 0.462158203125	 -0.623779296875	 0.47113296	 0.4970527	 -0.6431946	 0.34245127	 10.835441	 -0.4364979	 11.276522	Triplo salto in lungo	2	Braccio
215	 3076362535	 0.9982193666214014	 -0.0038084809978329304	 0.051842780915430604	 0.02925607016350346	 0.3304638549943632	 -0.1308381039596997	 -0.16064948135407764	 -1.181884765625	 0.478515625	 -0.651123046875	 0.49447215	 0.45783654	 -0.6326228	 0.38166922	 8.822825	 0.40485215	 11.858433	Triplo salto in lungo	2	Braccio
216	 3076379202	 0.9983860600672704	 -0.0024621487169620426	 0.04979812017945918	 0.027191177128627786	 0.34152623979496644	 -0.10065606504348774	 -0.12890827262376256	 -1.191650390625	 0.49658203125	 -0.679443359375	 0.5149046	 0.41972005	 -0.6194995	 0.41824502	 5.971242	 1.4001138	 12.063669	Triplo salto in lungo	2	Braccio
217	 3076395869	 0.9985643853287771	 5.567315988325161E-4	 0.047257450905532766	 0.025210944781971004	 0.3281360937045748	 -0.11888793404978774	 -0.12223663567946896	 -1.19873046875	 0.51416015625	 -0.713623046875	 0.53169334	 0.38411084	 -0.6037215	 0.45307988	 6.5168886	 3.1277504	 11.164177	Triplo salto in lungo	2	Braccio
218	 3076412536	 0.9986458549418662	 -2.184221258062502E-4	 0.04567104460969427	 0.024911129710701807	 0.30606414143138516	 -0.13922006356179317	 -0.10040150714245515	 -1.198974609375	 0.529541015625	 -0.7490234375	 0.5464215	 0.3478787	 -0.58738446	 0.4851635	 7.05517	 3.658051	 9.683651	Triplo salto in lungo	2	Braccio
219	 3076429203	 0.9987092175200455	 -0.0033773179547438303	 0.04347894279475701	 0.02603985594010261	 0.289075266506062	 -0.14065143428135538	 -0.08260543455081368	 -1.19775390625	 0.548583984375	 -0.775634765625	 0.55892754	 0.30937973	 -0.57268023	 0.513733	 6.5945005	 4.4151783	 8.452654	Triplo salto in lungo	2	Braccio
220	 3076445870	 0.9988099783753054	 -0.006541054473192087	 0.039820857446650655	 0.027388702351776317	 0.26074908543291686	 -0.15388076487420202	 -0.06290345212343448	 -1.18701171875	 0.55908203125	 -0.794189453125	 0.56821495	 0.2694604	 -0.560716	 0.5386283	 6.872445	 4.3898525	 6.8529377	Triplo salto in lungo	2	Braccio
221	 3076462537	 0.9989276518966089	 -0.00950196014019794	 0.035630418508572376	 0.027995219354835236	 0.23243656916774022	 -0.1507766249670174	 -0.04367675586289804	 -1.1689453125	 0.572998046875	 -0.799560546875	 0.5743381	 0.22917853	 -0.5517076	 0.55967104	 6.227232	 4.2336354	 5.237261	Triplo salto in lungo	2	Braccio
222	 3076479204	 0.999074423302829	 -0.009152951174351609	 0.03215755223755729	 0.027063111813098395	 0.2060203492403609	 -0.1325706659152578	 -0.01902868226546392	 -1.147705078125	 0.583740234375	 -0.802978515625	 0.57785773	 0.19112428	 -0.54325485	 0.57829595	 4.614141	 3.6961954	 3.6923742	Triplo salto in lungo	2	Braccio
223	 3076495871	 0.9992664243807913	 -0.004351958055373584	 0.028750083249137113	 0.02492200392184241	 0.17255189160259263	 -0.1058944118994638	 0.0016475800302838128	 -1.12744140625	 0.58984375	 -0.80517578125	 0.5789342	 0.15868975	 -0.5327256	 0.59653693	 2.8164163	 3.047445	 1.6040936	Triplo salto in lungo	2	Braccio
224	 3076512538	 0.999439545058957	 0.0028404419664362357	 0.025494658224519937	 0.021506977095707536	 0.1400448692689066	 -0.08464469462503973	 0.014014492154688689	 -1.104248046875	 0.601806640625	 -0.8203125	 0.57847327	 0.13401529	 -0.5185552	 0.6152309	 1.6393144	 2.487191	 -0.41925335	Triplo salto in lungo	2	Braccio
225	 3076529205	 0.999536854819902	 0.009116961056474027	 0.023307376726238616	 0.017312511890947933	 0.11000604073676404	 -0.07448436083441175	 0.026463604797206858	 -1.0927734375	 0.620849609375	 -0.84521484375	 0.57808226	 0.116388135	 -0.50066465	 0.6337268	 1.1482096	 1.5957209	 -1.9263463	Triplo salto in lungo	2	Braccio
226	 3076545872	 0.9995504825427861	 0.01475535962218616	 0.02248671273643044	 0.013246130046649929	 0.08519623679609287	 -0.08311759873799812	 0.03717754042980015	 -1.0791015625	 0.637939453125	 -0.8828125	 0.5787229	 0.10449494	 -0.4786917	 0.6519316	 1.7021488	 0.58659726	 -2.5516334	Triplo salto in lungo	2	Braccio
227	 3076562539	 0.9995506429771932	 0.017740506184201588	 0.022247654027567457	 0.009424884852212214	 0.07120805802574234	 -0.09668957295193813	 0.03874571433791232	 -1.07470703125	 0.654052734375	 -0.927001953125	 0.5809368	 0.096232854	 -0.45401728	 0.66867036	 2.655746	 0.32043	 -2.73003	Triplo salto in lungo	2	Braccio
228	 3076579206	 0.99961018258262	 0.016715513862636533	 0.021521685939597666	 0.006073837976632718	 0.0635542659458463	 -0.10105700928159081	 0.03587190039194485	 -1.075439453125	 0.667724609375	 -0.970458984375	 0.584691	 0.08930139	 -0.42969453	 0.6822934	 3.2021096	 0.5510609	 -3.0764394	Triplo salto in lungo	2	Braccio
231	 3076629207	 0.9983708493318492	 0.01205181541858813	 0.05555726400163195	 0.004877639405648144	 0.15384199734083934	 -0.3157622992642017	 0.09441017459274632	 -1.090087890625	 0.677001953125	 -1.031494140625	 0.60306734	 0.057926804	 -0.38545856	 0.69597137	 3.7834253	 0.5011225	 -3.6990495	Triplo salto in lungo	2	Braccio
232	 3076645874	 0.9998241449451277	 -0.009404964426638962	 0.01609458933778782	 -0.002046954549053376	 0.041609685806204326	 -0.09562932093603217	 0.04071397085410486	 -1.099365234375	 0.6748046875	 -1.025634765625	 0.61119574	 0.04248499	 -0.38101307	 0.69243324	 3.4609091	 0.36082187	 -4.0672855	Triplo salto in lungo	2	Braccio
233	 3076662541	 0.9997747438428888	 -0.01474672447663744	 0.0148180925427394	 -0.003663307861882154	 0.03799567347537765	 -0.08562525006530713	 0.03658045981442273	 -1.11572265625	 0.667724609375	 -1.004150390625	 0.61997515	 0.025296623	 -0.3808284	 0.68553674	 3.0458417	 0.3902638	 -4.6183043	Triplo salto in lungo	2	Braccio
234	 3076679208	 0.9997237695239548	 -0.01920805983034174	 0.012715676776367176	 -0.004663330407284144	 0.03466519456186213	 -0.0711001579067369	 0.032683763553523086	 -1.130859375	 0.654296875	 -0.975830078125	 0.62848455	 0.007193476	 -0.38479653	 0.67593426	 2.3657649	 0.39030695	 -5.2715673	Triplo salto in lungo	2	Braccio
235	 3076695875	 0.9996901081924786	 -0.021876012530023248	 0.010413210576022474	 -0.005717753352154604	 0.03147283066007348	 -0.06069295443383271	 0.02800516373287027	 -1.1474609375	 0.642333984375	 -0.94091796875	 0.63652176	 -0.0105821835	 -0.3917889	 0.6642512	 1.9158703	 0.3897969	 -5.8343177	Triplo salto in lungo	2	Braccio
236	 3076712542	 0.9996960589519962	 -0.02209886472017253	 0.008481473262399926	 -0.006891625731691442	 0.0248697508628711	 -0.050062197118969545	 0.02548055153232829	 -1.166748046875	 0.620361328125	 -0.902587890625	 0.64424247	 -0.026703736	 -0.39993742	 0.6513744	 1.4439777	 0.14562947	 -6.4248576	Triplo salto in lungo	2	Braccio
237	 3076729209	 0.9997418267184178	 -0.01993283179693084	 0.007077437133480302	 -0.008298916188162088	 0.02240292333881009	 -0.03213950515630813	 0.02312057365856673	 -1.18994140625	 0.602294921875	 -0.868408203125	 0.652065	 -0.039893802	 -0.40739307	 0.63816196	 0.58461815	 0.19286156	 -7.1533484	Triplo salto in lungo	2	Braccio
238	 3076745876	 0.9997958509432541	 -0.01655747086265641	 0.005939369638412171	 -0.009941352201049136	 0.02012537530130979	 -0.01637672930911475	 0.018034338092295456	 -1.211181640625	 0.583251953125	 -0.840087890625	 0.660354	 -0.049423262	 -0.41330647	 0.62503403	 -0.023046533	 0.3581285	 -7.95158	Triplo salto in lungo	2	Braccio
239	 3076762543	 0.9998287837412598	 -0.013508481655873594	 0.004755969199305072	 -0.011717716620631093	 0.025938352337124534	 -0.02066441193507412	 0.014825396307812426	 -1.234130859375	 0.5615234375	 -0.818603515625	 0.6692088	 -0.055399105	 -0.41801596	 0.6118443	 0.23957421	 0.68145126	 -7.7561846	Triplo salto in lungo	2	Braccio
240	 3076779210	 0.9998480695205267	 -0.011014599884122511	 0.0032213690915550712	 -0.013120184703140803	 0.036073929407404344	 -0.02605157933565638	 0.013475896937006588	 -1.26171875	 0.538818359375	 -0.80419921875	 0.6782358	 -0.058120318	 -0.42216146	 0.5986635	 0.48517755	 1.1351478	 -7.3120956	Triplo salto in lungo	2	Braccio
241	 3076795877	 0.9998449009418446	 -0.009570603872043282	 0.0019185330365336269	 -0.014659359914571625	 0.045168549127461294	 -0.0333350654157822	 0.007307879901048642	 -1.28857421875	 0.51806640625	 -0.787353515625	 0.68753755	 -0.05837413	 -0.42628443	 0.58495	 1.0441897	 1.5937597	 -6.999879	Triplo salto in lungo	2	Braccio
242	 3076812544	 0.9998187593799275	 -0.009564872001377345	 6.378280117238859E-4	 -0.016448549814720742	 0.04717823064971263	 -0.045477535354230304	 0.006804465526806979	 -1.31640625	 0.495849609375	 -0.7705078125	 0.6971291	 -0.057054557	 -0.431253	 0.5698919	 1.6544539	 1.4025676	 -6.5084934	Triplo salto in lungo	2	Braccio
243	 3076829211	 0.9997803071133163	 -0.010758506788971778	 -0.0010916402868232403	 -0.01795551061815698	 0.051912034017075434	 -0.058755488703802136	 0.007939842149473821	 -1.34228515625	 0.467529296875	 -0.753173828125	 0.70650387	 -0.05488062	 -0.43803254	 0.55314374	 2.2404764	 1.2185746	 -5.830989	Triplo salto in lungo	2	Braccio
244	 3076845878	 0.9997455022321673	 -0.012313824683790553	 -0.0023361708903351856	 -0.018757473011564746	 0.06450124490446107	 -0.07432581122376543	 0.012489131378471819	 -1.3740234375	 0.435302734375	 -0.73291015625	 0.71537244	 -0.052718356	 -0.44640535	 0.534963	 2.7744153	 1.2006533	 -4.6861844	Triplo salto in lungo	2	Braccio
245	 3076862545	 0.9997052004375335	 -0.01450131177745706	 -0.003420501174646871	 -0.019170924510782287	 0.07219009512873242	 -0.0839578831267132	 0.011589449129107648	 -1.39990234375	 0.4013671875	 -0.709228515625	 0.7234868	 -0.0513102	 -0.45652512	 0.5152854	 3.2574246	 1.1115122	 -4.087575	Triplo salto in lungo	2	Braccio
246	 3076879212	 0.9996727553925113	 -0.01632312925864393	 -0.0041356761143338154	 -0.01925704443124915	 0.07329876157211576	 -0.08843513074715184	 0.004377901906701271	 -1.425537109375	 0.362548828125	 -0.681396484375	 0.7307954	 -0.050767377	 -0.4678524	 0.49444416	 3.745292	 0.9178644	 -4.0952263	Triplo salto in lungo	2	Braccio
247	 3076895879	 0.999685687196172	 -0.016176751261819944	 -0.004889716277695644	 -0.018518374886966397	 0.0897250921082169	 -0.09006281104958926	 -5.719687345719492E-4	 -1.442138671875	 0.3212890625	 -0.65283203125	 0.7369437	 -0.050049014	 -0.47935572	 0.47394878	 4.0639234	 1.424104	 -3.5164666	Triplo salto in lungo	2	Braccio
248	 3076912546	 0.9997175417595513	 -0.01531019663551203	 -0.005861764104824246	 -0.01720680966365179	 0.10249053728059729	 -0.0970370604592215	 -0.004734314358443835	 -1.45751953125	 0.282470703125	 -0.626953125	 0.7416261	 -0.0488188	 -0.49085316	 0.45461047	 4.5569654	 1.5179113	 -2.8323941	Triplo salto in lungo	2	Braccio
249	 3076929213	 0.9997587250742297	 -0.013975936056285776	 -0.006443558085632017	 -0.015673079100754665	 0.11678222247562592	 -0.10635133111988526	 -0.005737405800002546	 -1.472900390625	 0.244384765625	 -0.600830078125	 0.74501556	 -0.047052044	 -0.5018861	 0.43686187	 4.9906106	 1.4725716	 -1.8844419	Triplo salto in lungo	2	Braccio
250	 3076945880	 0.9997964550653816	 -0.012430486505118077	 -0.007432454951775081	 -0.01404599791158806	 0.12903444593121127	 -0.11169171355803495	 -0.006062801862611869	 -1.4794921875	 0.209716796875	 -0.576416015625	 0.7469469	 -0.044490825	 -0.5127232	 0.4209582	 5.2120047	 1.4217618	 -1.1069269	Triplo salto in lungo	2	Braccio
251	 3076962547	 0.9998291902114675	 -0.011191622933245049	 -0.008212951822607764	 -0.01220186049587241	 0.13490034747930302	 -0.11902739885891996	 -0.006688229720190475	 -1.485595703125	 0.181396484375	 -0.554443359375	 0.74748075	 -0.04160001	 -0.52338773	 0.406949	 5.448577	 1.0187215	 -0.54197025	Triplo salto in lungo	2	Braccio
252	 3076979214	 0.9998520661594257	 -0.010867417418772063	 -0.008793631684543302	 -0.010020832159557458	 0.13746835159305046	 -0.1242255596525926	 -0.010157698621265192	 -1.484619140625	 0.151611328125	 -0.533447265625	 0.74659914	 -0.039360046	 -0.53413355	 0.39464155	 5.6952896	 0.63564354	 -0.26748466	Triplo salto in lungo	2	Braccio
253	 3076995881	 0.9998694699259355	 -0.011046633247314752	 -0.009074281670080293	 -0.007528108401180179	 0.13552351919300207	 -0.12087315042594392	 -0.014663008545952459	 -1.479248046875	 0.124267578125	 -0.511962890625	 0.7443699	 -0.03847075	 -0.5449485	 0.3840113	 5.646275	 0.47673175	 -0.46545887	Triplo salto in lungo	2	Braccio
254	 3077012548	 0.9998899352121583	 -0.01081851600868089	 -0.008807354121331152	 -0.005050513456791361	 0.13357172106038157	 -0.11867838949884403	 -0.022370630030038575	 -1.47265625	 0.100830078125	 -0.4912109375	 0.74116755	 -0.038863137	 -0.5552842	 0.37525958	 5.7813077	 0.3983239	 -0.6941843	Triplo salto in lungo	2	Braccio
255	 3077029215	 0.9999025508578463	 -0.010883841501856006	 -0.008393119134324627	 -0.002446698455401131	 0.13671581648557696	 -0.11461250887046913	 -0.030436568193738626	 -1.462646484375	 0.07958984375	 -0.471923828125	 0.7370666	 -0.040907856	 -0.5651551	 0.36831966	 5.908616	 0.64990216	 -0.7247877	Triplo salto in lungo	2	Braccio
256	 3077045882	 0.9999174037734252	 -0.009953472338279062	 -0.0081292085519607	 1.731696933510718E-4	 0.14141555095388525	 -0.10898526499979422	 -0.03471456419062999	 -1.4521484375	 0.065673828125	 -0.45751953125	 0.73206127	 -0.04384806	 -0.57431537	 0.36376578	 5.7978725	 0.99260473	 -0.62105465	Triplo salto in lungo	2	Braccio
257	 3077062549	 0.999923925521015	 -0.009203745577197164	 -0.0078379987422428	 0.002449492541444887	 0.1411022702413292	 -0.10536046178822124	 -0.03833451818303033	 -1.43701171875	 0.051513671875	 -0.43310546875	 0.72631925	 -0.047653932	 -0.58283323	 0.36124066	 5.6847157	 1.1200054	 -0.6832218	Triplo salto in lungo	2	Braccio
258	 3077079216	 0.9999355323232509	 -0.0070164424931838665	 -0.007606783699559362	 0.004673069002786412	 0.13509260168104487	 -0.10061172023658442	 -0.04259064968391867	 -1.426025390625	 0.043701171875	 -0.41162109375	 0.71991754	 -0.051253393	 -0.59023577	 0.36154327	 5.5560412	 1.1647621	 -1.069375	Triplo salto in lungo	2	Braccio
259	 3077095883	 0.9999464820203005	 -0.004697151880871275	 -0.006590597699666912	 0.006444678533036597	 0.13197327323747476	 -0.09414125326677059	 -0.04927536290494331	 -1.408935546875	 0.043701171875	 -0.409912109375	 0.7135151	 -0.054601803	 -0.5959306	 0.36439237	 5.540569	 1.497242	 -1.4228296	Triplo salto in lungo	2	Braccio
260	 3077112550	 0.9999509535548806	 -0.002173879940435469	 -0.005660498256065989	 0.007830931629293714	 0.12573865370626466	 -0.08626210600391486	 -0.04860762243813052	 -1.393310546875	 0.044921875	 -0.391845703125	 0.70723	 -0.057317957	 -0.59992146	 0.36964172	 5.1231194	 1.6789576	 -1.8655248	Triplo salto in lungo	2	Braccio
261	 3077129217	 0.9999517784324319	 6.98754110046218E-4	 -0.004134860143907036	 0.00888006104148903	 0.12199678454193535	 -0.0900767762129763	 -0.0534432019010691	 -1.3779296875	 0.055908203125	 -0.38671875	 0.7015733	 -0.059198868	 -0.60165817	 0.37722415	 5.350638	 1.5953109	 -1.9462566	Triplo salto in lungo	2	Braccio
262	 3077145884	 0.9999444195195231	 0.003144131008488621	 -0.0013688032661937773	 0.009969889146019928	 0.11510847361468107	 -0.09262202311606452	 -0.050891052508502926	 -1.366943359375	 0.0693359375	 -0.38720703125	 0.69724184	 -0.06106788	 -0.60040474	 0.38683185	 5.190342	 1.3383665	 -2.119934	Triplo salto in lungo	2	Braccio
263	 3077162551	 0.9999271159172494	 0.004063254271531425	 0.0011095257442328042	 0.011314670598804978	 0.11296777131940262	 -0.08949006336037223	 -0.049488805854058904	 -1.359130859375	 0.083984375	 -0.397216796875	 0.69384575	 -0.06406762	 -0.5969015	 0.3977211	 4.981908	 1.55311	 -2.3054366	Triplo salto in lungo	2	Braccio
264	 3077179218	 0.9999014173225592	 0.0058664386542807145	 0.0024349042424889754	 0.012522450845685429	 0.10976612183519911	 -0.0942078482267918	 -0.04270432169860924	 -1.352783203125	 0.106689453125	 -0.40478515625	 0.69075966	 -0.06706393	 -0.59157145	 0.41036192	 4.738986	 1.3044302	 -2.2156281	Triplo salto in lungo	2	Braccio
265	 3077195885	 0.9998767710589198	 0.007588040950748998	 0.003504500048054908	 0.013288446513092635	 0.10701726248525725	 -0.10164263919261343	 -0.03916576137621338	 -1.342529296875	 0.13427734375	 -0.4140625	 0.68795615	 -0.0697613	 -0.58459616	 0.42437863	 4.7775617	 1.0782139	 -2.0692844	Triplo salto in lungo	2	Braccio
266	 3077212552	 0.9998690167828215	 0.007906810117406599	 0.0046575802900849965	 0.013331863236715313	 0.10735502628590675	 -0.09795906089451589	 -0.037561176720644546	 -1.33740234375	 0.156982421875	 -0.4267578125	 0.6856554	 -0.072751194	 -0.5765205	 0.43841568	 4.6070533	 1.480904	 -2.2172484	Triplo salto in lungo	2	Braccio
267	 3077229219	 0.999851158835596	 0.009316043238345506	 0.006398812702499145	 0.013035593944855208	 0.10458672525578164	 -0.09220540940526957	 -0.03381709549679606	 -1.3310546875	 0.181884765625	 -0.4423828125	 0.68439907	 -0.07535614	 -0.56647354	 0.4527995	 4.278321	 1.7710192	 -2.5553951	Triplo salto in lungo	2	Braccio
268	 3077245886	 0.9998467420888656	 0.010300132067944223	 0.006777236520147016	 0.012428542907935547	 0.09974138009075718	 -0.09717363621202169	 -0.03311287664186987	 -1.32958984375	 0.213623046875	 -0.45751953125	 0.6834984	 -0.07709695	 -0.55557483	 0.4671431	 4.4723806	 1.6557351	 -2.6710377	Triplo salto in lungo	2	Braccio
269	 3077262553	 0.9998585355996288	 0.01056550141548901	 0.006546696988307284	 0.011332242803105576	 0.09384263003918208	 -0.09885648117325252	 -0.029961465073146436	 -1.3271484375	 0.237548828125	 -0.47607421875	 0.6827963	 -0.07792319	 -0.5446091	 0.4807476	 4.4634886	 1.5454683	 -2.8982844	Triplo salto in lungo	2	Braccio
270	 3077279220	 0.9998872524052418	 0.009694058052558963	 0.0063809140311420305	 0.0095284653589634	 0.09065255006761738	 -0.09059423192927785	 -0.026635021589559223	 -1.322021484375	 0.261962890625	 -0.49462890625	 0.68262243	 -0.07826779	 -0.5341565	 0.49252194	 4.1060176	 1.8377011	 -3.3751397	Triplo salto in lungo	2	Braccio
271	 3077295887	 0.9999082680022886	 0.00968545752020672	 0.006029545453563773	 0.007300142115808984	 0.08768885119682553	 -0.07961438899770248	 -0.01766734386706353	 -1.32080078125	 0.28271484375	 -0.51416015625	 0.6832115	 -0.07723755	 -0.52399296	 0.50268084	 3.366898	 2.0180771	 -3.7952218	Triplo salto in lungo	2	Braccio
272	 3077312554	 0.9999273972834147	 0.009055953103829117	 0.006453295474542234	 0.004641643342128743	 0.0861369522959168	 -0.07280760344412918	 -0.006802655652206804	 -1.322509765625	 0.301025390625	 -0.529296875	 0.6851926	 -0.07543567	 -0.5139523	 0.5105621	 2.682657	 2.027918	 -3.9257402	Triplo salto in lungo	2	Braccio
273	 3077329221	 0.9999345206646751	 0.00890656729060696	 0.007082016184119194	 0.001213461565971852	 0.08237429978444051	 -0.07024828161108271	 0.001917077024041482	 -1.3291015625	 0.31591796875	 -0.548583984375	 0.68913555	 -0.0722687	 -0.5037184	 0.5158852	 2.2806475	 1.8194388	 -4.008406	Triplo salto in lungo	2	Braccio
274	 3077345888	 0.9999434884617662	 0.008026642213009694	 0.006565255106141188	 -0.0023431438473356936	 0.07915591395482523	 -0.07678936610575049	 -1.1819049163480297E-5	 -1.340576171875	 0.328369140625	 -0.56591796875	 0.6944968	 -0.06762227	 -0.49446124	 0.5182759	 2.745967	 1.6118832	 -4.0122075	Triplo salto in lungo	2	Braccio
275	 3077362555	 0.999954373663736	 0.005352012178050758	 0.005917893016604917	 -0.005252151811925594	 0.07733570029130243	 -0.08656129450586689	 0.002384745463759187	 -1.352783203125	 0.330810546875	 -0.582763671875	 0.7007804	 -0.06303523	 -0.48716345	 0.5173058	 3.1547346	 1.2308277	 -3.725882	Triplo salto in lungo	2	Braccio
276	 3077379222	 0.9999536488236612	 0.0023410246000618584	 0.005477410236115196	 -0.0075642438599791695	 0.07617217575209005	 -0.1008345541499176	 0.002414957617383851	 -1.3720703125	 0.32958984375	 -0.589599609375	 0.70777965	 -0.05918557	 -0.48181581	 0.5132237	 3.855277	 0.7658741	 -3.326559	Triplo salto in lungo	2	Braccio
277	 3077395889	 0.9999433789224328	 -5.980038585318703E-4	 0.005261887141627248	 -0.00923005331956084	 0.0857218661483798	 -0.1127902739138339	 -0.0011693268024470802	 -1.387451171875	 0.31689453125	 -0.59716796875	 0.7152713	 -0.056489155	 -0.47816867	 0.5065084	 4.6208906	 0.89928937	 -2.7360654	Triplo salto in lungo	2	Braccio
278	 3077412556	 0.9999249065444544	 -0.0027377552321509735	 0.004755566778033693	 -0.010957670964788113	 0.09571284934888194	 -0.11301224608318318	 -0.009464060241863106	 -1.406005859375	 0.302978515625	 -0.59716796875	 0.7231717	 -0.054227736	 -0.4760041	 0.497496	 5.1309285	 1.4375542	 -2.6786523	Triplo salto in lungo	2	Braccio
279	 3077429223	 0.9999058532083238	 -0.002944048422535539	 0.004423540043578298	 -0.01265107078877731	 0.09785616523345216	 -0.11342990435470109	 -0.0205259641453197	 -1.426025390625	 0.286376953125	 -0.598876953125	 0.7316133	 -0.05112534	 -0.4742053	 0.48709106	 5.757231	 1.6134228	 -2.9892483	Triplo salto in lungo	2	Braccio
280	 3077445890	 0.9999033541075367	 -0.001986780932930421	 0.0025927144703225065	 -0.013513436931366363	 0.1029667344171086	 -0.11834640753733915	 -0.03314798494970543	 -1.450439453125	 0.26513671875	 -0.59716796875	 0.73950106	 -0.046002403	 -0.47325012	 0.47650424	 6.6559215	 1.7735052	 -3.0981293	Triplo salto in lungo	2	Braccio
281	 3077462557	 0.9999213785719813	 -4.6109583575926205E-5	 3.557221657715659E-4	 -0.01253427342751279	 0.11159129780872178	 -0.14626138864274194	 -0.03551078959040335	 -1.466064453125	 0.251220703125	 -0.598388671875	 0.74579954	 -0.03882727	 -0.47291866	 0.46757185	 8.034201	 1.0663188	 -2.0219336	Triplo salto in lungo	2	Braccio
282	 3077479224	 0.9999591641970801	 -2.894662418765348E-4	 -0.002646679290498347	 -0.008636042861462523	 0.120832342581777	 -0.17419540809654555	 -0.04156059128448911	 -1.475830078125	 0.23828125	 -0.597900390625	 0.7487262	 -0.032279	 -0.4747584	 0.4614885	 9.581552	 0.42356053	 -1.0930815	Triplo salto in lungo	2	Braccio
