2	3779711323	0.9999578115789849	-0.0042247352248948045	0.0059830363310189325	0.005543460174716297	-0.04400889842942851	-0.018931070525361367	0.003794227414087974	0.1669921875	0.256591796875	-1.097412109375	0.60110915	0.6333237	0.19156753	-0.44818622	-2.3226106	0.8383968	-8.322876	Scatto 30m	3	Petto
3	3779727990	0.9997068175502293	-0.017768172235329283	0.01613971479222687	-0.0031749969187198916	0.04857553340573059	0.09661435718296751	-0.09347357110818316	0.15966796875	0.2451171875	-1.057373046875	0.6095171	0.6262134	0.2145556	-0.43624723	7.9308558	3.2471416	-9.475988	Scatto 30m	3	Petto
4	3779744657	0.99927122053725	-0.030664210632437294	0.017928023149723835	-0.013975692405998691	-0.03465091973008205	0.14720104948105203	-0.1617330077891796	0.13037109375	0.24462890625	-1.009765625	0.60099	0.6341052	0.22865243	-0.42946452	8.980365	7.6738434	-3.733348	Scatto 30m	3	Petto
5	3779761324	0.9985053693062491	-0.0406343169551891	0.027727320209915057	-0.023813346387123433	-0.26924793235170935	0.3330399098368113	-0.21884210636199086	0.089599609375	0.24755859375	-0.93212890625	0.58212155	0.64990914	0.24980482	-0.4199411	11.066514	10.691558	14.597881	Scatto 30m	3	Petto
8	3779811325	0.9844302789852111	-0.1295131068361557	-0.014860859102455411	-0.11790901509843471	-1.374559601300263	0.4739010448325505	-1.1122274202412488	-0.022705078125	0.292724609375	-0.8203125	0.5046094	0.6628382	0.29268232	-0.46941677	4.099976	25.180569	11.27746	Scatto 30m	3	Petto
10	3779844659	0.9969364874583515	-0.016525408288335874	-0.06127122317049192	-0.04572076187357049	-0.2044386706203365	-0.4237320071158506	-0.5563360215246517	-0.001220703125	0.33935546875	-0.896240234375	0.3922951	0.7136298	0.24350362	-0.5268239	-4.8430457	14.502049	-5.4693227	Scatto 30m	3	Petto
12	3779877993	0.9990655435304265	-1.0074044781382963E-4	-0.010729769965642679	-0.041867667932425356	0.10314884669068325	0.09627237251917281	-0.11963058871706131	-0.031005859375	0.40625	-0.9228515625	0.31103036	0.73924345	0.24572335	-0.5444258	5.939851	-3.8256705	-10.597412	Scatto 30m	3	Petto
14	3779911327	0.9990697326922507	-0.02349902365050799	-0.004936369681044218	-0.035820348408125924	0.17891984206121056	0.1563658971312676	0.09794121149862406	-0.070068359375	0.436279296875	-0.902099609375	0.29994994	0.731659	0.27301443	-0.54787624	-1.6372986	-7.6457624	-14.500809	Scatto 30m	3	Petto
15	3779927994	0.9995085788325591	-0.024823359276036683	-0.002477755992465303	-0.0189805795383817	-0.06416419200228052	-0.01840834288004564	0.17549544159582098	-0.092529296875	0.43701171875	-0.887451171875	0.31194642	0.7147125	0.30071375	-0.54904157	-8.4278345	-7.358633	-8.49607	Scatto 30m	3	Petto
23	3780061330	0.9786333729139313	0.1930159530024123	-0.003802227298126182	0.07076090992381602	-2.331988701155612	-0.8522903839050985	-1.0742268123763494	-0.043212890625	0.502197265625	-1.07421875	0.19460933	0.775926	0.14068969	-0.583329	10.971141	14.77188	6.55781	Scatto 30m	3	Petto
24	3780077997	0.9978808962046297	0.036444510892032156	-0.04481577978467483	0.029950968231045705	-0.050684804607861816	0.1533784747323866	-0.2538930341180913	0.0283203125	0.482177734375	-1.201171875	0.17792667	0.7646308	0.082616076	-0.61388654	16.103456	-1.4637014	-1.7798195	Scatto 30m	3	Petto
26	3780111331	0.9968970070091875	0.04608913115917962	0.0035526824474683143	0.0637144242110318	0.4025137950854832	0.36863786939829774	-0.2715520118035273	0.1103515625	0.395263671875	-1.2724609375	0.16882713	0.78535867	-0.0033989188	-0.595565	10.296715	-5.2957683	-16.139835	Scatto 30m	3	Petto
28	3780144665	0.9974099275137819	0.04005943248722643	0.029704109281448014	0.05182995521461864	0.12728958886241673	-0.25073075772131725	0.031981565479573995	0.1513671875	0.309326171875	-1.25048828125	0.16165833	0.8114788	-0.06926886	-0.55728877	-4.454885	6.6393986	-17.535822	Scatto 30m	3	Petto
30	3780177999	0.9989588435955529	0.021119738852233783	0.0025821243612115245	0.04035490139787834	-0.007902943529420049	0.026456747550338403	0.2823217972044907	0.19091796875	0.24560546875	-1.265625	0.16276668	0.8130873	-0.11465789	-0.54703736	-8.007396	-5.5228534	-7.3276877	Scatto 30m	3	Petto
33	3780228000	0.999185143636054	-0.02229679518668498	0.016405001595089286	0.029373075835978677	-0.3507789639589593	0.4499779042703682	-0.04015096189130063	0.20947265625	0.1708984375	-1.2197265625	0.21257879	0.81030846	-0.11602946	-0.5336177	2.2347813	-5.2719784	-0.73417664	Scatto 30m	3	Petto
35	3780261334	0.9977599331032503	-0.05637822219014493	0.0301986229170545	-0.019612626810036924	-0.4816552775674529	0.1875153083419544	-0.27405914534772247	0.18896484375	0.17578125	-1.125244140625	0.25670984	0.8131981	-0.060816135	-0.5187584	6.1226935	5.0434237	14.189194	Scatto 30m	3	Petto
37	3780294668	0.9934272176779088	-0.09507900799730995	0.018307518062664507	-0.0610506363387121	-1.1017246461736918	0.6350610472205706	-0.690814419531853	0.1337890625	0.213134765625	-1.00634765625	0.29775771	0.7994876	0.03923935	-0.52021205	1.2507554	8.823122	34.395496	Scatto 30m	3	Petto
39	3780328002	0.992632093950257	-0.05545151979273055	-0.08193561487662078	-0.0699514833823754	-0.5114016328505817	-0.023192747900844746	-0.5844688689773737	0.139404296875	0.2900390625	-1.088134765625	0.2962785	0.73843926	0.09313885	-0.5985414	4.333972	21.482117	-0.86904335	Scatto 30m	3	Petto
41	3780361336	0.9965677938306088	-0.05413508685390278	0.002699832960360804	-0.06256784775665276	0.43637483300528357	-0.02683478047781626	-0.2668922359547824	0.094482421875	0.366455078125	-1.0595703125	0.27639905	0.72951597	0.16219153	-0.6042384	7.798139	-2.4656997	-22.679531	Scatto 30m	3	Petto
42	3780378003	0.9993471847920374	-0.024198748010671733	0.014209384881698652	-0.02275342225312582	0.20532142328395445	0.06292066518630077	-0.1218992796557894	0.061279296875	0.3857421875	-1.0029296875	0.27098575	0.73269945	0.19279861	-0.5937569	10.716925	0.111523636	-20.042362	Scatto 30m	3	Petto
43	3780394670	0.9993776247876835	-0.025651039769916395	0.013227647318602266	-0.020283406490645976	0.1389624142806712	-0.06250195211425452	0.10703920146440066	0.027099609375	0.398193359375	-0.955810546875	0.26931533	0.734581	0.22183727	-0.5819349	-5.2726316	-1.2888488	-19.578259	Scatto 30m	3	Petto
44	3780411337	0.9994525377281958	-0.02516095279362851	0.0070991480502276	-0.020276917422212937	-0.02495975804562541	-0.12893439383418265	0.1821575119411636	-4.8828125E-4	0.403564453125	-0.91064453125	0.27163556	0.7295482	0.2510122	-0.5752968	-13.321177	-1.2264193	-11.415431	Scatto 30m	3	Petto
45	3780428004	0.9995109862037198	-0.024070385078650502	0.004593689549484581	-0.01942428985975592	-0.1208144772203521	-0.16449598680488545	0.1657352225451498	-0.02734375	0.40625	-0.874755859375	0.27676907	0.71977544	0.28060156	-0.5714762	-15.219714	-0.05493144	-5.66509	Scatto 30m	3	Petto
46	3780444671	0.9998065009466093	-0.010134754441503524	9.714348383172978E-4	-0.01683162890700346	-0.18819643552928186	-0.13496294670401482	0.07372339886175552	-0.04736328125	0.416748046875	-0.861328125	0.27563086	0.7097679	0.3009553	-0.57418036	-10.8725815	1.3628474	-0.1915493	Scatto 30m	3	Petto
47	3780461338	0.9998972043257068	0.009102443283641293	-0.0021155602375614317	-0.010874314359303363	-0.16433572543551483	-0.12885161767861747	-0.06087138882979545	-0.055419921875	0.44140625	-0.861328125	0.2651961	0.7042813	0.30546582	-0.5833949	-4.9281287	6.743597	0.21534348	Scatto 30m	3	Petto
48	3780478005	0.9997748256745027	0.019540478200247458	0.004980001330579576	-0.006608119700107495	-0.1253460382382841	-0.1069434073616229	-0.08606228553468365	-0.063232421875	0.4697265625	-0.87646484375	0.24586305	0.70818883	0.3017526	-0.5890379	-2.3174767	7.1663256	-1.5865049	Scatto 30m	3	Petto
49	3780494672	0.99941221106267	0.03150312864766619	0.01312674877907416	-0.0032363143736323656	-0.3488045121512611	0.0017709732647353815	-0.04489085239283023	-0.081298828125	0.50439453125	-0.893798828125	0.21584976	0.7216092	0.28942367	-0.59069717	-0.5933174	-1.1151779	11.250036	Scatto 30m	3	Petto
50	3780511339	0.998431679276686	0.05547396269901622	0.003930598602832237	0.0064320816092762745	-0.45868844088128724	-0.21249677319696955	-0.32388754069727144	-0.0810546875	0.5517578125	-0.951904296875	0.17720547	0.7359458	0.25298697	-0.60247797	1.9354546	17.60792	21.553354	Scatto 30m	3	Petto
51	3780528006	0.9976702465163031	0.06053407161106633	0.017705732828545043	0.026004084588569846	-0.6380208358532851	-0.2703234626066019	-0.1492395467811538	-0.061279296875	0.572998046875	-1.02392578125	0.13812649	0.7637848	0.19887754	-0.59833246	-7.8905463	11.875771	30.254162	Scatto 30m	3	Petto
52	3780544673	0.9973814459298049	0.05980004308203285	-0.020743525734671368	0.034984458012861985	-0.6008691019222724	-0.10068299345043819	-0.11893382915931831	-0.010009765625	0.56787109375	-1.115478515625	0.11122837	0.765516	0.13235964	-0.61975384	-4.046065	3.2659357	27.066605	Scatto 30m	3	Petto
53	3780561340	0.9960073950786104	0.05482675026958728	-0.06294607655676343	0.03163997234049632	-0.2253724716180035	0.04369052848610917	-0.36624461994295365	0.0634765625	0.541259765625	-1.292724609375	0.09212799	0.7339224	0.06652758	-0.66966015	18.478388	3.7855175	7.9862614	Scatto 30m	3	Petto
54	3780578007	0.9989591001864244	0.030875583264394768	-0.009552708876993889	0.032189443392578065	0.29514335048014484	0.21660589160666752	-0.4085757401968271	0.11376953125	0.49560546875	-1.397216796875	0.084575556	0.73390484	0.019290587	-0.67369026	28.32106	-7.8186164	-24.652536	Scatto 30m	3	Petto
55	3780594674	0.9990420940060754	0.023859580727839613	0.02148908330359595	0.029729347625182704	0.3382363622740879	0.13528280961274286	-0.09140866375652981	0.149169921875	0.44091796875	-1.390869140625	0.07929873	0.7539077	-0.02077555	-0.65184623	8.491012	-8.90835	-28.68968	Scatto 30m	3	Petto
56	3780611341	0.9992186737993727	0.024760035028257854	0.0170517267103828	0.025655822189454447	-0.031573413806564275	-0.17836496413317843	-0.023820372047407216	0.182373046875	0.39453125	-1.38037109375	0.07317351	0.7686414	-0.058345698	-0.63279676	0.45360747	10.939677	-9.297904	Scatto 30m	3	Petto
57	3780628008	0.9994936991404397	0.022634873178356163	0.002803843374946824	0.02218437191107012	0.03928872863603789	-0.16295932460991225	0.0063246214811295415	0.203125	0.353759765625	-1.3955078125	0.0637177	0.77261287	-0.092709735	-0.62483156	0.18735088	9.183128	-13.929607	Scatto 30m	3	Petto
58	3780644675	0.9996318199619023	0.018271742506045796	-0.0015670678320975908	0.019997805976084526	0.08769905078017963	-0.021314185451293453	0.15189600832566266	0.22509765625	0.31396484375	-1.418701171875	0.054912686	0.7723454	-0.122581206	-0.62083924	-7.709478	0.3728689	-17.079277	Scatto 30m	3	Petto
59	3780661342	0.9997560954111949	0.011350687580534091	0.0021302580272631326	0.018824812890119533	0.003866618154243581	0.12898490690521783	0.14905184273278263	0.239501953125	0.2724609375	-1.428466796875	0.053764053	0.772458	-0.14566784	-0.61579156	-9.633475	-6.850034	-10.252442	Scatto 30m	3	Petto
60	3780678009	0.9997937405387862	0.00663785188650351	0.009979149677798229	0.016396093239038873	-0.07483896608214483	0.21067003115958893	0.07923716963694932	0.25927734375	0.23974609375	-1.42431640625	0.05984829	0.776247	-0.16202573	-0.60630566	-7.493202	-10.267343	-3.4118562	Scatto 30m	3	Petto
61	3780694676	0.9997545966133247	-0.005702604008351153	0.01808883245386217	0.01144644042960677	-0.11894751798088225	0.20849104558070491	-0.07432652404412146	0.2685546875	0.21533203125	-1.385009765625	0.07721223	0.78420573	-0.16532278	-0.59306675	0.627155	-9.867157	1.5685263	Scatto 30m	3	Petto
62	3780711343	0.9994473316539423	-0.013110024826010036	0.030127557036702227	0.005048643964113947	-0.15074806616076256	0.21316321860408555	-0.1280730349587902	0.2705078125	0.195556640625	-1.323486328125	0.099779174	0.79923564	-0.15779397	-0.5712861	3.1299448	-9.236921	4.6546583	Scatto 30m	3	Petto
63	3780728010	0.9995553010555643	-0.021378125609687382	0.02027172960563695	-0.004607912318212616	-0.35109829554816985	0.13701300201463595	-0.10965181030695953	0.260498046875	0.1884765625	-1.256103515625	0.122219644	0.80858123	-0.13854562	-0.558627	-1.1248356	0.0787644	13.710554	Scatto 30m	3	Petto
64	3780744677	0.9988337913453564	-0.041995055084231625	0.016541040169442137	-0.017142537888134163	-0.4374668410354323	0.2898570660072662	-0.31451168080801445	0.244873046875	0.202880859375	-1.196533203125	0.15246531	0.8135334	-0.09797713	-0.5525561	7.4262576	-5.6964345	25.681942	Scatto 30m	3	Petto
65	3780761344	0.9982508033938938	-0.05297524327839215	0.005722323665536211	-0.025616637853308203	-0.5336620503201738	0.32675979325887716	-0.1516617960031795	0.221435546875	0.2236328125	-1.144287109375	0.18483005	0.80937386	-0.046465084	-0.5555114	-3.172925	-6.367934	28.157944	Scatto 30m	3	Petto
66	3780778011	0.9970493154232121	-0.06445481935757852	-0.0027057328500695314	-0.041604301285204676	-0.4168929601686872	0.12932577373495593	-0.25364471163286806	0.196533203125	0.2568359375	-1.09619140625	0.21717185	0.7944865	0.023494009	-0.56663555	5.5117917	3.804412	19.727753	Scatto 30m	3	Petto
67	3780794678	0.9967490726218399	-0.05833349031212903	-0.026478322697953364	-0.048860910374346984	-0.18607538205940047	0.14906133382867004	-0.34261633416618065	0.166259765625	0.30615234375	-1.079833984375	0.2374679	0.7628757	0.08922954	-0.5946999	16.839165	1.9851024	8.617617	Scatto 30m	3	Petto
68	3780811345	0.9977365398454976	-0.02317994362963588	-0.04840919645019615	-0.04050971450784524	-0.06719864728519799	-0.27789777522888537	-0.23282077775650856	0.151123046875	0.36474609375	-1.140869140625	0.23418371	0.72491705	0.12014914	-0.63656694	4.041426	21.651566	-7.740341	Scatto 30m	3	Petto
69	3780828012	0.9991794265633862	-0.023436337971659282	-0.007108646207053426	-0.032259552756413575	0.31711436852269165	-0.14454991415034116	-0.3019183625905292	0.127685546875	0.4150390625	-1.150146484375	0.22630893	0.71400505	0.15387292	-0.644441	14.915797	13.987856	-28.445812	Scatto 30m	3	Petto
70	3780844679	0.9992832340644211	-0.027127141056868587	0.008214033595587146	-0.02509314623403447	0.14064117630909936	-0.06348254835472185	-0.12152119205030582	0.08935546875	0.44775390625	-1.1083984375	0.22033748	0.7144939	0.18691456	-0.63719165	5.464196	6.424315	-18.043428	Scatto 30m	3	Petto
71	3780861346	0.9992797124937485	-0.02841021841576835	0.017080515451719517	-0.01847083322114435	0.039926386450219786	0.02520482384994678	-0.10598556198432839	0.058837890625	0.461181640625	-1.050537109375	0.21787053	0.7210097	0.21767329	-0.62072206	6.4278803	2.1366878	-11.41782	Scatto 30m	3	Petto
72	3780878013	0.9991967629727897	-0.031239628549670273	0.013947146920051614	-0.02086603856911523	-0.03146012623473921	0.07069677803896746	0.12952841241293755	0.015625	0.468505859375	-0.98486328125	0.217393	0.72352606	0.25082204	-0.6052594	-4.125221	-8.007169	-8.908282	Scatto 30m	3	Petto
73	3780894680	0.999428958767097	-0.0274652411963186	0.0048848796394170835	-0.019067114481550077	-0.08337444365288185	-0.05682320881497255	0.15032989083347495	-0.01416015625	0.474365234375	-0.94140625	0.22053798	0.7190376	0.27935165	-0.59691775	-9.808162	-3.3441606	-6.555806	Scatto 30m	3	Petto
74	3780911347	0.9996364383786931	-0.02045266290869291	0.007806544762668067	-0.01573967929702852	-0.10006292059975706	-0.16347993917171472	0.11960525954566471	-0.043212890625	0.4775390625	-0.90380859375	0.2215883	0.71632993	0.3030667	-0.5881503	-12.591243	1.8672087	-5.1499248	Scatto 30m	3	Petto
75	3780928014	0.9997727604842876	-0.01115555277136182	0.012171547476265811	-0.013484601144474919	-0.14551138308384676	-0.1607583693994169	0.06695136763905794	-0.073974609375	0.48095703125	-0.873046875	0.21660559	0.7171417	0.32165343	-0.57907593	-10.625277	2.705611	-1.7405891	Scatto 30m	3	Petto
76	3780944681	0.9999146512407248	-0.005299714850055148	0.00922446476942024	-0.007583700044541564	-0.21898348344655072	-0.0885919100483881	-0.03341570103634797	-0.102783203125	0.48681640625	-0.84765625	0.21198481	0.718317	0.33262476	-0.5731006	-3.9755762	2.302472	3.7442274	Scatto 30m	3	Petto
77	3780961348	0.999945889555779	5.000489308895628E-4	0.010344787563139057	9.763615324355214E-4	-0.2683667235458136	-0.0767397780945146	-0.04532336706011768	-0.118408203125	0.4873046875	-0.841796875	0.20761874	0.72403395	0.33439884	-0.5664335	-3.3781037	1.2305561	6.768343	Scatto 30m	3	Petto
78	3780978015	0.9995610198032354	0.02715191074887341	0.006221177232828557	0.010091500703016065	-0.30030929800700534	-0.2403106845740827	-0.2670767715209547	-0.11572265625	0.499267578125	-0.849853515625	0.19048998	0.73552585	0.31349847	-0.56959116	-1.8253369	16.322239	12.980963	Scatto 30m	3	Petto
79	3780994682	0.998446205941389	0.05019126253331774	0.016088118896370466	0.018088212651701466	-0.4360956420206906	-0.5111265495254056	-0.2623972545906063	-0.1123046875	0.52587890625	-0.89111328125	0.15518261	0.7591735	0.2741312	-0.56958413	-13.380813	25.95157	22.131224	Scatto 30m	3	Petto
80	3781011349	0.9972223160650633	0.06895738420468778	-7.461530674044982E-4	0.02814204614235194	-0.6556485262783772	-0.21679958140023606	-0.14692864951479384	-0.085693359375	0.5517578125	-0.9775390625	0.11243176	0.7755494	0.21254969	-0.5836994	-8.582444	5.516777	31.301128	Scatto 30m	3	Petto
81	3781028016	0.9963375204491633	0.07135175500848023	-0.028681011683454216	0.03738812607281134	-0.31487091473466544	0.059494516194591424	-0.31048939950998355	-0.021484375	0.558349609375	-1.111328125	0.07899358	0.77152216	0.13830304	-0.6159431	13.405966	0.6927525	13.349323	Scatto 30m	3	Petto
82	3781044683	0.996693844020085	0.05239827782448331	-0.04918820431513272	0.03789884338271232	-0.03385531976200032	0.2245613215483023	-0.32372268223418105	0.051513671875	0.52783203125	-1.27197265625	0.06260058	0.748416	0.07206869	-0.6563236	21.758263	-7.557622	-4.1254005	Scatto 30m	3	Petto
83	3781061350	0.9989919680234478	0.029930598179665202	-0.006748916734523048	0.032766739846324784	0.37603635290050347	0.14948901777449053	-0.2761956905739895	0.101806640625	0.47900390625	-1.348388671875	0.05654155	0.74890035	0.02583312	-0.65976053	20.744877	-5.1566052	-29.99135	Scatto 30m	3	Petto
84	3781078017	0.9992914729045309	0.0218136706652568	0.018157249071061313	0.02471902624644412	0.11240901139672804	0.05512409031391821	-0.238704342814889	0.130615234375	0.435546875	-1.351318359375	0.05027764	0.764479	-0.008727163	-0.64262575	15.3604145	-1.9546148	-14.478846	Scatto 30m	3	Petto
85	3781094684	0.9989446590565276	0.02692961339961003	0.030463453913501082	0.02136216375382966	-0.0017812469848344885	-0.07103327062871989	-0.1074860636686749	0.148681640625	0.403076171875	-1.332275390625	0.037697427	0.7869251	-0.044197153	-0.6143082	6.15026	4.597915	-8.91859	Scatto 30m	3	Petto
86	3781111351	0.9992431261289066	0.027487157607891943	0.01616312879355403	0.022279683982763893	-0.02210276180425744	-0.10976574086054722	0.12035499124059636	0.166015625	0.363525390625	-1.316650390625	0.023972865	0.7985407	-0.08150861	-0.5959148	-7.081767	6.7513213	-11.058254	Scatto 30m	3	Petto
87	3781128018	0.9994174625977637	0.026667103670453884	-0.006109956532698136	0.020402682854114732	-0.06301565657411903	0.013882051867879247	0.1605004363955925	0.186767578125	0.3330078125	-1.357666015625	0.008130816	0.7948054	-0.11660224	-0.59550166	-10.334396	0.45040157	-8.9600725	Scatto 30m	3	Petto
88	3781144685	0.999712782657461	0.016202530561371054	-0.003418406755636983	0.017324684410894603	-0.038188248794387133	0.15868656499320372	0.14193201686559687	0.20068359375	0.30126953125	-1.378662109375	5.4897676E-4	0.7912802	-0.14186735	-0.59476817	-10.414577	-7.6700726	-8.751488	Scatto 30m	3	Petto
89	3781161352	0.9998636077658427	0.00960486412555206	0.0027879575313026206	0.013143049243093482	-0.0966258454901713	0.1355229180347326	0.0473782554038057	0.21142578125	0.27197265625	-1.39306640625	-8.566331E-4	0.79106617	-0.15881266	-0.5907555	-5.98155	-6.0162206	-3.8258595	Scatto 30m	3	Petto
90	3781178019	0.999890220883541	-0.0076791820328665494	0.010108976939092075	0.007641003207346703	-0.05406123155694535	0.18367853143984314	-0.0733795760351435	0.217041015625	0.254638671875	-1.376220703125	0.010935952	0.795629	-0.16059397	-0.5840076	0.52041894	-10.486659	-3.400713	Scatto 30m	3	Petto
91	3781194686	0.9998279099659698	-0.008424693009748185	0.016394316483496377	0.002097948476751183	-0.20931674890740007	0.18993669009000821	-0.03079343173756101	0.216064453125	0.24755859375	-1.33056640625	0.022596631	0.8046006	-0.1571178	-0.57220757	-4.35898	-7.731307	4.755645	Scatto 30m	3	Petto
92	3781211353	0.9998880742568814	-0.01310156566324322	0.0067992312445104295	-0.00244098146666763	-0.30148062529471215	0.13093991289759493	-0.24505232574430907	0.21435546875	0.246337890625	-1.30078125	0.035179283	0.8082911	-0.14698936	-0.5690539	6.571113	-4.423016	13.47537	Scatto 30m	3	Petto
93	3781228020	0.998901678421648	-0.04471624936857971	0.004426408694678419	-0.013277830955740007	-0.4830831599006977	0.4369643789893294	-0.21367748257722236	0.20361328125	0.256103515625	-1.264404296875	0.06652874	0.81028765	-0.11035504	-0.57169014	-2.125469	-18.264044	26.979733	Scatto 30m	3	Petto
94	3781244687	0.9976645333493964	-0.06148002922879181	0.001985599061250787	-0.029694145872983357	-0.47819579031214776	0.23643025914819255	-0.29496733655852264	0.180908203125	0.28466796875	-1.209228515625	0.10399663	0.80819714	-0.04995302	-0.5775007	6.066061	-6.442113	25.674435	Scatto 30m	3	Petto
95	3781261354	0.997376786786814	-0.06352475888900583	-0.016809081227333326	-0.03035794747997123	-0.2549889917679282	0.16188963502484538	-0.2780717071309541	0.1513671875	0.30859375	-1.169921875	0.14116147	0.79070747	0.010019928	-0.5956131	11.155079	-4.3132157	11.721659	Scatto 30m	3	Petto
96	3781278021	0.997982630987329	-0.046768322170885335	-0.02950345185986131	-0.03119196398564722	-0.02637599786991044	-0.27415567654422496	-0.20550925798977035	0.137939453125	0.342529296875	-1.173828125	0.16338815	0.76447344	0.05783705	-0.6209184	7.9964414	18.978544	-8.818804	Scatto 30m	3	Petto
97	3781294688	0.9990734036049005	-0.03106520064872359	-0.013511795833822837	-0.026546541984204645	0.17710509603660674	-0.33836000003931505	-0.173684866442868	0.1240234375	0.372802734375	-1.1767578125	0.17168143	0.74977857	0.09365973	-0.6321278	6.196165	21.18828	-21.908941	Scatto 30m	3	Petto
98	3781311355	0.9996132037013977	-0.01925368912349995	-0.002726484515410022	-0.019882271579242494	0.018049613212332033	-0.12169198850650041	-0.20501081270982352	0.1025390625	0.4033203125	-1.153076171875	0.17101324	0.7447675	0.11804835	-0.63414574	8.9199	11.231789	-10.077338	Scatto 30m	3	Petto
99	3781328022	0.9998802114871774	-0.007520518383313302	0.0025379908468569083	-0.01328770416832187	0.07658975466264067	-0.033709337100710564	-0.1693172748601286	0.083251953125	0.419921875	-1.140380859375	0.16354665	0.7464238	0.13039003	-0.6317455	9.2332535	5.7007694	-13.07633	Scatto 30m	3	Petto
100	3781344689	0.9996655962385108	-0.019063830390699643	0.009592634911056998	-0.01460299364515466	0.13162877508584042	0.04908534467933236	0.08158378712717339	0.065185546875	0.439453125	-1.106689453125	0.16228817	0.7507907	0.15166207	-0.62207276	-1.8910899	-4.7209244	-18.12847	Scatto 30m	3	Petto
101	3781361356	0.99925332707341	-0.025307620976738	0.02542736897171116	-0.014344391252160306	-0.05715538381672716	0.04024300924098435	0.14795232674537168	0.029296875	0.441650390625	-1.038330078125	0.16474271	0.76272637	0.17939124	-0.59910536	-7.4965367	-6.0496054	-7.9134765	Scatto 30m	3	Petto
102	3781378023	0.9997775694419729	-0.014586510854627532	0.011412467226362468	-0.010089644869673675	-0.18858287175797578	-0.05513779021560601	0.14133508084150292	0.00732421875	0.447265625	-0.992431640625	0.16552217	0.76714694	0.19567566	-0.58804685	-11.315998	-1.8615549	-0.9037857	Scatto 30m	3	Petto
103	3781394690	0.9999368035601446	-0.008027207162400185	9.67070431799555E-4	-0.007811376695104234	-0.18626672669701616	-0.10889720921128572	0.0571050791663511	-0.0048828125	0.4521484375	-0.974609375	0.16552272	0.7658139	0.20542085	-0.5864586	-8.70237	2.8489747	-0.04215908	Scatto 30m	3	Petto
104	3781411357	0.999953144589454	-0.006198148793088387	0.0027862007542764915	-0.006894103462976142	-0.26159669875406	-0.043731142293652714	-0.08300835342233723	-0.01806640625	0.45361328125	-0.964111328125	0.1643724	0.76546884	0.21418585	-0.58409244	-0.7740331	2.8108163	6.6053486	Scatto 30m	3	Petto
105	3781428024	0.9999717160625596	-0.006175824622633386	-1.5564160154746265E-4	-0.004289759995845467	-0.32735941190256357	0.061471496999239233	-0.17383336681840306	-0.02392578125	0.456298828125	-0.95361328125	0.16513658	0.7639626	0.2204472	-0.58351904	6.0664916	-0.63141674	11.888899	Scatto 30m	3	Petto
106	3781444691	0.9998575711194565	0.013872724824175786	0.008357972422490647	0.004746501663176417	-0.3587549586297782	-0.18285667281092605	-0.2718273043354719	-0.025634765625	0.45947265625	-0.953125	0.1539093	0.77288806	0.20915402	-0.57897395	2.7778552	14.470845	15.337454	Scatto 30m	3	Petto
107	3781461358	0.9994570440740861	0.030243787855335824	0.002376576389985952	0.012856213731668288	-0.6576386661460514	-0.3034442858562119	-0.026528485098694366	-0.01806640625	0.47021484375	-0.979736328125	0.13420016	0.7825559	0.18059981	-0.58050025	-17.372923	10.733924	28.577873	Scatto 30m	3	Petto
108	3781478025	0.9988906192887345	0.03960776991392018	-0.016319103817571682	0.019556127172981774	-0.479969331868757	-0.1880904989506263	-0.04970576030710853	0.01513671875	0.471435546875	-1.04345703125	0.11381763	0.7815299	0.13939495	-0.59734905	-9.841109	7.6486545	18.651745	Scatto 30m	3	Petto
109	3781494692	0.9982239662790071	0.0455872613582301	-0.02908954526845503	0.02499026018549583	-0.2156616078741629	-0.09503082546229535	-0.15554372237978947	0.061767578125	0.465576171875	-1.140869140625	0.0932788	0.77135396	0.08900907	-0.62320894	3.2553563	7.3945727	5.0787745	Scatto 30m	3	Petto
110	3781511359	0.9975217324275026	0.04895980117883575	-0.04074829036398376	0.02988156682262838	0.04466382025275388	0.049544361340404255	-0.12655737294423397	0.11376953125	0.441162109375	-1.26904296875	0.0731677	0.7512949	0.03117813	-0.65515685	8.4779415	-0.9207937	-10.788429	Scatto 30m	3	Petto
111	3781528026	0.9971798697605503	0.0441351985548839	-0.05270018433242674	0.03011780477028703	0.08368911590376571	0.1612252499676479	-0.2975305407092639	0.159912109375	0.3984375	-1.42041015625	0.05686089	0.7190309	-0.024746738	-0.692206	19.532858	-7.2050824	-11.813583	Scatto 30m	3	Petto
112	3781544693	0.9993088974277766	0.024721293276808498	-0.010230261396272257	0.02580556010179097	0.18420343591446822	0.19412335436505893	-0.2733484617933275	0.186279296875	0.339599609375	-1.50732421875	0.05240183	0.713157	-0.062168147	-0.6962733	17.26753	-12.113028	-18.862453	Scatto 30m	3	Petto
113	3781561360	0.9993182641790126	0.023843245121204615	0.020587640067657953	0.019252418465732616	-0.03964728852101202	0.0377931086408147	-0.061439119750717544	0.203369140625	0.299072265625	-1.484130859375	0.046462707	0.7284782	-0.09321574	-0.6771055	3.570236	-1.9270793	-6.996605	Scatto 30m	3	Petto
114	3781578027	0.9994206035263845	0.024538923282283298	0.017571659571060497	0.01573325366929096	0.11125987969395928	-0.03550121575422553	-0.052197703108432254	0.22021484375	0.26513671875	-1.47314453125	0.037505716	0.74094266	-0.12231143	-0.6592703	3.7448525	0.5671837	-16.487938	Scatto 30m	3	Petto
115	3781594694	0.9995289340061947	0.021914975763381417	0.016107963161892006	0.014218911509172096	0.11184856298434483	-0.06293846489489419	0.14476076987825442	0.233154296875	0.2333984375	-1.456298828125	0.029196668	0.75152594	-0.14858815	-0.64208895	-7.3316464	3.0850208	-18.266472	Scatto 30m	3	Petto
116	3781611361	0.9997335466581242	0.014598425136458093	0.014228142471787887	0.01082966443183192	-0.05196642950817767	-0.030089404807208488	0.1015703221252315	0.241455078125	0.212646484375	-1.439453125	0.024204755	0.76007104	-0.16724603	-0.62748307	-5.995725	3.4578872	-8.326114	Scatto 30m	3	Petto
117	3781628028	0.9998602894998703	0.006125308218964454	0.013856840043740326	0.007061874004862524	-0.11756735723688769	0.10157081057749784	0.03495475487565147	0.245849609375	0.193603515625	-1.413330078125	0.023400512	0.76811075	-0.17744017	-0.61479545	-4.5211396	-3.3740616	-2.1011028	Scatto 30m	3	Petto
118	3781644695	0.9999558323737896	-0.003193609362692418	0.007626327562597735	0.004469148552943336	-0.15993466820708319	0.16665783010166577	-0.02349825621427331	0.248291015625	0.18212890625	-1.39599609375	0.027843595	0.77222526	-0.17977923	-0.60874665	-2.87351	-6.7352715	2.0374022	Scatto 30m	3	Petto
119	3781661362	0.9999915340948656	-6.655808616155001E-4	0.003650253423209793	0.0017788734244060524	-0.3041113501397655	0.14485627791732497	-0.10802866245025748	0.2490234375	0.179443359375	-1.38330078125	0.028945936	0.77435875	-0.18144515	-0.60548216	0.4677959	-3.5850763	11.101122	Scatto 30m	3	Petto
120	3781678029	0.9999360761905912	-0.006886098245133698	0.00896567281461669	-2.0468146856059133E-4	-0.3000188843971319	0.05792771100211573	-0.23136752680012718	0.2509765625	0.177490234375	-1.36865234375	0.035018552	0.7798529	-0.17759405	-0.59921914	8.669667	0.009494942	11.486605	Scatto 30m	3	Petto
121	3781694696	0.9993811324092974	-0.030253727970013466	0.0161467061558338	-0.007832496954618436	-0.4801858774889487	0.40847651329435336	-0.24547749527314505	0.242919921875	0.184326171875	-1.323974609375	0.05562024	0.78991973	-0.15378274	-0.59100276	1.777995	-16.054092	27.425816	Scatto 30m	3	Petto
122	3781711363	0.9988284597244006	-0.04485873817328018	-0.002536450966283688	-0.01797131243338082	-0.5973704736643533	0.39936268669648833	-0.037406263372059684	0.23291015625	0.203857421875	-1.285888671875	0.08039315	0.78835994	-0.113919996	-0.5992063	-11.2913885	-11.75128	30.165092	Scatto 30m	3	Petto
123	3781728030	0.9976812158631754	-0.058250738293726234	-0.010531582077299208	-0.033587628391434345	-0.27780577595548794	0.11608647848275826	-0.18077519248470078	0.213623046875	0.2431640625	-1.259033203125	0.10678032	0.77942556	-0.053389564	-0.615015	5.603773	-2.1115744	10.389141	Scatto 30m	3	Petto
124	3781744697	0.9971451994864328	-0.05977616925479262	-0.023575354913722982	-0.03965429826735711	-0.04811494236265624	0.017697682827126082	-0.2418404185562359	0.188720703125	0.299072265625	-1.248046875	0.12921755	0.75859624	0.011329225	-0.6385189	13.433666	1.1041622	-3.6220937	Scatto 30m	3	Petto
125	3781761364	0.9978402371563782	-0.04795213110340829	-0.024428834499480412	-0.03766545206606892	0.16014526829618247	-0.2968539825197648	-0.13870791929999962	0.16162109375	0.354248046875	-1.249267578125	0.14265242	0.7354487	0.06612374	-0.6590852	6.577693	17.515089	-21.160622	Scatto 30m	3	Petto
126	3781778031	0.9991405347216544	-0.029348564104161423	-0.006755329114489007	-0.028481909867586197	0.023090846281504422	-0.30144563774833877	-0.1918458165896581	0.13818359375	0.3994140625	-1.234130859375	0.14507146	0.7256327	0.10381598	-0.66455525	6.0060534	20.470026	-12.348028	Scatto 30m	3	Petto
127	3781794698	0.9996040127933643	-0.02182679192670106	-0.004365621168487933	-0.017214822491256835	-0.1016766082947506	-0.035806260477597995	-0.11948621958638994	0.118896484375	0.42333984375	-1.21923828125	0.14726236	0.7195125	0.12828653	-0.6664521	5.3788943	4.72383	-3.3332148	Scatto 30m	3	Petto
128	3781811365	0.9998183073222291	-0.008086424438567552	-0.01206617924705661	-0.012343800123542081	0.11354137216302927	0.08225481126046577	-0.10986357640284755	0.106201171875	0.44287109375	-1.218505859375	0.14338678	0.7108546	0.13880894	-0.67443174	8.503674	-2.148947	-15.918476	Scatto 30m	3	Petto
129	3781828032	0.9995124327816715	-0.02195959913783574	0.017592775382322623	-0.013533919421861664	0.1569179280508431	0.0812108698081499	0.046282046941318086	0.088134765625	0.458984375	-1.185546875	0.14459695	0.7198804	0.16347739	-0.6588926	-0.14596145	-5.510692	-19.284729	Scatto 30m	3	Petto
130	3781844699	0.9987403066885989	-0.02631460444621303	0.04083493908098463	-0.012563802714742833	-0.022199202168551434	-0.024357492961589164	0.12297327266737602	0.052978515625	0.46240234375	-1.094970703125	0.14639638	0.7422648	0.19341029	-0.6246628	-7.390331	-1.8256178	-9.177034	Scatto 30m	3	Petto
131	3781861366	0.999590659036486	-0.013877149372652664	0.022259241652814624	-0.011422138737306799	-0.1698092811259764	-0.0890548708905122	0.08336617957174675	0.01513671875	0.46533203125	-1.0185546875	0.14366274	0.75335395	0.21199492	-0.60570365	-8.369791	1.3790548	-0.57042503	Scatto 30m	3	Petto
132	3781878033	0.9998946653060644	-0.0025013322407124172	0.009175374904819568	-0.010964220211716946	-0.09204898652353383	-0.08010450740699783	0.07773395090530485	-0.005615234375	0.478515625	-0.998779296875	0.13554744	0.7574451	0.2217123	-0.59895533	-7.325625	1.1831053	-5.308088	Scatto 30m	3	Petto
133	3781894700	0.9999253337767615	0.006342428731737404	0.0075027439131352125	-0.00726700096248284	-0.1316220431498455	-0.13460720072267882	0.03930909673482047	-0.024169921875	0.496337890625	-0.9931640625	0.12342965	0.76205146	0.22339103	-0.5950961	-7.477251	4.515528	-2.2722664	Scatto 30m	3	Petto
136	3781944701	0.998330104894041	0.05733411997775634	-0.005034865032345071	0.004944742939256674	-1.2852972576348456	-0.5585419116063874	-0.28777299773575704	-0.021728515625	0.52978515625	-1.063720703125	0.07930634	0.7666643	0.1831265	-0.61024684	0.3760067	19.024921	20.203619	Scatto 30m	3	Petto
137	3781961368	0.9981245526349081	0.05807082364615279	-0.00539593086586071	0.018602171876236532	-0.4723841423316134	-0.37872141031556417	-0.08367725476929387	9.765625E-4	0.541259765625	-1.1484375	0.044413608	0.77003694	0.13227026	-0.62255543	-9.286248	17.353401	21.129593	Scatto 30m	3	Petto
138	3781978035	0.9974478270787588	0.062404170380828614	-0.012243036281821164	0.032460126887385476	-0.3066838545722349	-0.09215474779515566	-0.0878415634246982	0.04248046875	0.524658203125	-1.2509765625	0.014637021	0.76724064	0.06733488	-0.637647	0.1100487	3.7164638	9.760359	Scatto 30m	3	Petto
139	3781994702	0.9971048854827225	0.06166235909768908	-0.029135189363606765	0.03362650082511404	-0.16116482978673372	0.044067935178547915	-0.16248119519990742	0.09375	0.4833984375	-1.37353515625	-0.012781352	0.74914986	0.0014159543	-0.66227585	8.128877	-2.468181	1.2935457	Scatto 30m	3	Petto
140	3782011369	0.9970789098820919	0.05472989643218096	-0.04506605911568951	0.0284136625700252	0.12038120024158644	0.08082731979027966	-0.3857706365335206	0.13037109375	0.429931640625	-1.523681640625	-0.038147103	0.7160859	-0.055813953	-0.6947308	23.759878	-5.185637	-14.28459	Scatto 30m	3	Petto
141	3782028036	0.999110117787448	0.033850249829439905	-0.003813466703725288	0.024871481518717823	0.1554709232152478	0.16316082233829182	-0.32364655115213253	0.152587890625	0.378173828125	-1.59619140625	-0.04877018	0.7103799	-0.09774883	-0.6952894	18.153423	-12.576165	-18.310612	Scatto 30m	3	Petto
142	3782044703	0.9992063709954199	0.026569020528032672	0.019931490081992968	0.021987519493015417	0.10864333706216278	0.08596226705758934	-0.15999972958177575	0.18115234375	0.3251953125	-1.592041015625	-0.053422768	0.72092557	-0.13395342	-0.6778415	8.39932	-7.493969	-15.690497	Scatto 30m	3	Petto
143	3782061370	0.9990062636021555	0.027226250132693308	0.026015441850153035	0.02384142136521406	0.20450745129669834	-0.016721257617465523	-0.044068504560309314	0.20947265625	0.275634765625	-1.558349609375	-0.056058932	0.7339838	-0.17223735	-0.6545684	3.4058464	-1.1983618	-21.87558	Scatto 30m	3	Petto
144	3782078037	0.9993322076115867	0.023312733668432006	0.015816049882358577	0.023270321123178728	0.022901953783751816	-0.01056411109838308	0.1536303938110809	0.2294921875	0.222412109375	-1.54736328125	-0.057807248	0.7392589	-0.2067501	-0.6382862	-8.333044	3.2235165	-12.53811	Scatto 30m	3	Petto
145	3782094704	0.9995475480333951	0.013761585361255546	0.01939156121010366	0.018419699851174202	-0.1883839934635448	0.06617229684384096	0.1303271095495191	0.24658203125	0.177490234375	-1.521240234375	-0.054619215	0.74710935	-0.23138854	-0.6207284	-9.848107	1.7693057	0.41231537	Scatto 30m	3	Petto
146	3782111371	0.9998442386309203	0.012603545962067697	5.611431934133827E-4	0.01234237513827574	-0.28541662315009475	0.08250310381558815	0.09993308996511438	0.260009765625	0.145263671875	-1.513671875	-0.058339186	0.74394643	-0.24938191	-0.61721087	-9.572857	2.5845447	6.168745	Scatto 30m	3	Petto
147	3782128038	0.9998909354377435	0.001153156253704879	-0.012265791395049798	0.008144803345799813	-0.10643683031858964	0.15472569390329063	-0.008754118475375078	0.26025390625	0.125244140625	-1.53759765625	-0.05906606	0.7341318	-0.25613496	-0.62606454	-4.3954635	-6.366137	-1.6036491	Scatto 30m	3	Petto
148	3782144705	0.9998601905057601	-0.011951909872821076	0.01078550192470751	0.004519318577967835	-0.28117707005847536	0.33459217756685317	-0.09741241071987708	0.264892578125	0.11865234375	-1.521240234375	-0.045918778	0.74027693	-0.2531854	-0.62111115	-5.3038383	-14.600341	12.106596	Scatto 30m	3	Petto
149	3782161372	0.9998535887432816	-0.016814143465784304	5.599434504017786E-4	0.003126039031313588	-0.4402493397160492	0.2966485758841355	-0.2043358383075054	0.267333984375	0.11083984375	-1.50390625	-0.03154933	0.7405186	-0.24548286	-0.62479997	0.65735275	-11.727251	22.232555	Scatto 30m	3	Petto
150	3782178039	0.9988367338580485	-0.04591503075672537	0.01096031879494014	-0.00984177109611073	-0.4235704205834475	0.5534635919705214	-0.44654608424643516	0.26806640625	0.1279296875	-1.4677734375	-4.918885E-4	0.7505016	-0.20996752	-0.62662673	8.519434	-30.31598	28.589825	Scatto 30m	3	Petto
151	3782194706	0.9978049617518537	-0.06323718765796116	0.008036191499685987	-0.01793700160768136	-0.564276507154061	0.2928203724890811	-0.062155805315228366	0.255126953125	0.1611328125	-1.41455078125	0.039333507	0.7580618	-0.15688507	-0.6318089	-6.3228245	-6.2369514	27.468876	Scatto 30m	3	Petto
152	3782211373	0.9972856444383331	-0.06473034581770676	-0.011520831546638523	-0.03314507758344909	-0.23732327672121362	0.014699885577069485	-0.14497123391058475	0.237060546875	0.213134765625	-1.378662109375	0.06785276	0.7514857	-0.09123359	-0.6498784	6.0970373	2.1346042	5.5969276	Scatto 30m	3	Petto
153	3782228040	0.997330051919195	-0.057242758830767126	-0.027054171441258268	-0.03638826607472973	0.049739062526594706	-0.04561804489957914	-0.22397525895865386	0.210693359375	0.283447265625	-1.381591796875	0.08650104	0.73148	-0.028845089	-0.6757386	13.835869	1.8039013	-11.331396	Scatto 30m	3	Petto
154	3782244707	0.9978784050414722	-0.052224820632174096	-0.01584480700656005	-0.03549928101736122	0.22130938681340256	-0.2805452686624248	-0.11841763099288867	0.183837890625	0.344482421875	-1.372802734375	0.10149983	0.71616906	0.030147182	-0.68984866	6.9295173	15.025362	-25.187212	Scatto 30m	3	Petto
155	3782261374	0.9987450040651215	-0.03864929549690799	-0.015848183099902772	-0.027631212513842766	-0.006238222242262691	-0.20757081033884078	-0.09296047183204718	0.150634765625	0.395751953125	-1.35546875	0.11090882	0.70029145	0.07383164	-0.7013133	3.1784484	13.25244	-10.597199	Scatto 30m	3	Petto
156	3782278041	0.9996801987000505	-0.015632645541514334	-0.010628375770857403	-0.01679756973118951	-0.07207269580377129	-0.09308136839041778	-0.1752272986495392	0.1318359375	0.428466796875	-1.353759765625	0.11052064	0.69052976	0.09421276	-0.70857453	8.684707	8.327262	-5.8580046	Scatto 30m	3	Petto
157	3782294708	0.9997943160970337	-0.010575291172910284	-4.207172688436289E-4	-0.017300627550823736	0.1500257953512077	-0.07671826811244292	-0.14126165010554875	0.11962890625	0.4580078125	-1.347412109375	0.104750186	0.68846977	0.11231531	-0.70881754	6.6392145	6.5818067	-19.122158	Scatto 30m	3	Petto
158	3782311375	0.9996412786138293	-0.013015400690628898	0.012165130641698442	-0.019998075723456188	0.20208670162047865	-0.06538191434464331	0.022244022066839966	0.08984375	0.486083984375	-1.317138671875	0.096956864	0.6946119	0.1351942	-0.6998831	-2.77976	3.4199767	-21.844257	Scatto 30m	3	Petto
159	3782328042	0.9997456532569173	-0.006517692302513187	0.012730996674223562	-0.0174376089137861	-0.06324070541902355	-0.09830549305828887	0.15286896600947902	0.060546875	0.515869140625	-1.282470703125	0.086306974	0.70161855	0.15182978	-0.6908186	-10.5285425	2.4283977	-5.742463	Scatto 30m	3	Petto
160	3782344709	0.9999356397167536	-0.003045246467702073	-1.8146996930229478E-4	-0.010927486758070815	-0.21905261427800524	-0.056389113769847926	0.07455419238667224	0.044677734375	0.5341796875	-1.270751953125	0.07975819	0.70046735	0.16058452	-0.6907943	-5.3584914	0.46633962	3.4262896	Scatto 30m	3	Petto
161	3782361376	0.9999757109871844	-0.004663005351807137	-0.0021244870103524494	-0.004724444063263723	-0.15664311996134175	0.016992233199754726	-0.019510967516002706	0.03466796875	0.54296875	-1.2685546875	0.07903686	0.69861263	0.16608165	-0.69145536	1.4845499	-1.6517378	-0.5495157	Scatto 30m	3	Petto
162	3782378043	0.9999409908365793	0.005981705852355995	0.008914980953571018	-0.001660468142829441	-0.19839895654605566	-0.052571717201717605	-0.038441051785311715	0.029296875	0.54638671875	-1.261474609375	0.071256585	0.70566946	0.16292948	-0.6858622	1.2138746	2.2558477	2.451292	Scatto 30m	3	Petto
163	3782394710	0.9999205449968787	0.010117761501509476	0.0074721340242954746	8.377400949109438E-4	-0.6092677664294991	-0.015295439691682476	-0.08976206768743367	0.027099609375	0.55078125	-1.261474609375	0.062409874	0.7123301	0.15504588	-0.68165374	4.510047	-2.261472	26.80249	Scatto 30m	3	Petto
164	3782411377	0.9997890930861879	0.01984266723261721	-0.005270771155192811	5.068278040513685E-4	-0.4616324225585825	-0.07499753220245346	-0.07536240742189151	0.03173828125	0.55517578125	-1.285888671875	0.04843948	0.71067643	0.13989101	-0.6877668	2.2580304	1.8263208	18.461115	Scatto 30m	3	Petto
165	3782428044	0.9993471593755003	0.03552059758240325	-4.361614273269421E-4	0.006584220433470457	-0.45628271596686576	-0.3879776293746371	-0.0778256207112489	0.034912109375	0.55419921875	-1.335693359375	0.026670251	0.71331257	0.10975675	-0.6916845	-2.0945716	19.845089	20.434946	Scatto 30m	3	Petto
166	3782444711	0.9993701941370169	0.03161644592640854	-0.01168414963580733	0.011094866597289033	-0.4824315778999089	-0.18319106067760718	0.111602133461621	0.052490234375	0.544189453125	-1.396728515625	0.011202227	0.70755047	0.07878307	-0.7021683	-9.272999	5.9491158	19.888126	Scatto 30m	3	Petto
167	3782461378	0.9988277391214055	0.035725233070601534	-0.028411806160364542	0.01611286921620664	-0.20977436138275993	-0.025745679642563166	0.012604792097773532	0.069091796875	0.520751953125	-1.481201171875	-0.0024563707	0.6888691	0.041269906	-0.7237061	-0.97557807	0.20152476	2.851142	Scatto 30m	3	Petto
168	3782478045	0.9973969169895889	0.04928238162449028	-0.04922746433440723	0.018635814881189428	-0.05746641081959666	-0.02435107839761582	-0.1012491054165456	0.0830078125	0.4833984375	-1.61767578125	-0.022713903	0.6524097	-0.0077451663	-0.7574865	6.1567273	1.568219	-6.564476	Scatto 30m	3	Petto
169	3782494712	0.9974767934958951	0.04772690699998106	-0.04963492239511114	0.01727898330902894	0.2328889991865182	0.04408911652608526	-0.20242544824973563	0.076904296875	0.428955078125	-1.770751953125	-0.04298505	0.6123026	-0.054535158	-0.78756815	9.82822	-2.8013608	-25.475166	Scatto 30m	3	Petto
170	3782511379	0.9994816225704628	0.023466983619188208	-0.01373843637287897	0.0172349119452373	0.13445654768202803	0.12025358071913322	-0.11489170349872567	0.07470703125	0.37646484375	-1.84716796875	-0.046352845	0.5997231	-0.08355932	-0.7944818	3.649781	-8.087962	-19.082558	Scatto 30m	3	Petto
171	3782528046	0.9998383565367084	0.013743940484105377	0.003847836593029175	0.010934306173538135	-0.1564012332776684	0.10845400246603817	-0.10987519213010677	0.091796875	0.341552734375	-1.853759765625	-0.04713737	0.60168266	-0.10192035	-0.7908024	7.6618686	-7.4080186	-2.0488892	Scatto 30m	3	Petto
177	3782628048	0.9988668672715004	0.045532034299539156	-0.005702248041844604	0.012621397982533535	-0.03664164809063508	0.23129369328081173	0.14300758434901664	0.099609375	0.269775390625	-1.90283203125	-0.071902305	0.5962312	-0.14972596	-0.785443	-0.5605158	-4.2896924	-6.1227207	Scatto 30m	3	Petto
179	3782661382	0.9987621256967099	-0.04227139035188041	0.02470288194061293	-0.008781426725577746	-0.21734261345134898	0.3966912247002416	-0.346528085172283	0.098876953125	0.3154296875	-1.85888671875	-0.050760224	0.6200102	-0.11439592	-0.7745478	14.570092	-23.981441	-3.2244306	Scatto 30m	3	Petto
180	3782678049	0.9967517902396792	-0.011312335734503645	0.07949129302442122	0.006247723387763582	-1.0718349928280946	-0.05134812623888896	-0.03451803091181928	0.167236328125	0.321533203125	-1.67333984375	-0.029502394	0.6800519	-0.11411601	-0.72362757	17.08379	6.633631	51.94086	Scatto 30m	3	Petto
181	3782694716	0.9997965311459169	-0.016445517233511377	0.009938467038207333	-0.006137437938117164	-0.48078691715314786	0.3189627174060217	-0.2750641567947206	0.169677734375	0.326416015625	-1.640869140625	-0.021931028	0.6891319	-0.09934829	-0.71745825	14.376366	-18.73029	20.40645	Scatto 30m	3	Petto
182	3782711383	0.9993771936156395	-0.03161150484760213	0.0053118987787499905	-0.014755384561674358	-0.38919432738550314	0.14256472020616176	-0.08366970537778025	0.162109375	0.359619140625	-1.599609375	-0.010083486	0.6957251	-0.06775199	-0.7150349	4.58205	-6.7416244	14.213194	Scatto 30m	3	Petto
183	3782728050	0.9994982688434082	-0.024222655449385743	-0.009296158500575524	-0.0181674153126542	-0.3476270671982299	-0.05559097629629755	0.16127911739657835	0.143310546875	0.40087890625	-1.57470703125	-0.006579859	0.691301	-0.038893644	-0.72148955	-8.646289	6.086306	10.874275	Scatto 30m	3	Petto
184	3782744717	0.99933860081606	-0.0190055112599831	-0.026846403441813552	-0.015505550070394059	-0.16072064235803646	-0.1077453280911736	0.00798493675610611	0.11865234375	0.434326171875	-1.59326171875	-0.0055015543	0.6731483	-0.015389994	-0.739327	0.33684984	6.917971	-0.4832325	Scatto 30m	3	Petto
185	3782761384	0.9995202785146979	-0.007060111873848533	-0.02712872787354803	-0.013168135106847447	-0.01073205041649779	-0.20763003790545473	0.09360942836881508	0.088134765625	0.46240234375	-1.63720703125	-0.010944419	0.65394706	-0.002250132	-0.756458	-5.1650224	12.632798	-8.866253	Scatto 30m	3	Petto
186	3782778051	0.999798655492817	-0.009658066767989533	-0.013019373704334926	-0.011826501148158863	0.07878809761395322	-0.25538901145145415	0.014006680800873458	0.07177734375	0.487548828125	-1.65234375	-0.013929913	0.644933	0.011939743	-0.76401883	-1.1932062	15.396399	-14.213873	Scatto 30m	3	Petto
187	3782794718	0.9999220671134965	5.233333646229715E-4	-0.010459750436163486	-0.006795545781968671	0.015727898730620162	-0.15876357364724714	0.013038047484344402	0.052734375	0.49853515625	-1.665283203125	-0.020057248	0.6375934	0.015168411	-0.7699626	-0.8588048	9.554862	-10.26786	Scatto 30m	3	Petto
188	3782811385	0.9999504381400497	0.007508207255750583	-0.006522486064031886	-4.530594573783353E-4	0.011414936883294887	-0.003936542684814526	0.030792943300871428	0.044677734375	0.503662109375	-1.6923828125	-0.0260399	0.6331222	0.008976046	-0.7735617	-1.9391537	0.27746585	-10.131753	Scatto 30m	3	Petto
189	3782828052	0.9999217239980506	0.011898334447669892	-8.234723786835764E-4	0.0037811912645940304	0.07360608562981834	0.06349517595636069	0.0070309197319789775	0.051513671875	0.48876953125	-1.70458984375	-0.03154727	0.63282645	-0.003399971	-0.7736432	-1.3914851	-3.5639431	-14.235013	Scatto 30m	3	Petto
190	3782844719	0.999818659745103	0.01726466729839085	0.0030255434264101493	0.007444795199120724	0.12623704080674075	-0.02226244049555754	-0.025271735585387145	0.057373046875	0.470703125	-1.718994140625	-0.037486058	0.6350846	-0.022354262	-0.7712086	0.074998446	1.6028013	-17.485435	Scatto 30m	3	Petto
191	3782861386	0.9997940453540327	0.01739788881667611	0.0073227066592229115	0.0074537444632891145	0.0587745966191216	-0.06133566291610506	-0.07967709596469925	0.069091796875	0.442626953125	-1.730224609375	-0.04343161	0.6403404	-0.041547365	-0.76573616	4.331251	3.3725138	-14.137153	Scatto 30m	3	Petto
192	3782878053	0.9997795074145843	0.017538268430040953	0.009468568946665867	0.006609984601287423	0.015313514610122673	-0.02253537268620965	-0.07226004768873685	0.084228515625	0.426025390625	-1.7353515625	-0.05012422	0.6469807	-0.06038506	-0.75845724	4.2398076	0.83174723	-11.486294	Scatto 30m	3	Petto
193	3782894720	0.9997241436289819	0.02102110859471971	0.008548041916447037	0.006056452603845075	0.013636987938894257	-0.07150003072303633	-0.05167830969080295	0.0947265625	0.403076171875	-1.7451171875	-0.05957303	0.65243715	-0.08143698	-0.751096	3.5643778	3.7455773	-11.211006	Scatto 30m	3	Petto
194	3782911387	0.9996760268757091	0.01817541576370921	0.017672634727882386	0.0022745403024836412	-0.2259688983903281	-0.2661799396254927	-0.3559548715431521	0.1064453125	0.383056640625	-1.748046875	-0.06933113	0.6647843	-0.098369904	-0.73727787	25.772755	11.553076	0.051820755	Scatto 30m	3	Petto
195	3782928054	0.9976674498188672	0.002553624795123985	0.06785804898611981	-0.0069587182814788715	-0.8377029731561344	-0.1345923969325603	-0.2778353333564978	0.132568359375	0.38232421875	-1.647216796875	-0.07083434	0.7145117	-0.10103315	-0.6886568	23.242304	5.2233243	38.164196	Scatto 30m	3	Petto
196	3782944721	0.9997212606156085	-0.008522287794394465	0.019107660582497743	-0.010939332290054673	-0.5975506357334249	0.32549484463125555	-0.20102607448469406	0.1337890625	0.403564453125	-1.570068359375	-0.07211109	0.7301236	-0.08971582	-0.67355084	5.6784534	-20.209942	27.221825	Scatto 30m	3	Petto
197	3782961388	0.9999578112821133	0.008253382623674057	0.0039145132839700225	-9.66393761566653E-4	-0.4171066942093793	-0.023608800841113026	0.23752074530363856	0.133056640625	0.407958984375	-1.564208984375	-0.07975661	0.7332116	-0.09589102	-0.6684643	-15.487962	5.4785843	13.882593	Scatto 30m	3	Petto
198	3782978055	0.9999264762679843	-9.986093061513414E-4	-0.008707332455900442	0.008380167017923879	-0.21259127540914569	-0.04859598656181368	0.023779343805453768	0.138427734375	0.4013671875	-1.57763671875	-0.0755461	0.7273956	-0.10159595	-0.6744381	-1.8021537	3.606285	2.7165146	Scatto 30m	3	Petto
199	3782994722	0.9994056261682005	0.013383722422907796	-0.02854291392290315	0.013948921902542767	-0.043606530708947	0.06286931127958711	-0.03222356269197426	0.140625	0.375244140625	-1.63330078125	-0.0800682	0.7060141	-0.119416885	-0.6934501	0.7268526	-4.011754	-6.9510875	Scatto 30m	3	Petto
200	3783011389	0.999777744672282	0.013398583818489442	-0.01429869050742161	0.007777316981919913	-0.029750675855575913	0.2617122403589501	-0.04661589087160105	0.14453125	0.3466796875	-1.6865234375	-0.08704235	0.69465464	-0.1338744	-0.7013961	-1.758823	-15.726897	-7.144561	Scatto 30m	3	Petto
203	3783061390	0.9990722620521986	-0.034560896715660865	0.025148177432415153	-0.0052658131318975565	0.26621126934400974	0.20633202092169672	-0.15287254007720658	0.14892578125	0.3642578125	-1.628662109375	-0.06505073	0.71751636	-0.110719725	-0.684602	4.1574326	-0.4217322	-14.098227	Scatto 30m	3	Petto
206	3783111391	0.9954875547202049	-0.054637839187503076	0.07613754424541748	-0.014910039650676277	-0.3075594454739707	0.07754450792407656	-0.4130220699855436	0.1474609375	0.39990234375	-1.431396484375	-0.028646924	0.7736956	-0.069826216	-0.62904614	15.754474	-11.132093	6.691574	Scatto 30m	3	Petto
207	3783128058	0.9995847142876506	0.01056311099886862	0.026537389499773693	0.003819241683703512	-0.48519547994930606	-0.06667809602538229	-0.2996335348059587	0.147216796875	0.3994140625	-1.38623046875	-0.032928832	0.79028404	-0.08108035	-0.6064594	12.138111	3.6906278	22.213428	Scatto 30m	3	Petto
212	3783211393	0.9986480040127469	-0.013380687682576387	0.04609627122176408	-0.019956328769276388	-0.7756234637760367	-0.18372321822768287	-0.41629919016476125	0.11669921875	0.42626953125	-1.28125	-0.03265846	0.82319736	-0.06317935	-0.56328344	7.7477894	9.668567	-14.330338	Scatto 30m	3	Petto
213	3783228060	0.999886801552228	0.006082301459479245	0.013495690047742759	0.0026937039084740104	-0.07227759235416814	-0.0723131178763631	-0.046932077286659345	0.1123046875	0.4248046875	-1.261474609375	-0.03601739	0.8310736	-0.07016623	-0.55054194	1.6527939	4.2331743	-4.8221116	Scatto 30m	3	Petto
214	3783244727	0.9999026307888746	0.008524651530250393	0.010585387466153897	0.003163673492427077	-0.1819564174436155	-0.034288819630198406	-0.14919346158681612	0.112548828125	0.421142578125	-1.25048828125	-0.041406687	0.8369882	-0.078743644	-0.5399408	4.242902	1.6409612	3.7094288	Scatto 30m	3	Petto
215	3783261394	0.9999696112462179	0.002488654251164013	0.007192042538508859	0.0016904757408415796	-0.1178532989798788	0.07559596953008245	-0.3355699405671403	0.1142578125	0.421142578125	-1.25048828125	-0.04283732	0.8412961	-0.082678616	-0.5324943	14.35694	-6.974035	5.0596275	Scatto 30m	3	Petto
216	3783278061	0.9994358453125859	-0.012282999043906395	0.03125801464901574	-2.3570957997154363E-4	-0.16176701184223632	0.23925824636949444	-0.526793613204815	0.1064453125	0.412353515625	-1.2041015625	-0.030752063	0.8587418	-0.078155674	-0.5054787	21.285213	-18.282999	12.813837	Scatto 30m	3	Petto
217	3783294728	0.9995501323088964	-7.306096076769575E-4	0.029763821532330204	0.003621344869030208	-0.6534142385122772	0.017041719221075422	-0.2438282566126234	0.08544921875	0.405029296875	-1.122802734375	-0.026463788	0.87394226	-0.08271672	-0.47820786	-6.36535	1.1441833	31.542027	Scatto 30m	3	Petto
218	3783311395	0.9999059637017245	0.006475676226505966	0.009769922532155919	0.00711884715743899	-0.3186639079195482	-0.1797559669140955	-0.1048492383540495	0.0869140625	0.400146484375	-1.11083984375	-0.028434949	0.8784898	-0.09316434	-0.46772596	-3.0944521	12.129998	9.28537	Scatto 30m	3	Petto
219	3783328062	0.9999557886118621	-0.004405277067420499	0.005497879802568995	0.006227975053325342	-0.1436333041578577	-0.08984806566455096	-0.016288101979059007	0.08740234375	0.386962890625	-1.09228515625	-0.021830399	0.88122725	-0.097589284	-0.461994	-2.8874207	6.3421783	-2.3485017	Scatto 30m	3	Petto
220	3783344729	0.9997916849832179	-4.94157051223465E-4	-0.020351362903971774	0.001471215544207427	-0.04886961084774653	0.11897257686232204	-0.023246513822777592	0.09521484375	0.38232421875	-1.115478515625	-0.023475492	0.87215364	-0.09902973	-0.4785292	-1.884992	-6.7268624	-6.249189	Scatto 30m	3	Petto
221	3783361396	0.9998404251362952	0.0010258779478805047	-0.017095791490134404	-0.0050799361250094	0.06066954186586825	0.13780293190080076	-0.12154222780289242	0.1064453125	0.3876953125	-1.15771484375	-0.029144205	0.8649564	-0.0954704	-0.4918197	6.326734	-9.63996	-8.459098	Scatto 30m	3	Petto
222	3783378063	0.9998477001397729	-0.013122458891593136	0.0062457802951301775	-0.009662702849109306	-3.9067521922944715E-4	0.04072810197533141	-0.12070272262208083	0.09912109375	0.401611328125	-1.14794921875	-0.022442257	0.8698703	-0.081627496	-0.4859621	5.6225214	-3.439453	-5.943326	Scatto 30m	3	Petto
223	3783394730	0.9997224791216255	-0.018414668391262212	0.010131339839739241	-0.010640520664075228	-0.08862999391808692	-0.009170163481717983	-0.0644666940877406	0.082275390625	0.40576171875	-1.1015625	-0.011196135	0.8765144	-0.0644291	-0.47691327	0.59473217	0.7270703	-3.2809258	Scatto 30m	3	Petto
224	3783411397	0.9997901338047417	-0.015806243964123945	-0.002267590484349991	-0.012833901660780023	-0.22570826022377857	0.058014147815920944	-0.17838316777015328	0.063720703125	0.419189453125	-1.0771484375	-0.0040360023	0.8769227	-0.046388235	-0.47837067	1.1862909	-2.9245038	7.509781	Scatto 30m	3	Petto
225	3783428064	0.9998113998256174	-0.007181047693297804	-0.014037137792212495	-0.011338258039419737	-0.12652843684060455	0.09293247525951133	-0.315189357204043	0.0595703125	0.43017578125	-1.088623046875	-0.0041978997	0.8712564	-0.033699926	-0.48965213	11.254517	-5.9344873	7.0535774	Scatto 30m	3	Petto
