2	3820390984	0.9998247150757855	-0.0036249722919817207	-0.0017495893801200981	-0.018284901873064197	0.05060391028392219	0.03618922017760719	-0.02236528067395255	-0.41064453125	-0.826171875	-0.709228515625	0.0048663644	0.0015094712	-0.9985102	0.05432947	-2.9450402	2.4131703	-8.701527	Scatto 30m	4	Petto
3	3820407651	0.9996656037760782	-0.012780167255215025	-0.008185743361120603	-0.020936608072073763	-0.002483549553528244	-0.042975551502611745	0.09667367379185778	-0.37548828125	-0.82470703125	-0.7294921875	-0.0013965516	0.023601599	-0.9989221	0.03994458	0.09971801	-3.1680677	-15.314131	Scatto 30m	4	Petto
4	3820424318	0.9992903226063631	-0.023183920333699426	-0.017662663274618465	-0.02386183792751273	-0.11240968747939742	0.04366989840535519	0.20662709690555986	-0.322265625	-0.82861328125	-0.768310546875	-0.017226202	0.046930093	-0.9985559	0.019675184	6.67574	1.8553914	-22.384026	Scatto 30m	4	Petto
5	3820440985	0.9994934949372014	-0.01831061311616844	-0.014096234581176759	-0.021880840846753572	-0.09085749749361474	0.04537386860973241	0.13533514352448367	-0.270263671875	-0.834716796875	-0.8134765625	-0.031615164	0.069825746	-0.99705815	3.3475025E-4	5.488891	2.9470794	-17.827745	Scatto 30m	4	Petto
8	3820490986	0.9993890919557498	0.024474343120554104	-0.02366667059890826	-0.007895448780289083	-0.09135744241636519	-0.4376620734300989	-0.2484209212438936	-0.2109375	-0.80615234375	-0.828125	-0.05838785	0.071652845	-0.994975	0.038491953	1.6432978	-5.8703337	3.0397902	Scatto 30m	4	Petto
9	3820507653	0.9981842594977544	0.05241472217999435	0.022651306450890307	0.019178094425191475	-0.009328159934788763	-0.21685296343952948	-0.48429398231471527	-0.248291015625	-0.763916015625	-0.74853515625	-0.040082514	0.04608581	-0.99336153	0.09748078	-1.2718036	-10.428078	20.246426	Scatto 30m	4	Petto
10	3820524320	0.9953202944941042	0.06682474990660409	0.06134305621071907	0.033301555861823595	-0.26567207286450656	-0.3306161837420728	-0.459660793143638	-0.3544921875	-0.710205078125	-0.622314453125	0.015773801	2.3995391E-4	-0.9846365	0.17390299	14.9637785	-12.118589	22.396107	Scatto 30m	4	Petto
12	3820557654	0.9940486191430387	0.0748886195569547	-0.028292778026549396	0.07388204214971428	-1.7327842796315307	0.36258221888388253	-0.5468656914603958	-0.429443359375	-0.615966796875	-0.52490234375	-0.04566522	-0.071500085	-0.9655457	0.24601603	24.694391	12.266265	6.0954933	Scatto 30m	4	Petto
15	3820607655	0.9966944032776293	0.021080689283961063	-0.01421916604746243	0.07716013433942644	0.3000137082525905	0.26964378005334977	-0.6355383833820514	-0.46630859375	-0.63818359375	-0.526611328125	-0.08269724	-0.13341056	-0.9613944	0.22601692	0.97452384	0.5130212	0.613574	Scatto 30m	4	Petto
17	3820640989	0.9984296398070692	0.025277732145373266	0.0034688763326374827	0.049872412306821774	0.06777353591095146	-0.4076255194984879	-0.01315198915026558	-0.51708984375	-0.61962890625	-0.495849609375	-0.08558608	-0.18455604	-0.9471457	0.24805117	-8.29946	-8.70509	-6.7467446	Scatto 30m	4	Petto
19	3820674323	0.9990475385482758	0.00822306298766784	-0.009001479196185049	0.04189713985480404	-0.0323009853302509	0.1181045886066383	0.41606687743658105	-0.5498046875	-0.62841796875	-0.49365234375	-0.10070483	-0.22575279	-0.9313561	0.26733962	9.407672	-3.0563433	-21.066471	Scatto 30m	4	Petto
21	3820707657	0.9994525832054687	0.01543197156547077	-0.011561916956872142	0.026883270891030157	-0.28518305183828196	0.150427891928451	0.07147478451891864	-0.54736328125	-0.60791015625	-0.482421875	-0.11924328	-0.2526164	-0.9159673	0.28804502	7.001904	1.7026454	-9.412805	Scatto 30m	4	Petto
23	3820740991	0.9989415388471752	-0.044646040536007736	0.0104094083776361	-0.0037652685591405004	-0.009559284828537835	0.25709337672273525	-0.25481637646894556	-0.562744140625	-0.671630859375	-0.510986328125	-0.12284203	-0.2470781	-0.9304896	0.24093904	2.5296564	11.098353	-4.9322143	Scatto 30m	4	Petto
24	3820757658	0.9983387987044746	-0.05104597117642323	0.02016551468637801	-0.017530084009947294	-0.12037823140360927	0.1859162157479559	-0.2776308505598018	-0.5732421875	-0.745849609375	-0.55908203125	-0.11223678	-0.22727092	-0.94983464	0.18320823	9.9690695	13.963003	2.8264122	Scatto 30m	4	Petto
26	3820790992	0.992728308660104	-0.08798576834755456	0.041476353783494964	-0.07091348129915925	-1.233858859347222	0.3717534890825729	-0.5200588352665202	-0.57373046875	-0.86279296875	-0.668701171875	-0.08533052	-0.15145575	-0.98153806	0.07976829	39.266098	-2.2300599	16.870285	Scatto 30m	4	Petto
28	3820824326	0.9932582959067171	-0.034157064169237306	-0.08633083013577321	-0.06941354585303378	-0.6300071596213135	0.2579205191454451	-0.8575769676101718	-0.370849609375	-0.886962890625	-0.78759765625	-0.1831043	-0.07208371	-0.9787449	0.057753112	3.5956557	1.4275913	19.132969	Scatto 30m	4	Petto
30	3820857660	0.9986199711194907	-0.029392816774921768	-0.005401188080529252	-0.04318614095588935	0.5415826792895062	-0.1761313088682395	-0.32275050647026704	-0.27001953125	-0.859130859375	-0.82861328125	-0.18900107	-0.024158187	-0.981005	0.036391217	-12.02772	1.0910635	-9.387829	Scatto 30m	4	Petto
32	3820890994	0.9992535256689083	-0.03075621253690501	-0.0020100436011978866	-0.023289623297991613	0.20525244613578408	0.050335258567544096	0.07155109869775501	-0.234375	-0.8681640625	-0.879638671875	-0.187257	0.0042983918	-0.9822404	0.010976046	-7.5876694	0.52257836	-16.037212	Scatto 30m	4	Petto
33	3820907661	0.9997699948755989	-0.01617670726646965	-0.0024867008545833014	-0.013859574572106794	0.04927801383549571	-0.12210363452759906	0.17827753384647163	-0.212158203125	-0.868408203125	-0.905029296875	-0.18794334	0.020825278	-0.9819565	-0.0022761002	1.189033	-7.5634327	-20.684929	Scatto 30m	4	Petto
35	3820940995	0.9989097782225147	-0.033731148560018076	0.0010957924503833818	-0.03225312120049912	-0.28512312253112004	-0.12606493388315437	0.2629981313031615	-0.1650390625	-0.864501953125	-0.959716796875	-0.18585926	0.05736049	-0.9806128	-0.023763591	10.624834	-1.4562033	-10.751448	Scatto 30m	4	Petto
42	3821057664	0.955111594905738	0.28268691997865253	-0.05859217119619897	0.06645979253741043	-2.5521821512118645	-0.3227826161110131	-1.3411704084436806	-0.19677734375	-0.61669921875	-0.671875	-0.26514095	-0.072001554	-0.9271631	0.25472468	12.834199	6.018754	17.738739	Scatto 30m	4	Petto
44	3821090998	0.9977223792833678	0.038261583288532255	-0.006798100187615398	0.05513520613210399	0.5764720038543772	0.3256453079556614	-0.39312383186066263	-0.2060546875	-0.63037109375	-0.66455078125	-0.28732195	-0.13292348	-0.9097938	0.26842663	-18.043716	12.7852335	-18.304422	Scatto 30m	4	Petto
46	3821124332	0.9976888728597286	0.05059697460120881	0.019721494730505666	0.04084019807350986	0.08098739808839296	-0.21525470945605996	-0.08185098435109929	-0.27294921875	-0.60009765625	-0.59375	-0.2703307	-0.1886637	-0.897934	0.29162002	-4.998589	-6.2900157	-6.622229	Scatto 30m	4	Petto
48	3821157666	0.9990150822725306	0.028947599841774363	0.013756911366991255	0.030686303867527964	0.08294609693094399	0.0790344778113303	0.25455760487751705	-0.322998046875	-0.57568359375	-0.549072265625	-0.25886944	-0.227848	-0.8867968	0.30767435	6.6726837	-0.5371561	-20.05104	Scatto 30m	4	Petto
50	3821191000	0.9996327280902577	-0.002764931685357075	0.021778843435747434	0.015888551293477382	-0.2746707437425837	0.29948153090448876	0.10362123195753449	-0.379150390625	-0.58837890625	-0.539794921875	-0.24549057	-0.24884948	-0.8885356	0.29717463	12.048369	3.2387602	-8.020771	Scatto 30m	4	Petto
55	3821274335	0.9816337679655659	-0.16101754988822886	0.04158823665310347	-0.09348215225273097	-1.6707829406616468	0.9974014543562961	-1.1445013431153201	-0.371826171875	-0.768310546875	-0.6552734375	-0.22596921	-0.13430297	-0.95401406	0.14407645	29.207272	5.3482695	24.46727	Scatto 30m	4	Petto
57	3821307669	0.9926143378106114	-0.08139258645040333	-0.03839730854518903	-0.08134906231912298	-0.4638792695175148	-0.25246137548191105	-0.5600451179296055	-0.216064453125	-0.8115234375	-0.8095703125	-0.26947942	-0.031463854	-0.9593433	0.07779182	-5.0772305	-14.19713	4.300267	Scatto 30m	4	Petto
58	3821324336	0.9995671660599876	-0.0024977407348514835	-0.014607013901154766	-0.025414109681787922	0.1728895816396699	-0.2210768359077958	-0.16561958401935253	-0.157470703125	-0.77978515625	-0.841796875	-0.28375366	-0.0056416797	-0.9553439	0.08228085	-15.310427	-11.249558	-5.193891	Scatto 30m	4	Petto
59	3821341003	0.99975249495652	-0.012952185041645303	-0.0021599332258573915	-0.017958964873296682	0.17794519816251525	0.010453993344248218	-0.07938142128917347	-0.12646484375	-0.7666015625	-0.864013671875	-0.28467137	0.014869437	-0.95542777	0.076804854	-11.4944515	1.0096536	-11.791173	Scatto 30m	4	Petto
60	3821357670	0.9998976475066093	1.3715839529401808E-5	0.005043803188447883	-0.013388591114099624	0.011470872300798348	0.0375202283788231	-0.14556635788893868	-0.111328125	-0.75390625	-0.848876953125	-0.27825728	0.026909143	-0.9566315	0.08188402	-5.3050933	3.3936894	-3.3194208	Scatto 30m	4	Petto
62	3821391004	0.9990072397799339	-0.030392230070406923	-0.0013310994523263455	-0.03254343855331021	0.07582643991158383	0.09862362738965336	0.17892203236840343	-0.076171875	-0.7373046875	-0.88134765625	-0.2744702	0.066077724	-0.95728534	0.06248872	5.035021	2.6681902	-14.677517	Scatto 30m	4	Petto
64	3821424338	0.9987388018128125	-0.0375448166986278	-0.014770554062686571	-0.029883494194207216	-0.2207680077945217	-0.03998986592046641	0.20265861438738747	-0.030517578125	-0.72998046875	-0.94384765625	-0.28418228	0.10533306	-0.95236033	0.03399169	9.378999	-1.2159034	-10.352804	Scatto 30m	4	Petto
66	3821457672	0.9997457401621479	-0.014687397879323355	-0.013609670610379822	-0.010368810782845128	-0.1427562434986941	-0.1445110459210516	0.007347758230347865	0.00634765625	-0.72119140625	-0.988525390625	-0.2965911	0.119166896	-0.9472618	0.022985563	4.941383	-4.2640457	-4.939451	Scatto 30m	4	Petto
68	3821491006	0.9989007762393249	0.04532881501391339	-0.00818888598255907	0.008687917142399026	-0.5070765425442556	-0.5874966610603478	-0.28705978963443984	0.01025390625	-0.70751953125	-0.975830078125	-0.3112603	0.0966107	-0.9431132	0.06573564	9.478464	-20.659674	13.447367	Scatto 30m	4	Petto
69	3821507673	0.9977433611539329	0.05745781623544398	0.026001356307497725	0.023037232838970637	-0.45060086377211195	-0.34804152547995515	-0.1802408680186206	-0.025146484375	-0.680908203125	-0.880615234375	-0.29404208	0.05418469	-0.9467684	0.119302526	17.632408	-13.458597	18.327555	Scatto 30m	4	Petto
71	3821541007	0.9909591019818125	0.10792460268015489	-0.029623665038177042	0.0739917347102791	-1.3602259599156774	0.10610100151070904	-0.31713243748553654	-0.10791015625	-0.66162109375	-0.7646484375	-0.33883375	-0.046601564	-0.9174338	0.20331115	17.067766	9.919226	15.045967	Scatto 30m	4	Petto
73	3821574341	0.9970512335920158	0.047860689494741836	-0.006556133748620852	0.059625574244595025	0.7197155744852974	0.37679998714827084	-0.6050036354882444	-0.13134765625	-0.671630859375	-0.7451171875	-0.35747564	-0.11769425	-0.89881444	0.22470424	-18.787786	16.294996	-18.819586	Scatto 30m	4	Petto
75	3821607675	0.9984411616757707	0.032633444105435894	0.004800716545077911	0.04502508320935018	0.035754342160575915	-0.16993054140039446	-0.07786740795207381	-0.189697265625	-0.679931640625	-0.703369140625	-0.35743302	-0.17109838	-0.88832396	0.23205106	-3.554433	-6.5546713	-11.246302	Scatto 30m	4	Petto
78	3821657676	0.9979621303901844	0.03172331003716075	0.010927524789598022	0.054275290043843016	-0.027505294683049675	0.029775073406460323	0.39029791621196375	-0.258056640625	-0.69580078125	-0.658203125	-0.35283265	-0.2337408	-0.8738583	0.23926191	5.931176	0.80919266	-13.556858	Scatto 30m	4	Petto
80	3821691010	0.9989860140730487	-0.01837293213106815	0.04051754199313196	0.0069070863744587485	-0.18610809713654491	0.3854472576778775	-0.019196271401875062	-0.3330078125	-0.72900390625	-0.637939453125	-0.32352832	-0.2437069	-0.8894789	0.2115749	12.745952	10.201757	-7.1201134	Scatto 30m	4	Petto
84	3821757678	0.9843036186083096	-0.14493613998941532	-0.004256883223541008	-0.1006070607103549	-1.6466689766603073	0.9505029814678405	-1.0157012271783863	-0.228515625	-0.8076171875	-0.802978515625	-0.3425996	-0.10427658	-0.9280139	0.1026743	11.368366	6.2724915	19.952675	Scatto 30m	4	Petto
86	3821791012	0.989362160315828	-0.09461056948816801	-0.03671719423255083	-0.10422669295344311	-0.23926417758004906	-0.19962145631831282	-0.3628584143820268	-0.05615234375	-0.77880859375	-0.9833984375	-0.37737918	0.028994018	-0.92441684	0.046881028	-8.890482	-7.3717313	0.023672104	Scatto 30m	4	Petto
87	3821807679	0.9991998344287224	-0.020936615249977045	-0.014371094542227682	-0.030900172509980953	0.16289321935643122	-0.04444040602271765	-0.3152365401468941	0.00341796875	-0.744140625	-1.0390625	-0.38975033	0.06572408	-0.9178043	0.037558064	-20.189943	-2.3407755	-2.9414744	Scatto 30m	4	Petto
91	3821874347	0.9912270027716483	-0.08967083220837764	0.05567311922965429	-0.07955296740306134	0.21603800396807313	-0.053028733909295564	0.037606039664393395	0.066162109375	-0.669921875	-1.063232421875	-0.32475582	0.16969554	-0.9303895	-0.010608936	12.394677	-1.3526087	-12.409219	Scatto 30m	4	Petto
93	3821907681	0.999239751123204	-0.024213407673088827	0.019761464793432992	-0.023304831544385122	-0.2773133410231315	-0.21715875325857603	0.23522479675292096	0.072998046875	-0.646240234375	-1.050537109375	-0.30316687	0.19872966	-0.93175006	-0.020935273	11.152592	-3.3043137	-9.680636	Scatto 30m	4	Petto
95	3821941015	0.9998145540970428	0.01509218973293125	-0.007444907459020989	0.009362509157440692	-0.4168118983636967	-0.34268354474978485	0.025448362599166083	0.074462890625	-0.646484375	-1.0400390625	-0.3147275	0.18456765	-0.9310248	-0.008628248	15.70438	-3.6603074	0.40993786	Scatto 30m	4	Petto
96	3821957682	0.9993649100687974	0.0276135295817862	-0.018499228524399617	0.012847102833807356	-0.3020760136748337	-0.09420147462789724	-0.21535268046200487	0.078125	-0.649658203125	-1.05224609375	-0.33801544	0.16325824	-0.926804	0.011261699	7.673407	-0.8181287	11.816717	Scatto 30m	4	Petto
97	3821974349	0.9991214383165785	0.03892379227868381	-0.0027823277272583935	0.01528229509188195	-0.2047408055298227	-0.44348201440821483	-0.3263093706783664	0.067626953125	-0.644775390625	-1.037841796875	-0.34807283	0.13539472	-0.9266343	0.043156445	4.234696	-23.092709	16.474255	Scatto 30m	4	Petto
98	3821991016	0.9965882948207695	0.07672409251718669	0.005796638009541444	0.029859391176503717	-0.6694364887060527	-0.44526595629106885	-0.07550394173806399	0.038330078125	-0.628173828125	-0.945556640625	-0.354101	0.0797174	-0.92558986	0.10743083	31.766066	-14.34136	23.843159	Scatto 30m	4	Petto
99	3822007683	0.9965467498234091	0.07378056364992994	-0.006838683681217318	0.03747314037289252	-0.5581779892339211	-0.03782756001690146	-0.18727249737137575	0.004150390625	-0.620361328125	-0.881103515625	-0.37083486	0.018554723	-0.9137403	0.16497289	17.155088	7.017199	20.34472	Scatto 30m	4	Petto
100	3822024350	0.9974461062336372	0.048465544283480495	-0.03746773180687607	0.036722271851149686	-0.17546630103786134	0.14251471383265793	-0.4000566207943064	-0.00439453125	-0.606689453125	-0.8662109375	-0.41302353	-0.027644377	-0.8887964	0.19669428	-8.101049	16.710762	10.563702	Scatto 30m	4	Petto
101	3822041017	0.9981276785328771	0.03034412474143508	-0.041730690297608286	0.032846931782601736	0.3875162147963327	0.15429232626871447	-0.36456644341915595	0.019775390625	-0.637939453125	-0.93115234375	-0.45623687	-0.06183405	-0.862165	0.21141519	-29.113949	14.04946	-17.540655	Scatto 30m	4	Petto
102	3822057684	0.9990354127149105	0.031331186102124396	0.014702793474217657	0.027026445993451	0.3654554833575498	-0.0048040293528194555	-0.21864299882538896	-0.017822265625	-0.64599609375	-0.886474609375	-0.4469613	-0.10298967	-0.8597737	0.22451754	-22.691364	3.3778043	-21.067497	Scatto 30m	4	Petto
103	3822074351	0.9991945488647018	0.027024660094462062	0.018934161980335377	0.022834596032028424	0.005048300179912826	-0.02941979648303028	-0.11174135335972668	-0.0595703125	-0.655029296875	-0.821533203125	-0.43192947	-0.13917708	-0.8595553	0.23501398	-5.681359	1.6399511	-6.18045	Scatto 30m	4	Petto
104	3822091018	0.9992198812562958	0.02535496684082525	0.01987977360875282	0.022837450819203076	0.011872371332573574	-0.005434705976926718	0.08983599112575713	-0.106689453125	-0.655517578125	-0.769287109375	-0.4154938	-0.17457815	-0.8587765	0.24370183	3.0831537	-3.0705626	-13.088254	Scatto 30m	4	Petto
105	3822107685	0.9993818868404869	0.023881260751436886	0.013779067633449216	0.02180978989405791	-0.1044983552145096	0.026190145587794575	0.12882101322513734	-0.15380859375	-0.65087890625	-0.7333984375	-0.40390924	-0.20676345	-0.85456073	0.25265083	9.37102	-3.6773224	-9.3892565	Scatto 30m	4	Petto
106	3822124352	0.9996213144765064	0.016521976624936263	0.007843218094151063	0.020560541398372545	-0.07580703895844097	0.09880084291992061	0.13928770257476158	-0.1875	-0.6533203125	-0.700439453125	-0.39856994	-0.2332837	-0.84890693	0.257056	10.875745	-1.0208446	-12.332519	Scatto 30m	4	Petto
107	3822141019	0.9998215826483656	0.005953948592968342	0.0040781443454719355	0.01745629128329296	-0.09222019300994241	0.13002877523069584	0.06066920981612346	-0.216552734375	-0.66357421875	-0.67724609375	-0.39820954	-0.25195432	-0.84451216	0.25445554	9.888221	2.595913	-9.3542185	Scatto 30m	4	Petto
108	3822157686	0.9998965143947574	-0.005701853208741295	0.007679415336426799	0.010745973724673119	-0.08991879534654586	0.21061993865725298	-0.03762993163920988	-0.234619140625	-0.682861328125	-0.67138671875	-0.39614204	-0.26122978	-0.84590846	0.24345349	9.706861	9.614635	-7.1223073	Scatto 30m	4	Petto
109	3822174353	0.9998244631845516	-0.009859824438034279	0.015471461880162185	0.003802702600105235	-0.25649726646972953	0.23704033517479528	-0.05615930048608682	-0.263671875	-0.7041015625	-0.666748046875	-0.38687384	-0.2648528	-0.85309964	0.2289167	15.634547	8.836238	1.4986057	Scatto 30m	4	Petto
110	3822191020	0.9997878535597802	-0.01849035011720644	0.007048342371830108	-0.005716265973541412	-0.2843508569408556	0.2915991739099986	-0.2486908387901846	-0.27685546875	-0.718994140625	-0.6708984375	-0.3850427	-0.25503588	-0.8611781	0.21229994	12.463561	17.368341	9.234247	Scatto 30m	4	Petto
111	3822207687	0.9985388704560669	-0.05041068413521264	0.005330507643173221	-0.01872091882381771	-0.5152044659914131	0.4695368330290721	-0.17763384140347066	-0.2685546875	-0.765380859375	-0.725341796875	-0.38956568	-0.22091219	-0.87734693	0.17233369	28.684097	19.369802	15.970781	Scatto 30m	4	Petto
112	3822224354	0.9974222272040482	-0.06302986164035365	3.1016150893337096E-4	-0.03429345448846388	-0.5124536920475126	0.18558775735364771	-0.19820333699361614	-0.235107421875	-0.8095703125	-0.795654296875	-0.39780104	-0.16644196	-0.8932944	0.12679514	16.851042	7.103964	19.790455	Scatto 30m	4	Petto
113	3822241021	0.9966356071717084	-0.06837238935648976	-0.0171305874299843	-0.041823747625823034	-0.3680982814277784	0.0904859981818609	-0.30226962213710884	-0.16748046875	-0.837646484375	-0.904052734375	-0.41972238	-0.09981714	-0.8984257	0.08186155	3.7551956	6.97025	18.177794	Scatto 30m	4	Petto
114	3822257688	0.9980875290299834	-0.030080532221140696	-0.032706898248047185	-0.0429733031440086	0.03601075545023267	-0.19503709360873953	-0.20860012515579873	-0.07861328125	-0.82177734375	-1.01171875	-0.44957536	-0.046433307	-0.88902235	0.07324987	-13.50604	-8.252818	-2.9046917	Scatto 30m	4	Petto
115	3822274355	0.998571970328249	-0.012785488169780354	-0.03932319271696073	-0.03382658542572554	0.356898107421921	-0.30631327647551376	-0.30872132858531365	-0.003173828125	-0.77197265625	-1.076171875	-0.4831492	-0.008351655	-0.8720851	0.07723317	-30.040548	-14.581399	-14.750294	Scatto 30m	4	Petto
116	3822291022	0.9987066670488255	-0.04503260182081134	-0.003818296136307631	-0.023291169573254167	0.175142651749092	-0.01630332187845819	-0.22066814776639043	0.044921875	-0.754150390625	-1.15673828125	-0.48447976	0.03353716	-0.87279135	0.04888679	-16.827396	0.29108873	-11.660957	Scatto 30m	4	Petto
117	3822307689	0.9986472487546958	-0.029396360937316665	0.041175185748296206	-0.012005440304836969	-0.10808799159687765	0.06834408361828191	-0.2291891534235977	0.0458984375	-0.7470703125	-1.149169921875	-0.44583672	0.05577056	-0.8928657	0.030167637	-8.283361	5.469212	2.41253	Scatto 30m	4	Petto
118	3822324356	0.9991217764653089	-0.0394774107751541	0.0016335813269971469	-0.013947804248092666	0.04385060894152509	0.022712962752412878	0.19282343724097026	0.054443359375	-0.744873046875	-1.173583984375	-0.4407368	0.08530538	-0.89357364	7.211619E-4	7.5685225	0.98981124	-18.998425	Scatto 30m	4	Petto
119	3822341023	0.998851058117739	-0.03913642692707715	0.020722657255988767	-0.018315983749327584	-0.017057063061501947	-0.047181032844838905	0.20093324501985949	0.06689453125	-0.735595703125	-1.190185546875	-0.41808653	0.11839973	-0.9003173	-0.024784548	10.534061	-1.728885	-16.1721	Scatto 30m	4	Petto
120	3822357690	0.9995257372424158	-0.021939991962795224	0.016349865094424158	-0.01412866780951949	-0.21457440521645574	-0.17097110970659365	0.12586999568743473	0.075439453125	-0.720458984375	-1.186279296875	-0.4010197	0.14028469	-0.9045176	-0.036761854	16.053595	-6.3982778	-4.3943014	Scatto 30m	4	Petto
121	3822374357	0.9998733905408743	-0.010136072171303745	0.005235348110083138	-0.011092973424667198	-0.17349694937606203	-0.21167100481876222	0.10564514277206881	0.086669921875	-0.709716796875	-1.195556640625	-0.39576852	0.15422639	-0.9044141	-0.04021266	14.775209	-8.700637	-5.834242	Scatto 30m	4	Petto
122	3822391024	0.9999304891132831	-0.0026099057454749275	0.010584209736597574	-0.00449219744911028	-0.21719478090631322	-0.2160207914362328	-0.10226837074652166	0.08642578125	-0.701171875	-1.177490234375	-0.38681686	0.1594205	-0.9074775	-0.037982367	8.003352	-10.269023	4.537696	Scatto 30m	4	Petto
123	3822407691	0.9998235611203152	0.01765416044450613	0.0038014476625968245	0.00516974306512974	-0.36254284013563653	-0.1337573983088568	-0.22206503741708966	0.08056640625	-0.69921875	-1.16357421875	-0.3868372	0.14768054	-0.90999025	-0.021566004	7.4362926	-4.4584117	15.483852	Scatto 30m	4	Petto
124	3822424358	0.9987427195401165	0.044947242115637304	0.011924074999325187	0.01872276761648506	-0.35455158496028305	-0.2533355845147725	-0.19529982597019713	0.0615234375	-0.703369140625	-1.099365234375	-0.38274407	0.1129303	-0.9167906	0.015769877	10.065173	-10.916448	14.689808	Scatto 30m	4	Petto
125	3822441025	0.9968257306684276	0.07446971830010765	0.003122617718973042	0.02798165456578933	-0.7002579769575895	-0.3436139318872622	-0.03582397953060056	0.025390625	-0.698974609375	-1.013427734375	-0.38865668	0.057869587	-0.9164176	0.07600154	31.020887	-10.942308	23.547497	Scatto 30m	4	Petto
126	3822457692	0.9966612746542843	0.06933394925166897	-0.014497657719925063	0.04060695760950428	-0.6346807773922422	-0.1536061250772841	-0.12491162950968786	-0.006103515625	-0.69921875	-0.945556640625	-0.40968996	-0.0060297395	-0.9035468	0.12538382	21.185831	-1.9588042	23.92923	Scatto 30m	4	Petto
127	3822474359	0.9955057971109879	0.08009670167794179	-0.031665539362582096	0.03937029229772354	-0.18802167981117618	-0.09693418013453768	-0.29859373335286427	-0.024658203125	-0.685302734375	-0.908447265625	-0.44321954	-0.07120687	-0.87452364	0.18355985	-6.5212183	-0.3567131	11.14896	Scatto 30m	4	Petto
128	3822491026	0.9968903099739997	0.06478562247258475	-0.03030270861040235	0.0330798859075337	0.20305542688177194	0.07876638086246186	-0.37302765755493195	-0.026611328125	-0.665771484375	-0.8818359375	-0.47155556	-0.12382013	-0.84251374	0.22907327	-22.662867	12.537204	-8.856617	Scatto 30m	4	Petto
129	3822507693	0.9989964817298256	0.03409391133911352	0.00746214295933223	0.02807046710486794	0.43915548287862616	0.21027736059145657	-0.20540870394315422	-0.05078125	-0.662353515625	-0.8447265625	-0.4678412	-0.16575685	-0.8330255	0.24437329	-17.496487	16.894257	-30.153538	Scatto 30m	4	Petto
130	3822524360	0.9990354838918678	0.022777434970067095	2.4194668349158957E-4	0.03753973685214462	0.11528308656001576	-0.013176317829384648	-0.07759539106160718	-0.09423828125	-0.680908203125	-0.811767578125	-0.4726963	-0.20813733	-0.8203569	0.24546266	-7.156423	2.2958546	-13.5077715	Scatto 30m	4	Petto
131	3822541027	0.9989012234139747	0.029436073409338764	0.015063690259761732	0.033210671177537295	-0.18083630977445797	-0.05098308158065251	-0.24391763225520136	-0.138671875	-0.69970703125	-0.768310546875	-0.46165827	-0.25324965	-0.81242055	0.25041837	-6.552244	5.1447945	6.6758003	Scatto 30m	4	Petto
132	3822557694	0.9987511906166596	0.0297103219136267	0.0355291503482661	0.0187359411059006	-0.2388101541534761	-0.11090720550636562	-0.3672427254641841	-0.223876953125	-0.680908203125	-0.676025390625	-0.4289207	-0.29118493	-0.81580263	0.256329	-11.621757	6.5326777	13.794674	Scatto 30m	4	Petto
133	3822574361	0.9980350631546299	0.03194172380218374	-0.049987777882339046	0.02017327580897133	0.3304263081724958	0.03211140860724204	0.416218334033556	-0.18017578125	-0.662109375	-0.70263671875	-0.46389723	-0.3083086	-0.7792071	0.28737023	5.8933306	-10.214426	-39.500004	Scatto 30m	4	Petto
134	3822591028	0.9998301068935576	0.0050536684644217345	0.001808315760755297	0.017633711418143516	0.043944003588919804	0.22854343505866087	0.11017718341435603	-0.19140625	-0.66455078125	-0.68994140625	-0.46542305	-0.32522586	-0.7731075	0.28269175	12.84758	4.55712	-17.081846	Scatto 30m	4	Petto
135	3822607695	0.9998141342131772	0.006000774135609566	0.013590926351470968	0.012287166403892493	-0.18733033634907223	0.18797176032284083	0.08652785133384876	-0.221435546875	-0.67431640625	-0.673095703125	-0.45615423	-0.34182587	-0.7735527	0.27693802	15.409934	0.5495379	-3.2784529	Scatto 30m	4	Petto
136	3822624362	0.9998722365964798	-0.009959836998673893	0.012483867335621736	6.820460831196695E-4	-0.22081427978054097	0.13596216921660637	-0.031817735551019674	-0.249267578125	-0.6845703125	-0.660400390625	-0.4502327	-0.34187225	-0.78139085	0.26427695	10.011238	2.7443788	1.932622	Scatto 30m	4	Petto
137	3822641029	0.9996056990752616	-0.018876723845342308	0.019791118963148502	-0.006358245301238242	-0.1748661162595639	0.20400437293807103	-0.11569809129573694	-0.26708984375	-0.7041015625	-0.663818359375	-0.43976554	-0.3341955	-0.7968043	0.24499545	9.584444	9.554533	1.3660326	Scatto 30m	4	Petto
138	3822657696	0.9993731359392355	-0.02858715221164508	0.017822205875447476	-0.010884799912711185	-0.2808749744704333	0.2658963856098789	-0.21767244329738578	-0.284912109375	-0.72998046875	-0.675048828125	-0.432678	-0.31785882	-0.814504	0.21986099	11.434231	14.035092	9.714804	Scatto 30m	4	Petto
139	3822674363	0.9975419563967235	-0.06208127296277363	0.021234964609623045	-0.024597500961419997	-0.43678647023345685	0.47192411793769096	-0.2476039789945938	-0.29248046875	-0.7841796875	-0.716064453125	-0.42930573	-0.27561173	-0.84292847	0.17089982	22.647697	20.612469	17.962353	Scatto 30m	4	Petto
140	3822691030	0.9968756947706271	-0.06920814280735019	4.5973506306973284E-5	-0.038066783830180306	-0.495440254749665	0.41828216686814623	-0.12138015368474481	-0.256103515625	-0.834228515625	-0.81298828125	-0.44166327	-0.21379735	-0.8622426	0.12554745	24.868507	14.095096	17.561384	Scatto 30m	4	Petto
141	3822707697	0.9967697348259503	-0.06424136695140645	-0.026778005434390628	-0.04007593956696593	-0.2176200976630373	0.16114968377265979	-0.22060505491753005	-0.183349609375	-0.862060546875	-0.9189453125	-0.47386286	-0.1477731	-0.863447	0.08986932	1.913131	10.371806	8.296194	Scatto 30m	4	Petto
142	3822724364	0.997140207835971	-0.04872363041283994	-0.044861570950996243	-0.036398533047888156	0.16292227021630834	-0.22012443244311303	-0.3225579791656391	-0.083740234375	-0.854248046875	-1.060546875	-0.5169581	-0.089879684	-0.84855694	0.06802397	-24.773922	-5.121591	-7.681018	Scatto 30m	4	Petto
143	3822741031	0.9984567425435957	-0.04699325618754237	-0.006502448686146801	-0.02887014553492451	0.28261206021751295	-0.29771827490945635	-0.18865263207860578	-0.0302734375	-0.839111328125	-1.14501953125	-0.52496165	-0.04140331	-0.849131	0.040961206	-21.336823	-13.648925	-19.464314	Scatto 30m	4	Petto
144	3822757698	0.9990108934303997	-0.036522423974133925	3.9437121501612055E-4	-0.025361226819556215	-0.1483563373858996	-0.1720222273543029	-0.16867906254769466	0.010009765625	-0.81689453125	-1.20068359375	-0.5249672	-0.0013749287	-0.85084265	0.021785691	-6.1961446	-9.401358	2.8916864	Scatto 30m	4	Petto
145	3822774365	0.999462096418445	-0.028529399763062006	-0.003969248135741121	-0.015679165833786094	-0.1358699554068338	0.02926634678724292	-0.18173889549429717	0.033203125	-0.796630859375	-1.238525390625	-0.5279546	0.02644101	-0.84884584	0.0050635478	-6.045702	2.312789	2.2931128	Scatto 30m	4	Petto
146	3822791032	0.9996195800235752	-0.024863561871782097	-0.006535638335175204	-0.009989191963864719	0.29169266975039915	0.02225116520337466	-0.09221971717347055	0.05322265625	-0.78369140625	-1.294189453125	-0.5326172	0.04747539	-0.8449434	-0.011643054	-12.732596	0.36748415	-23.096096	Scatto 30m	4	Petto
147	3822807699	0.9987619854806019	-0.04094198687086131	0.024985386504213534	-0.013190167972673696	0.15117770173983874	-0.043473921901874935	0.1669100392568355	0.063232421875	-0.775390625	-1.30859375	-0.50873363	0.08009184	-0.8563183	-0.03865949	5.3523674	-2.4804802	-22.244797	Scatto 30m	4	Petto
148	3822824366	0.9987960332458881	-0.029394200792658545	0.03758848363681445	-0.011382918339541248	-0.1644548536151493	-0.17292574826556478	0.14728087116335153	0.06884765625	-0.76025390625	-1.28662109375	-0.47388875	0.10566005	-0.8724685	-0.0553562	14.112908	-7.9431133	-5.24854	Scatto 30m	4	Petto
149	3822841033	0.9996644731583814	-0.016051805149235848	0.018077762319062246	-0.009299202436896583	-0.261213072674497	-0.18553255326708396	0.16783850027474667	0.077392578125	-0.748779296875	-1.279052734375	-0.45705307	0.12196291	-0.8787969	-0.062798016	19.123789	-6.771405	-2.1067524	Scatto 30m	4	Petto
150	3822857700	0.9999498037893743	0.00590169720348413	0.0033576630942629975	-0.007367901346775008	-0.18245732033721768	-0.22356668013617215	-0.017047802522116247	0.084716796875	-0.737548828125	-1.260986328125	-0.45605472	0.12562306	-0.8794393	-0.05309891	8.864207	-11.4187355	-0.22846603	Scatto 30m	4	Petto
151	3822874367	0.9997520416386482	0.021184249678635192	0.006301256641908338	-0.002716057738860134	-0.3411298338052187	-0.162294846282381	-0.10011267584780653	0.0888671875	-0.72412109375	-1.230224609375	-0.45413625	0.11835228	-0.88249075	-0.0310355	9.137601	-7.072311	10.590389	Scatto 30m	4	Petto
152	3822891034	0.9995625811238694	0.02855886226765078	0.006923817946136447	0.0033314483357989033	-0.44328573681813643	0.011173490782909752	-0.14143300225711272	0.084716796875	-0.71435546875	-1.185546875	-0.4521982	0.10228724	-0.88602006	-0.00478684	7.9142146	4.124457	16.648611	Scatto 30m	4	Petto
153	3822907701	0.9984199430633699	0.05103117554980613	0.013059164696069214	0.019567693598966544	-0.6575101501820106	-0.3269157391741873	-0.11204878364311462	0.06005859375	-0.7158203125	-1.12255859375	-0.44631305	0.061360795	-0.89211255	0.03427621	20.622717	-12.868307	27.542091	Scatto 30m	4	Petto
154	3822924368	0.9978599318854899	0.05404569370151882	-0.011930186339064732	0.03481795490436118	-0.6414893585857888	-0.20639767401092612	-0.020148328086494846	0.02392578125	-0.736083984375	-1.0556640625	-0.46227401	0.006011617	-0.88410044	0.06806852	22.725958	-6.808867	22.948963	Scatto 30m	4	Petto
155	3822941035	0.996455298045999	0.06661241173333622	-0.03958942518890213	0.032746038116695075	-0.13517757748353654	-0.2179812013751562	-0.17002773313954078	0.00732421875	-0.744873046875	-1.037109375	-0.5005108	-0.05158672	-0.85672694	0.113344744	-4.482576	-11.136672	4.2148533	Scatto 30m	4	Petto
156	3822957702	0.9952340740801136	0.0697883688393003	-0.06315366852002086	0.025501676750991912	0.1201294145385441	0.016254321814887132	-0.41900757634977676	0.01513671875	-0.734619140625	-1.04541015625	-0.5533752	-0.101385444	-0.810029	0.16537867	-24.638752	7.0168414	-4.463483	Scatto 30m	4	Petto
157	3822974369	0.9982805697105945	0.045318495821210836	-0.030123605068905712	0.021787760152119477	0.35996358168853726	0.20771722004655552	-0.28640299834030597	0.0234375	-0.733154296875	-1.056396484375	-0.5768325	-0.1393212	-0.78103787	0.19450903	-18.355927	17.632526	-26.220442	Scatto 30m	4	Petto
158	3822991036	0.9989563413299282	0.031210245520873828	0.024336502315656375	0.02280095055674003	-0.013708108025335624	0.1482857709589819	-0.1787218667469979	-0.0126953125	-0.742431640625	-0.994384765625	-0.5576877	-0.18021119	-0.7844492	0.20285	-4.8983235	12.870747	-7.5423303	Scatto 30m	4	Petto
159	3823007703	0.9987578797721304	0.03278498982302455	0.030659118624314755	0.021630082768291484	-0.20535498532698987	-0.050462635259588	-0.12090297895798169	-0.073486328125	-0.747802734375	-0.9091796875	-0.53154	-0.22203884	-0.78977495	0.2107599	-3.5121696	0.48236084	4.366105	Scatto 30m	4	Petto
160	3823024370	0.9988250189412222	0.044778207813445256	-0.0030469753115820457	0.01828139993363559	0.1266065215788499	-0.05503054143838697	-0.05956006233453628	-0.099365234375	-0.733642578125	-0.8564453125	-0.5271951	-0.25991762	-0.773557	0.23689222	-7.116215	0.3161042	-15.348262	Scatto 30m	4	Petto
161	3823041037	0.9993518614763729	0.02972839014685716	0.011730095298377874	0.0165675781958492	0.23687463439298145	6.126571618995241E-4	0.15193137686408542	-0.129150390625	-0.71630859375	-0.805908203125	-0.5137212	-0.2914931	-0.76784384	0.24806923	1.9442002	-3.6392908	-26.185215	Scatto 30m	4	Petto
162	3823057704	0.9994102403730251	0.017602948166932447	0.026158532183919895	0.013602898490663096	-0.10329727522412327	0.19076528508270146	0.06768522978917105	-0.17236328125	-0.707763671875	-0.74267578125	-0.49139416	-0.31774923	-0.77233446	0.24711737	12.531236	4.131115	-6.375269	Scatto 30m	4	Petto
163	3823074371	0.9997532671590075	0.007428003461682847	0.018701789970751895	0.00940598858989883	-0.23261692373988183	0.24200615165132214	0.06291741864858591	-0.2158203125	-0.710693359375	-0.706787109375	-0.47687876	-0.33377317	-0.7762263	0.24218816	17.314507	3.727582	0.49215126	Scatto 30m	4	Petto
164	3823091038	0.9999275922521572	-0.009404182489075125	0.006699667902532792	0.003389108217737302	-0.18166528862570352	0.27758509555964833	-0.09664904813541532	-0.23486328125	-0.721923828125	-0.7021484375	-0.4760772	-0.3342224	-0.78003275	0.23064004	12.611599	11.877994	1.5746021	Scatto 30m	4	Petto
165	3823107705	0.9997787190788336	-0.016519694909208044	0.013011478412682354	-5.603451699479623E-4	-0.25784146196972274	0.27727804423950614	-0.18904613253107008	-0.252197265625	-0.748046875	-0.709228515625	-0.4718471	-0.32967737	-0.78960687	0.21258953	10.5957575	14.142734	8.420864	Scatto 30m	4	Petto
166	3823124372	0.99949355576895	-0.02755440752212583	0.015567250461275496	-0.0033237502194405355	-0.20014973569388433	0.2617922611794002	-0.3350197549112786	-0.263671875	-0.77294921875	-0.7236328125	-0.46841347	-0.31810114	-0.8031259	0.18544382	3.1339958	19.974447	9.838886	Scatto 30m	4	Petto
167	3823141039	0.9981451138069579	-0.05503230628832079	0.020090010353568447	-0.016558035266207586	-0.5744382880610486	0.4871892429443824	-0.13804972981966476	-0.281494140625	-0.82568359375	-0.761962890625	-0.46644622	-0.2830655	-0.8263064	0.13971311	26.98681	14.502206	24.425518	Scatto 30m	4	Petto
168	3823157706	0.99767759370768	-0.06171044652691255	-2.4173565220508841E-4	-0.02883021621453358	-0.524079401423354	0.2096115759389844	-0.06791778191074521	-0.249267578125	-0.871826171875	-0.843017578125	-0.48030168	-0.23077692	-0.8404229	0.09870041	17.280521	1.3431404	19.56671	Scatto 30m	4	Petto
169	3823174373	0.9964858438745124	-0.0707544999115522	-0.020572739039988686	-0.03983122027203568	-0.2505542036438964	0.020572419236096817	-0.28159736809777747	-0.18408203125	-0.8984375	-0.970703125	-0.51016843	-0.16148458	-0.8426614	0.059775457	-5.909197	3.0893703	11.831886	Scatto 30m	4	Petto
170	3823191040	0.9969179975180231	-0.05852060697439443	-0.023997252226950042	-0.046410954197898924	0.11455657587201797	-0.15271127369909276	-0.30773848691102235	-0.09326171875	-0.88623046875	-1.10400390625	-0.5372343	-0.091591015	-0.8377104	0.035098586	-21.513851	-2.3201408	-7.8405757	Scatto 30m	4	Petto
171	3823207707	0.9983702191191949	-0.038026812931681045	-0.010375219330129528	-0.04127010901368517	0.31416469050542656	-0.3367588592501298	-0.14530433905844442	-0.02392578125	-0.84521484375	-1.180419921875	-0.5482662	-0.037006844	-0.835139	0.024037099	-19.230238	-16.229338	-24.177616	Scatto 30m	4	Petto
172	3823224374	0.99885655534487	-0.021566527894947535	-0.025036379424231096	-0.03454918847763305	0.055755834496153095	-0.14779179237905993	-0.06171882847461039	0.031005859375	-0.80126953125	-1.24951171875	-0.5691818	0.0035288613	-0.8218345	0.024652613	-5.47998	-8.416296	-11.448261	Scatto 30m	4	Petto
173	3823241041	0.9998692155499321	0.0070538815540722374	0.005885556835890843	-0.013309950086905888	-0.12656838265865042	-0.07249435645492296	-0.21726379810581112	0.068359375	-0.76416015625	-1.27099609375	-0.56446064	0.0096217245	-0.82455873	0.037344787	-9.6343	-3.6409326	2.0373592	Scatto 30m	4	Petto
174	3823257708	0.9973576511156508	-0.03487004711832632	0.06352900468749607	-0.005085384789128122	-0.2234462232976715	-0.04552509745507463	-0.4310659132931869	0.051025390625	-0.76171875	-1.195068359375	-0.51028574	0.030543339	-0.8593854	0.011520598	-19.317427	-0.67610943	12.15369	Scatto 30m	4	Petto
175	3823274375	0.9949034432485402	-0.06993754172797068	-0.07140872126506882	-0.013291854518268033	0.008243639965765756	0.15896792938638504	0.49188483738131783	0.07763671875	-0.76416015625	-1.369384765625	-0.5664725	0.07775489	-0.8192007	-0.04442106	25.266083	9.851886	-24.872265	Scatto 30m	4	Petto
176	3823291042	0.9992676928988307	-0.021968388281456114	0.027397869929990912	-0.015192911776962359	0.18442885121371172	-0.06721923606870298	0.11426091476328636	0.09521484375	-0.743408203125	-1.37646484375	-0.5430504	0.10317194	-0.8316905	-0.052373867	3.216372	-3.6875765	-22.531075	Scatto 30m	4	Petto
177	3823307709	0.9994609385431747	-0.018612220668214774	0.023188771983130324	-0.013917558051187719	-0.12394836140822785	-0.16550045704066804	0.12669042552685517	0.1083984375	-0.7216796875	-1.3642578125	-0.5228313	0.12548222	-0.84112984	-0.05833104	11.944646	-7.2980375	-5.842493	Scatto 30m	4	Petto
178	3823324376	0.9998559354494758	-0.0021580547684244	0.011390405745933531	-0.012397975762720448	-0.12818326784464218	-0.2058900501431358	0.10522378130595877	0.11962890625	-0.6982421875	-1.338623046875	-0.51446515	0.1372406	-0.8448466	-0.052200906	12.057685	-9.281645	-5.332475	Scatto 30m	4	Petto
179	3823341043	0.9998158016681803	0.016527199440985768	0.005355735186798994	-0.008156623925415276	-0.19311137084421698	-0.24208249393835077	0.030949885797367974	0.1337890625	-0.67822265625	-1.310302734375	-0.51362693	0.13549906	-0.8466141	-0.032743674	10.7239895	-11.411374	0.3582096	Scatto 30m	4	Petto
180	3823357710	0.999501812308189	0.03131228660623514	0.003689194867539603	-0.001434482960505079	-0.34053744402355735	-0.2251663121124013	-0.06711688033017069	0.135498046875	-0.66552734375	-1.276123046875	-0.51580876	0.12033164	-0.84820235	-0.0038607006	8.915038	-9.755128	11.20063	Scatto 30m	4	Petto
181	3823374377	0.999431792124952	0.03304170042107046	0.00382475673280136	0.005450702626799476	-0.7116036803168919	-0.10275370356414189	-0.003676683472244903	0.131103515625	-0.662841796875	-1.242919921875	-0.5176383	0.098271586	-0.8496166	0.023352444	19.69599	2.576767	28.480183	Scatto 30m	4	Petto
182	3823391044	0.9968461691841365	0.07634002808829646	-0.010016737687201628	0.019224465155002146	-0.5824906948054183	-0.45751080823529	-0.2643934302390525	0.121337890625	-0.66259765625	-1.18212890625	-0.5343473	0.041841812	-0.8405725	0.07848788	5.2236767	-21.139858	32.04981	Scatto 30m	4	Petto
183	3823407711	0.9975567654026538	0.060674232817818606	0.0036537195760659724	0.034435266873126036	-0.5414217345742899	-0.09234510796877576	0.0588289598214461	0.086181640625	-0.678466796875	-1.11083984375	-0.5371178	-0.020366954	-0.83563983	0.11311907	16.800795	-0.6894082	18.746578	Scatto 30m	4	Petto
184	3823424378	0.9951404892126943	0.07834427167528563	-0.046152221631040054	0.037782989078526674	-0.1334551981686195	-0.1101178745771359	-0.10762314415567117	0.059814453125	-0.69970703125	-1.084228515625	-0.5779462	-0.08925166	-0.7951561	0.16043468	-3.4825315	-4.330244	1.0762854	Scatto 30m	4	Petto
185	3823441045	0.9973538655586366	0.05390189175600383	-0.04356697507181901	0.021949296195108603	0.2208685903149079	0.07030813598154488	-0.5944731924601736	0.0673828125	-0.698974609375	-1.100341796875	-0.61168814	-0.13113631	-0.7551954	0.19575746	-34.52343	16.185644	-13.239626	Scatto 30m	4	Petto
186	3823457712	0.999447499736334	0.026377474119140806	0.003179833839808966	0.019970297610104548	0.30752612757381326	0.3058901293409471	-0.35551040984060395	0.055419921875	-0.708740234375	-1.0771484375	-0.61034185	-0.16341138	-0.74779844	0.20390484	-14.519847	25.266449	-26.637033	Scatto 30m	4	Petto
187	3823474379	0.9982363207654636	0.0178305030222545	0.04886367815612109	0.02861227050862725	-0.10418229540550704	0.08943568194487589	-0.08462081981521975	-0.006591796875	-0.742919921875	-0.990234375	-0.5760866	-0.20606081	-0.76750374	0.19131479	-0.39865434	7.2191358	-3.3800044	Scatto 30m	4	Petto
188	3823491046	0.9986089862662665	0.0356020674845868	0.03084319114225709	0.023691409819694864	-0.17790928320060545	-0.11513757969227124	-0.10889790539812857	-0.08154296875	-0.755126953125	-0.88427734375	-0.5491237	-0.25108987	-0.77216077	0.19795187	-6.304963	-3.383967	2.562066	Scatto 30m	4	Petto
189	3823507713	0.9989505155098299	0.033789067685996585	-0.020856764417670925	0.02282896943758284	0.1803571608045987	-0.10234920218222868	-0.05123106051855072	-0.091796875	-0.748046875	-0.873779296875	-0.5608039	-0.28352118	-0.74720144	0.21634457	-8.939512	-1.2479417	-18.911488	Scatto 30m	4	Petto
192	3823557714	0.9963397758290329	0.06519723000767944	0.009778828959536136	0.054412744871567664	-0.055539321607168526	0.19906412635626658	0.40824194350488285	-0.17236328125	-0.74853515625	-0.778564453125	-0.5447952	-0.36357108	-0.71953803	0.23082373	9.9366665	-3.7280393	-3.555169	Scatto 30m	4	Petto
193	3823574381	0.9999418440929819	0.0059148495161419345	0.003831368247530831	0.008163553422359861	-0.06716974284149418	0.16205016305193995	0.02090479057427587	-0.184814453125	-0.7392578125	-0.76416015625	-0.542213	-0.37418628	-0.7165621	0.22919136	8.870744	4.1053505	-5.7134676	Scatto 30m	4	Petto
194	3823591048	0.9995131410037661	-0.01031783073347356	0.02898777514472695	0.005170321256915744	-0.23653818608222615	0.36745717656563875	-0.08769884608914923	-0.22216796875	-0.76123046875	-0.746337890625	-0.5268354	-0.3794784	-0.73162866	0.20775041	15.95178	13.329457	7.0120068	Scatto 30m	4	Petto
195	3823607715	0.9998694598260096	-0.007043383093834926	0.014387037109528879	0.0021135810952700456	-0.5037359257808197	0.34235660425928405	-0.09176993433248626	-0.2607421875	-0.77099609375	-0.731689453125	-0.520142	-0.381143	-0.7390107	0.19505262	17.159237	6.5228796	22.260193	Scatto 30m	4	Petto
196	3823624382	0.9988914032908713	-0.043246541879514266	0.014359279934096527	-0.011811525169571513	-0.37928132427403743	0.5258660986899113	-0.32876031507257947	-0.269775390625	-0.803466796875	-0.7607421875	-0.5242623	-0.3532597	-0.7576447	0.1622697	15.63045	25.240557	22.142288	Scatto 30m	4	Petto
197	3823641049	0.9975636732066291	-0.06283484072175513	0.008393057199036658	-0.029121423056280574	-0.4727460629100678	0.3998985365832163	-0.19196865010607927	-0.253662109375	-0.851806640625	-0.8349609375	-0.5354006	-0.29989496	-0.7797102	0.12434383	14.605224	13.378779	23.661362	Scatto 30m	4	Petto
198	3823657716	0.9968678060420645	-0.06833331864848977	-0.008413015903280198	-0.03891472732496137	-0.16987238259016046	0.11239501462921708	-0.14157298372523588	-0.19775390625	-0.879638671875	-0.932373046875	-0.5575892	-0.23220846	-0.79171455	0.09144239	0.022296311	6.2272363	3.7052383	Scatto 30m	4	Petto
199	3823674383	0.9962865915861117	-0.07046704556042971	-0.026619574397828475	-0.041699174747124985	0.03346415216461789	-0.02963049081278045	-0.27843524956774773	-0.117919921875	-0.88037109375	-1.062744140625	-0.59085244	-0.15785612	-0.78873456	0.06223119	-15.4489155	5.678358	-5.892931	Scatto 30m	4	Petto
200	3823691050	0.9970963058722601	-0.06358131171570548	-0.021469150524753566	-0.03599234907793659	0.2057183616338622	-0.35596641207523144	-0.2674208582955201	-0.04736328125	-0.86328125	-1.197265625	-0.615256	-0.09136209	-0.78226995	0.03415674	-24.576422	-13.393011	-18.900557	Scatto 30m	4	Petto
201	3823707717	0.9987231966685604	-0.04329493755867268	-0.0033535639342571755	-0.025812369648318848	-0.0178699385491081	-0.26994502316499186	-0.2050518892364442	-2.44140625E-4	-0.83642578125	-1.279541015625	-0.6210438	-0.045341913	-0.7823234	0.01479925	-14.509878	-13.984072	-6.858566	Scatto 30m	4	Petto
202	3823724384	0.9993788688816677	-0.030548442643475393	0.00412904803328626	-0.01707688634369442	-0.1456523270343421	-0.06777234837857404	-0.0846136089941805	0.024169921875	-0.81494140625	-1.318603515625	-0.6191253	-0.013879792	-0.78516954	3.5070017E-4	-3.3392274	-4.129797	-0.30165768	Scatto 30m	4	Petto
203	3823741051	0.9997368981223894	-0.013961464811593681	-0.002475652671039386	-0.018030063138830713	0.06107010725149111	-0.01380440454359636	-0.11949715812636888	0.0478515625	-0.78759765625	-1.343505859375	-0.62158793	0.008150925	-0.7833022	-1.3371799E-4	-7.839958	-0.62315434	-11.727075	Scatto 30m	4	Petto
204	3823757718	0.9995017523008112	-0.021645746375016185	0.01096311222569893	-0.02018709939053548	0.16204030238551934	-0.015083072700240558	0.002492682036488879	0.075927734375	-0.757080078125	-1.35498046875	-0.612847	0.036676604	-0.78933376	-0.0050923787	-2.0431032	-1.0084995	-19.309189	Scatto 30m	4	Petto
205	3823774385	0.9985504340867264	-0.03207682262341999	0.03817338217611349	-0.020270691375291087	-0.03775922450738144	-0.007037124089947635	0.15331690778386609	0.096435546875	-0.72607421875	-1.341064453125	-0.58107024	0.07180466	-0.8104988	-0.01712938	9.48099	0.18806925	-9.885906	Scatto 30m	4	Petto
206	3823791052	0.9995122616685939	-0.022803077395032595	0.013236782901456164	-0.01673457540148887	-0.24190748599995984	0.016470894380411764	0.10477268823250871	0.11083984375	-0.700439453125	-1.322021484375	-0.56927454	0.0981825	-0.8158692	-0.025383841	10.319095	3.061315	1.8195133	Scatto 30m	4	Petto
207	3823807719	0.9998672270991174	-0.011004107678584035	0.0011761771178725735	-0.011960534883842302	-0.12077113744171886	-0.04342566879193988	0.04196806886906311	0.1298828125	-0.676513671875	-1.3427734375	-0.56828433	0.113593824	-0.81447566	-0.027910976	5.2192655	-1.2227924	-3.7381377	Scatto 30m	4	Petto
208	3823824386	0.9999115432584336	0.0055089173795634105	0.009169054488252311	-0.007904804085761774	-0.20800981956265882	-0.21880393315290692	-0.1977696373238167	0.14111328125	-0.663818359375	-1.3310546875	-0.56253326	0.11653321	-0.8183174	-0.018255746	-3.9951367	-12.956586	7.071888	Scatto 30m	4	Petto
209	3823841053	0.9999732246480648	-1.4507990038645224E-4	6.847775146059387E-4	-0.00728423081243268	-0.6720932372879824	-0.07049148561849732	-0.1354729050839087	0.146728515625	-0.64599609375	-1.3056640625	-0.5628226	0.12207483	-0.8173928	-0.014064378	7.0838175	1.4153048	30.904251	Scatto 30m	4	Petto
210	3823857720	0.9999370840095956	0.01118348715795392	-6.448043981852615E-4	-5.846919384303595E-4	-0.4302400471437955	-0.25197693564223556	-0.03832913726369572	0.155029296875	-0.638916015625	-1.31787109375	-0.56557715	0.11571279	-0.81652457	-0.0045588594	9.7848	-10.30717	16.611101	Scatto 30m	4	Petto
211	3823874387	0.9987839030791764	0.048075939316266234	8.220065390220911E-4	0.010896940581411831	-0.5473213645693703	-0.4601745164089786	-0.08986496337205607	0.142578125	-0.642822265625	-1.26513671875	-0.5707623	0.07899334	-0.81678814	0.029112943	11.23944	-21.582518	25.93126	Scatto 30m	4	Petto
212	3823891054	0.9984574096281331	0.051091896835717285	-0.01756038737279614	0.012808279811289236	-0.530203923354051	-0.3090268683008737	-0.022363380454824344	0.13671875	-0.647705078125	-1.22802734375	-0.5898056	0.03938442	-0.80409706	0.063294895	11.09522	-13.136879	22.773598	Scatto 30m	4	Petto
213	3823907721	0.9972349026612897	0.06147894776087736	-0.03388642837583584	0.024384377545324187	-0.35975857210334294	0.025898846697995102	-0.047652564548314236	0.123779296875	-0.662841796875	-1.223388671875	-0.62071353	-0.014771152	-0.777705	0.098344915	3.723202	4.7161036	11.172962	Scatto 30m	4	Petto
