2	3848500948	0.9995678780353332	0.0037625998196037964	0.004658935957367439	-0.028778366150352896	-0.12842215514722544	-0.0752148939869269	-0.0458474487941223	-0.191162109375	0.31640625	-0.6259765625	0.14752914	0.65812266	0.5266931	-0.5174014	-2.073163	0.04928388	-0.7024174	Scatto 30m	3	Petto
3	3848517615	0.9997323829383685	-0.0041196586923973565	0.0048448633160755325	-0.022242261937084954	-0.08629185087036154	0.09028970846676647	-0.005067509956300443	-0.22802734375	0.3447265625	-0.614013671875	0.07782966	0.624059	0.567782	-0.5311467	5.4157248	-4.943728	-8.23764	Scatto 30m	3	Petto
4	3848534282	0.9998084519814523	4.5971249567456837E-4	-0.005786665550493787	-0.018691241603488284	-0.02400311272871725	0.17395102015622965	-0.009554945751640877	-0.244140625	0.361083984375	-0.614990234375	0.082034476	0.6089914	0.57350487	-0.5417492	8.942589	-4.11461	-13.610961	Scatto 30m	3	Petto
5	3848550949	0.9996551310763035	0.015932056034588256	-0.01083957069978353	-0.017840745790844163	0.055022636152404276	0.061564751589606	0.06496934946381504	-0.242919921875	0.40625	-0.646484375	0.10358368	0.6085617	0.56198186	-0.5505448	0.31753814	-2.271528	-15.684683	Scatto 30m	3	Petto
6	3848567616	0.9997734623886201	-0.004547787257457088	-0.013243924074286985	-0.016029348384944797	-0.013910136130482524	-0.06802065310908559	0.1177671414815098	-0.2509765625	0.421630859375	-0.657470703125	0.12779081	0.59711283	0.56365925	-0.55625	-6.9288144	-4.389949	-9.877859	Scatto 30m	3	Petto
7	3848584283	0.9995445256127776	-0.01717484404370751	-0.019486154760116784	-0.015364108248331012	-0.12139155751727981	-0.024148839839882544	0.09603344170355603	-0.234375	0.421630859375	-0.6630859375	0.15223578	0.56646657	0.5736367	-0.571735	-2.1826706	-7.739652	-4.9453835	Scatto 30m	3	Petto
8	3848600950	0.9997632173787672	-0.016073255315000375	-0.01025592435800027	-0.010486927843640359	-0.07286373095468851	0.04527492549172682	0.026242753121687827	-0.230712890625	0.4091796875	-0.6533203125	0.17500271	0.5398456	0.5796546	-0.5847577	2.952216	-4.0514326	-7.8522916	Scatto 30m	3	Petto
19	3848784287	0.905322209732839	0.33717891074102446	-0.0216326594095673	0.25735987791964693	-1.6045696291517844	-0.14279126506105624	-2.064758769339387	0.08984375	0.41015625	-1.13330078125	0.103156045	0.74595875	0.19192855	-0.6293394	-2.145359	7.252078	-12.617303	Scatto 30m	3	Petto
20	3848800954	0.9997260953807291	0.004650355299726183	0.0015360900624367682	0.022885559589132853	0.069823285360535	-0.06691719551891702	0.0467925147889509	0.11181640625	0.37353515625	-1.131103515625	0.1081	0.76141244	0.17264964	-0.6154329	-3.4993403	3.2668948	-14.128966	Scatto 30m	3	Petto
21	3848817621	0.999750111837332	7.070391736671011E-4	-0.004854919241702005	0.021809258034278304	-0.04807027457815769	0.10063551269462334	0.15619896032917163	0.133056640625	0.336181640625	-1.14306640625	0.116112225	0.76990145	0.15565541	-0.6078991	-6.628972	-9.414	-9.615105	Scatto 30m	3	Petto
22	3848834288	0.9998015367583031	-0.001193875510761222	-8.364893768801064E-4	0.019868619542453225	-0.15346150062514063	0.16376102091836248	0.1064666389068448	0.1513671875	0.297607421875	-1.146728515625	0.1257191	0.77775085	0.14094673	-0.59952694	-4.114111	-12.3910055	-2.6261349	Scatto 30m	3	Petto
23	3848850955	0.9998183559727923	-0.005690404279580841	0.0029317462883864946	0.01795213699530224	-0.13785257548366517	0.0468192240822657	0.04867643420570808	0.16259765625	0.2626953125	-1.141357421875	0.13924037	0.78513455	0.13007052	-0.5892859	-3.6687832	-4.259914	-2.5170007	Scatto 30m	3	Petto
24	3848867622	0.9997103877434683	-0.01761867196232847	0.010448851851151799	0.012631093819638173	-0.03211017361661639	0.048966941938347934	-0.01787054533890778	0.168701171875	0.228515625	-1.118896484375	0.15856178	0.79318696	0.13112411	-0.57316613	1.48954	-2.408501	-7.4731655	Scatto 30m	3	Petto
25	3848884289	0.9997876551411711	-0.016120955602558662	0.012478407553110221	0.0030081161409751815	0.026026751684032044	0.0378027801284798	-0.055470736452427255	0.158447265625	0.201904296875	-1.082763671875	0.1712538	0.80055606	0.13900483	-0.5571893	4.2547317	-0.6985395	-10.059811	Scatto 30m	3	Petto
26	3848900956	0.9992689233108345	-0.03219703353072473	0.01812855038250347	-0.009814560512626969	-0.0055361643661566845	0.14164628525014716	-0.23142517683521682	0.14501953125	0.19775390625	-1.04052734375	0.18901275	0.8056285	0.16678925	-0.53611416	15.080049	-1.7319458	-3.9176354	Scatto 30m	3	Petto
27	3848917623	0.9973512355879683	-0.05582930533422964	0.04148643543286743	-0.02127151174986747	-0.33735072779459707	0.39205824179656473	-0.26945555578648817	0.0966796875	0.18310546875	-0.930908203125	0.21595517	0.8144221	0.21985665	-0.49167383	16.26986	-14.0597515	17.79179	Scatto 30m	3	Petto
28	3848934290	0.997907955209167	-0.05225420437634076	0.004249965922259542	-0.037830527949190396	-0.7017829938638848	0.36330247490466216	-0.3379920878567463	0.0537109375	0.18017578125	-0.865966796875	0.24128349	0.7979403	0.27482426	-0.47910893	8.474568	-12.12983	39.586773	Scatto 30m	3	Petto
29	3848950957	0.9979570994556214	-0.04884377232327963	-0.014805161108007059	-0.03842812454336853	-0.3674138800219346	0.3797615871551695	-0.5801872776302263	0.034423828125	0.2001953125	-0.855712890625	0.26931682	0.7692736	0.32225674	-0.48149487	28.19681	1.5288858	27.864227	Scatto 30m	3	Petto
30	3848967624	0.9982392629223372	-0.03565206946774682	-0.0395863846908291	-0.02608106688855899	-0.17197354500394238	-0.02547922323431047	-0.6056449900152036	0.045166015625	0.1962890625	-0.881103515625	0.30070758	0.73437065	0.345082	-0.50119215	15.6577015	24.995588	13.836367	Scatto 30m	3	Petto
31	3848984291	0.9997090587700934	-0.0013603429689887092	-0.020104206837753772	-0.01325775800976592	-0.025400752456932782	-0.3627951601471469	-0.24205299144567904	0.060302734375	0.215576171875	-0.917724609375	0.30432507	0.7238482	0.34668338	-0.5130699	-10.375586	23.770012	-6.019161	Scatto 30m	3	Petto
32	3849000958	0.9997507716543268	-0.009855011821547632	-0.007399260052700974	-0.01861516234814309	0.2012210371926331	-0.14679410432550852	0.04030784379910621	0.060302734375	0.236572265625	-0.929931640625	0.3047696	0.7150562	0.361265	-0.5150708	-5.460746	5.4838886	-22.823357	Scatto 30m	3	Petto
33	3849017625	0.9996651159017159	-0.015274522922382905	-0.0019017578606689567	-0.020802122866228793	-0.019337140918784666	-0.0293748363128797	0.004417032311400135	0.044189453125	0.256103515625	-0.924560546875	0.3055217	0.7058188	0.3820764	-0.51234186	-1.8520161	0.5236247	-8.908338	Scatto 30m	3	Petto
34	3849034292	0.9998399059833976	-0.010254358698476018	0.002931137289992392	-0.014367288017609392	-6.629212108660485E-5	0.02615816937518921	-0.027892601060266017	0.0263671875	0.26806640625	-0.9072265625	0.30416453	0.70228153	0.39722058	-0.50645894	2.1517751	0.552392	-9.240637	Scatto 30m	3	Petto
35	3849050959	0.9998494400923499	-0.009387725897268162	0.004956038010993425	-0.013726085994404226	0.14198906647764606	0.018603845501213766	0.017263160093129132	0.010986328125	0.28369140625	-0.890869140625	0.30179796	0.69980407	0.41203156	-0.49942222	2.019646	0.7419576	-18.195408	Scatto 30m	3	Petto
36	3849067626	0.9995685915379702	-0.023795968719645733	-7.574333068129381E-4	-0.01719909818211346	-0.0024415420214365553	-0.07316367763352183	0.1529551723046382	-0.0087890625	0.28662109375	-0.86962890625	0.3101482	0.68807	0.43452674	-0.49148196	-7.9918647	-5.5752506	-12.737498	Scatto 30m	3	Petto
37	3849084293	0.9995151182152436	-0.023906427756737098	-0.00583444387698101	-0.019078009218097495	-0.12896831512113544	-0.08723675986826224	0.10133368979980203	-0.02099609375	0.291259765625	-0.855712890625	0.31981465	0.67178434	0.4564336	-0.48794767	-8.318127	-5.2163916	-4.5362344	Scatto 30m	3	Petto
38	3849100960	0.9996623815034221	-0.019889474760386827	0.005137293463581439	-0.015910374493752377	-0.1438581249638927	-0.07397733358321475	0.04131220699305203	-0.034912109375	0.289794921875	-0.8359375	0.32319728	0.6625119	0.4774603	-0.47817707	-5.9756813	-3.0963101	-2.394023	Scatto 30m	3	Petto
39	3849117627	0.9998045053332586	-0.012180036191291353	0.01044297433333652	-0.01155604260852844	-0.13062477615518914	-0.0012337383838404118	-0.0014871287488777765	-0.061767578125	0.291015625	-0.800537109375	0.32088175	0.6596147	0.49346	-0.46737644	-0.7544793	-2.4418724	-2.4023323	Scatto 30m	3	Petto
40	3849134294	0.9999199924000827	-0.0016951635255633805	0.008625797285252925	-0.009095649533369221	-0.03878100337365642	0.0169348593382522	-0.14606108933434586	-0.084228515625	0.294677734375	-0.785400390625	0.3136866	0.6600675	0.5022391	-0.462242	3.4006493	6.615521	-4.5296106	Scatto 30m	3	Petto
41	3849150961	0.9998455735286023	0.012302580349169895	0.011657890088656309	-0.004644266432232592	-0.15031873582436311	-0.1614248052065379	-0.08710892710162269	-0.104736328125	0.311279296875	-0.771484375	0.29752228	0.668473	0.5025715	-0.46048486	-8.342052	4.108896	0.95704174	Scatto 30m	3	Petto
42	3849167628	0.9985981403215451	0.05282229000913864	-0.0019991058670257304	0.002750163681406903	-0.4522955413277814	-0.2532580612892683	-0.1520601809963298	-0.107421875	0.358642578125	-0.809326171875	0.26365787	0.6850838	0.47474313	-0.4855553	-13.487808	1.8389261	19.603283	Scatto 30m	3	Petto
43	3849184295	0.9977130676531477	0.06333846859381217	-0.012047582555294674	0.02029110112609445	-0.44568615490319696	-0.09885742040073901	-0.2503744972407881	-0.08154296875	0.407958984375	-0.892822265625	0.2344707	0.704988	0.42569572	-0.5165256	-1.265478	4.1832066	21.119236	Scatto 30m	3	Petto
44	3849200962	0.9969295711256461	0.0686435743468508	-3.767661370892017E-4	0.03767423474208254	-0.632992783217945	0.12376389691154152	-0.287281703050838	-0.038330078125	0.426513671875	-0.97509765625	0.20403504	0.7356651	0.36224204	-0.53474045	11.365097	-4.32309	30.76772	Scatto 30m	3	Petto
45	3849217629	0.9960748641093916	0.062184173588856445	-0.04224500643586657	0.046726363819171175	-0.5243015619864589	0.0714382006320752	-0.3327375692571597	0.032958984375	0.412109375	-1.081298828125	0.19707417	0.7408776	0.2843567	-0.5756766	10.691284	0.96174586	26.121658	Scatto 30m	3	Petto
46	3849234296	0.9985414179306722	0.03843830435433038	-0.023690558668970633	0.02960221048027789	0.25896643718427287	0.04974312384676389	-0.21883727312519952	0.10302734375	0.378662109375	-1.206298828125	0.19142197	0.74343914	0.23490055	-0.5962196	14.4261875	8.892444	-21.453602	Scatto 30m	3	Petto
47	3849250963	0.9998134119173341	0.010292431140499325	5.709905624117219E-4	0.016336498438003447	0.35710263618004867	0.2710130913474589	-0.23256395566732097	0.1240234375	0.354736328125	-1.2197265625	0.19251801	0.75104594	0.21638882	-0.5933319	24.395403	-2.782386	-27.568718	Scatto 30m	3	Petto
48	3849267630	0.9996713054851607	0.007294789339743812	0.004400740107596724	0.024180581560186154	-0.02109933128759788	0.12136568333378028	-0.13114649725383806	0.14453125	0.317626953125	-1.220947265625	0.19972716	0.76202655	0.19408369	-0.5845994	10.114149	-1.8993689	-6.5518656	Scatto 30m	3	Petto
49	3849284297	0.9997364422207742	0.00988553499049355	0.007099806627964195	0.019465740148935765	-0.05912525382173209	-0.1517365605592847	-0.12441129146677768	0.158203125	0.28369140625	-1.21044921875	0.20155168	0.7737566	0.17411886	-0.5747697	0.38326013	11.429287	-5.2962475	Scatto 30m	3	Petto
50	3849300964	0.9998160294274829	0.012990002265187872	0.003758083264264634	0.013603086090729855	0.05858991779351718	-0.15846289569878166	0.02931196445122875	0.173583984375	0.259521484375	-1.209228515625	0.19771029	0.7827379	0.1563393	-0.5690257	-5.195554	7.4056845	-14.71243	Scatto 30m	3	Petto
51	3849317631	0.9998829493976626	0.008254008075521124	-0.006355796334574227	0.011205476673208594	0.023413409751471444	-0.04554586722217707	0.1919704077320743	0.184326171875	0.242431640625	-1.221435546875	0.19748698	0.7842404	0.14125551	-0.57097524	-10.386574	-3.1806333	-14.721838	Scatto 30m	3	Petto
52	3849334298	0.9998983898259121	0.001065866785866898	-0.011148416833711013	0.00881967990604321	-0.037627779186061694	0.10483324879256516	0.10551099438844574	0.19482421875	0.22998046875	-1.244140625	0.20222405	0.7808054	0.13120152	-0.5763982	-3.2105808	-8.521726	-8.469456	Scatto 30m	3	Petto
55	3849384299	0.998100942771946	-0.03270006475433729	0.04989186647717101	0.015362794740506227	-0.244441754141573	0.4785452563553573	-0.21471176044909063	0.196533203125	0.17822265625	-1.140380859375	0.22806542	0.80727744	0.14584348	-0.5244226	9.406735	-1.4544884	0.14009953	Scatto 30m	3	Petto
56	3849400966	0.9992961586921761	-0.02852325151653437	0.02222412461932444	-0.009984970249846903	-0.18256548166510572	0.1777275720544899	-0.31422650975746236	0.1767578125	0.177490234375	-1.075927734375	0.24218325	0.811704	0.17290153	-0.50258267	15.2416725	0.7486772	9.062433	Scatto 30m	3	Petto
57	3849417633	0.9980509773137712	-0.053525435320162906	0.02390758671797985	-0.021393965367253635	-0.42888145237660696	0.44338728058697907	-0.23047686995889	0.148193359375	0.17529296875	-0.99365234375	0.27010494	0.8069205	0.22152816	-0.47628546	12.718147	-15.03293	24.44167	Scatto 30m	3	Petto
58	3849434300	0.9976578519940301	-0.05060107363594912	0.008204542451724613	-0.045288267627553835	-0.7733622250115215	0.19488203929210346	-0.17305104033659308	0.1240234375	0.18359375	-0.9384765625	0.28717446	0.78672355	0.28248146	-0.46776193	-7.092225	-6.7436433	38.163784	Scatto 30m	3	Petto
59	3849450967	0.9968198557101288	-0.05530013001681043	-2.866191493529902E-4	-0.0573758549533246	-0.4266963563092559	0.23413012099634473	-0.4431751836513689	0.07177734375	0.2412109375	-0.890869140625	0.30343512	0.7533456	0.3511542	-0.46592772	14.823731	5.0625596	26.442776	Scatto 30m	3	Petto
60	3849467634	0.9975857813319908	-0.0467477021152195	-0.025618274623932322	-0.04450803563943034	-0.15242525253896047	0.042873551291530365	-0.4691621545933834	0.0546875	0.263427734375	-0.8740234375	0.326621	0.7113827	0.39638966	-0.47971746	12.867883	18.356304	9.683523	Scatto 30m	3	Petto
61	3849484301	0.9986994444389807	0.020555678088221646	-0.041908722713625834	-0.02050713866235865	0.2247507788739512	-0.22164224887331369	-0.12965296405722632	0.071044921875	0.314208984375	-0.947265625	0.3185223	0.69086653	0.38564026	-0.5220428	-5.257351	16.245054	-21.110584	Scatto 30m	3	Petto
62	3849500968	0.9995221963470938	-0.01643051639440024	-0.02403923264969814	-0.010369784670309079	0.27520824473745487	-0.29396389735669615	-0.02930752199890352	0.0986328125	0.328857421875	-1.004638671875	0.33352622	0.6706914	0.3925483	-0.5337035	-11.742844	13.631594	-26.034098	Scatto 30m	3	Petto
63	3849517635	0.999625831702634	0.005816568327929719	0.0211385095705733	-0.01635626909899113	-0.08005261988528985	-0.10480764277583166	-0.06165386600886207	0.07568359375	0.34912109375	-0.97802734375	0.31217277	0.6790209	0.40665653	-0.5254613	-4.471324	5.332728	-4.5336294	Scatto 30m	3	Petto
64	3849534302	0.9992435994681854	-0.0095392569465719	0.03642812496525966	-0.009706864081020339	-0.13830098202254987	-0.08279312389683599	-0.2727840957791211	0.037841796875	0.3720703125	-0.917724609375	0.29812568	0.6923526	0.4287858	-0.4979074	2.1510322	14.406403	2.403903	Scatto 30m	3	Petto
65	3849550969	0.99939607891875	-0.016979660311359335	-0.028479307469936654	-0.010397000700747451	-0.128811692420053	0.1489991237827705	0.1404831342740292	0.023681640625	0.36279296875	-0.903076171875	0.31621635	0.66995656	0.43532622	-0.51152414	3.2272239	-13.449003	-5.4060645	Scatto 30m	3	Petto
66	3849567636	0.9996300564964488	-0.021924993421584812	-0.006388700184773875	-0.014772586852655312	0.10429353294375923	0.08473305113158758	0.1815991966645774	0.037841796875	0.370361328125	-0.920654296875	0.32571545	0.6547488	0.45369056	-0.5092919	0.77449656	-9.969558	-18.963583	Scatto 30m	3	Petto
67	3849584303	0.9997488746095411	-0.014905936435014602	-0.007205777694318864	-0.015102236383117642	-0.07468277586223418	0.016886654016887093	0.09481043753234882	0.030517578125	0.377685546875	-0.916015625	0.3307944	0.6408243	0.46801803	-0.5107627	-1.5005003	-6.613028	-7.0788283	Scatto 30m	3	Petto
68	3849600970	0.9997822551927137	-0.017793681447361848	-0.002235665335598922	-0.010669062884269553	-0.05298073297798576	-0.0459910593721467	0.05348358485719485	0.022216796875	0.376220703125	-0.89794921875	0.33761588	0.63019997	0.4823557	-0.50615865	-3.8318565	-2.7790756	-7.4439387	Scatto 30m	3	Petto
69	3849617637	0.9998944356641266	-0.010009068256617862	-0.0012085600432837629	-0.010463052287643439	-0.013618045267324278	-0.09594007525269199	0.04541806770026065	0.012451171875	0.382080078125	-0.88525390625	0.3390661	0.6225468	0.492832	-0.5045656	-6.338307	-0.93645924	-9.388776	Scatto 30m	3	Petto
70	3849634304	0.9999475303603017	-0.0047437095635935594	-0.002250551282997421	-0.008795951616073105	-0.05377137069816439	-0.18871830430859324	-0.05065362677984569	0.00732421875	0.389404296875	-0.878173828125	0.33852348	0.61678267	0.4992534	-0.5056947	-9.951624	5.1426997	-5.0836954	Scatto 30m	3	Petto
71	3849650971	0.9999204291477553	0.001400923379008115	-0.009223866948712025	-0.008490763520875579	-0.3012336114421859	-0.23295682885941058	-0.034529504688361294	0.006591796875	0.404296875	-0.89453125	0.33768335	0.60953385	0.5001333	-0.5141063	-12.656531	0.7667308	9.306412	Scatto 30m	3	Petto
72	3849667638	0.9986321470360683	0.04660114016719507	-0.02288937570109334	-0.00618426400342731	-0.4743885465433881	-0.28395375818801133	-0.09306311110261067	0.015869140625	0.443115234375	-0.95703125	0.31671688	0.61064106	0.4711964	-0.55207044	-13.9074545	2.3092184	20.72964	Scatto 30m	3	Petto
73	3849684305	0.9969487474245463	0.07759479262902348	-7.689723069781025E-4	0.008464741406463028	-0.2857447775365671	-0.23659876631730586	-0.4714769485504964	0.0400390625	0.501708984375	-1.0771484375	0.2729447	0.6377665	0.4213295	-0.58415467	-1.5962236	26.81269	14.149225	Scatto 30m	3	Petto
74	3849700972	0.995274891128345	0.08370481165662313	0.04256701295481884	0.024686939929741858	-0.6344406159748227	0.1577745840806856	-0.04892087191116672	0.03955078125	0.524169921875	-1.124755859375	0.21408571	0.6936271	0.3665323	-0.58198184	11.021391	-10.60639	26.426468	Scatto 30m	3	Petto
75	3849717639	0.9959369134581856	0.06991246686894356	-0.04369071289325289	0.03623579714261672	-0.533242145274848	0.15734757756822013	-0.2528847070128014	0.09326171875	0.499267578125	-1.248046875	0.20122083	0.6945119	0.28983268	-0.62702507	15.260186	-3.4011474	23.330772	Scatto 30m	3	Petto
76	3849734306	0.9977473590459173	0.05106648007522685	-0.030560075321901695	0.03095971456495844	0.0997268562045924	0.21771307988161048	-0.27303786418408715	0.142333984375	0.45751953125	-1.409423828125	0.19298829	0.694094	0.22928172	-0.65453744	21.193481	1.6176319	-14.610626	Scatto 30m	3	Petto
77	3849750973	0.999487814649244	0.016350505336380605	-0.00134203665373471	0.027476686127399955	0.41700218251171933	0.25918495927327967	-0.22540121796410068	0.177490234375	0.405029296875	-1.449462890625	0.19922145	0.70360154	0.19873542	-0.6525029	20.970543	-3.4185953	-34.292957	Scatto 30m	3	Petto
78	3849767640	0.9995152429003528	0.01153929782272406	0.014114051504857521	0.02523722183057564	0.0013688853126648162	0.019772916691641766	-0.10774048038825816	0.2001953125	0.35546875	-1.4482421875	0.20401846	0.7212495	0.17552063	-0.6382541	6.071277	2.484737	-9.403932	Scatto 30m	3	Petto
79	3849784307	0.9995272516066488	0.010350671230212494	0.01824371279173698	0.02247896448495085	-0.08410199534179877	-0.14519854199669513	-0.045068705811250054	0.2265625	0.30810546875	-1.412109375	0.20690091	0.7400748	0.1556668	-0.62068456	-2.8060946	8.886405	-5.1393895	Scatto 30m	3	Petto
80	3849800974	0.9996270280179314	0.016764664796502737	0.006104774223398863	0.020675652395511945	0.10180211910044097	-0.17064656264339578	0.0455934288760554	0.244140625	0.267578125	-1.406982421875	0.20550993	0.7516706	0.13063386	-0.6129372	-6.192831	7.353916	-17.375149	Scatto 30m	3	Petto
81	3849817641	0.9996750276959537	0.01789006107106439	-0.002876092864759913	0.01793077817053235	0.014475239377055027	-0.024610101329927987	0.2365430848090182	0.259765625	0.226806640625	-1.423828125	0.20252062	0.7569883	0.105175205	-0.6122846	-12.787799	-5.3894362	-13.246822	Scatto 30m	3	Petto
82	3849834308	0.9998686879140422	0.009885507917715863	-0.002358240114217453	0.012622296376814779	-0.04284665966099692	0.17863524249304205	0.09565649468486101	0.269775390625	0.19873046875	-1.4453125	0.202234	0.7599119	0.08872005	-0.6113626	-1.3115829	-11.875635	-6.3970757	Scatto 30m	3	Petto
83	3849850975	0.9999308790525142	0.0036316724998046723	0.007887527489437872	0.00792685197437454	-0.1279660091266381	0.20178043742947976	0.09558899348834878	0.271728515625	0.1806640625	-1.438232421875	0.2029536	0.76718354	0.081546634	-0.60298395	-2.3398163	-12.452932	-0.98980236	Scatto 30m	3	Petto
84	3849867642	0.9996707002071993	-0.01376531835429673	0.021596925318726246	0.001606229943111881	-0.12962020355389164	0.295185201627881	-0.11405217765031585	0.277099609375	0.171875	-1.39892578125	0.21211721	0.7782742	0.0922894	-0.5837622	10.604426	-12.298749	2.7290869	Scatto 30m	3	Petto
85	3849884309	0.999563976350906	-0.013171898348267319	0.02622642635743655	-0.003245433096879469	-0.2688000121934092	0.2162662256154222	-0.15896991026809953	0.27001953125	0.17138671875	-1.326904296875	0.21749589	0.7911666	0.10709612	-0.5614992	8.462944	-5.745845	10.553812	Scatto 30m	3	Petto
86	3849900976	0.99941165715714	-0.03007027902682763	0.007373906025363323	-0.014756129831263565	-0.3807583525999433	0.17631522016337697	-0.3772517566677358	0.260009765625	0.189208984375	-1.2939453125	0.23166402	0.7877995	0.13612665	-0.55423224	15.457428	2.8643095	20.16997	Scatto 30m	3	Petto
87	3849917643	0.9978107120109075	-0.05645322889180798	0.02086008113798205	-0.02741665477208183	-0.5238978510748034	0.28037361476813855	-0.409114485106674	0.238037109375	0.216796875	-1.22021484375	0.2571954	0.7820569	0.1923722	-0.53406996	16.758432	-0.42836437	30.09462	Scatto 30m	3	Petto
88	3849934310	0.9972252137842879	-0.06426836243339962	-0.002357308216182755	-0.0374952487788045	-0.6707470262212463	0.249010594964918	-0.1350054304310923	0.205078125	0.25830078125	-1.156005859375	0.28681764	0.7563157	0.25356284	-0.53049845	0.12033446	-7.990523	33.135216	Scatto 30m	3	Petto
89	3849950977	0.9968519015961368	-0.06646314808626871	-0.029559761889494232	-0.031546104476863464	-0.24131855863894558	0.07438650684835568	-0.27537769519869204	0.187744140625	0.287353515625	-1.147705078125	0.32668144	0.7126737	0.30202177	-0.5423636	9.418561	7.2966948	9.176268	Scatto 30m	3	Petto
90	3849967644	0.9979651794618515	-0.043934311258210096	-0.03847742793884145	-0.025588364839367606	0.00632452185506862	-0.32482544056653434	-0.30834762356722467	0.18359375	0.313232421875	-1.178466796875	0.35477573	0.66993225	0.3295444	-0.5627838	-4.507438	26.486858	-9.215746	Scatto 30m	3	Petto
91	3849984311	0.9989256291878252	-0.02779545449966403	-0.02829433835929111	-0.023967279313151905	0.17981790358853014	-0.24763600904351576	-0.09619331384477267	0.174560546875	0.34765625	-1.216796875	0.3684625	0.6372458	0.34989253	-0.57942104	-7.828721	13.24952	-21.371288	Scatto 30m	3	Petto
92	3850000978	0.9990887095643011	-0.03563415242808177	-0.007544139024721226	-0.022249574563295016	0.07767487282880961	-0.015234073503032405	-0.11865384872369962	0.154296875	0.37451171875	-1.20166015625	0.38019687	0.61305624	0.3809123	-0.57837576	3.0321155	6.76173	-14.093882	Scatto 30m	3	Petto
93	3850017645	0.999563533443953	-0.025226394157366744	5.109650354638562E-4	-0.015365889547601154	-0.08430549618016075	0.10317482345219155	-0.0543566965464434	0.137451171875	0.392333984375	-1.1728515625	0.38603663	0.5993516	0.4043152	-0.57295966	6.7629433	0.20136595	-4.449397	Scatto 30m	3	Petto
94	3850034312	0.9997035421314472	-0.019972053130039025	0.005543631064233262	-0.012775488179804173	0.18176730034235222	0.08213400029058528	-0.12994204449973384	0.118896484375	0.402587890625	-1.14892578125	0.38798037	0.5912368	0.42475694	-0.56523633	7.7026863	5.8362308	-20.329414	Scatto 30m	3	Petto
95	3850050979	0.9990100129724702	-0.037804519598144466	0.017591487970917766	-0.015503284479988888	0.22544109728613843	-0.012811083172143968	0.12393491048214451	0.09326171875	0.408935546875	-1.079345703125	0.39339963	0.5811665	0.46101505	-0.5430904	-3.2093086	-5.8391943	-23.757877	Scatto 30m	3	Petto
96	3850067646	0.9986738014529104	-0.041154837322616586	0.026851539106703997	-0.015359443484159019	0.003257215237190962	-0.16499287564283138	0.1123491101245056	0.053466796875	0.400146484375	-0.99365234375	0.3958169	0.5734485	0.50154185	-0.51277846	-11.351221	-3.7951918	-10.286882	Scatto 30m	3	Petto
97	3850084313	0.9993880401276264	-0.025597020032601305	0.020539521610993167	-0.01210230834609094	-0.15401333334395342	-0.26318179876218656	0.0941177271562966	0.0126953125	0.394287109375	-0.92236328125	0.3934818	0.5690066	0.5288192	-0.49168494	-16.328989	-4.125212	-0.7036543	Scatto 30m	3	Petto
98	3850100980	0.9999353068439594	-0.004354223698963704	0.005007603934349872	-0.009238331326210936	-0.2565673119233542	-0.23681611537377137	0.10357154332641152	-0.007568359375	0.398193359375	-0.8974609375	0.3884236	0.56623065	0.5376598	-0.48931798	-14.313298	-7.4605503	4.916564	Scatto 30m	3	Petto
99	3850117647	0.9998804617573379	0.014508435458910018	1.7119737431650804E-4	-0.005342114555708989	-0.2226971012259361	-0.16094159396713673	-0.0832157924628588	-0.01611328125	0.4208984375	-0.90966796875	0.37710002	0.57024634	0.5331548	-0.49835822	-8.124608	2.9232209	5.0917683	Scatto 30m	3	Petto
100	3850134314	0.9997063123376374	0.022088634374066538	0.009863528947326313	-0.0014464095119050002	-0.26586748957706086	-0.09851296582141492	-0.11860845384631388	-0.02587890625	0.442138671875	-0.923583984375	0.35801616	0.5836842	0.5262032	-0.5042297	-3.6104426	3.9977643	7.8230267	Scatto 30m	3	Petto
101	3850150981	0.9992543180145882	0.03821616560403463	0.005507156227335956	-6.201623042900728E-5	-0.47889846158756333	-0.2263890855662695	0.04005286428427762	-0.036865234375	0.47119140625	-0.945556640625	0.3320688	0.60075	0.5082863	-0.5200718	-11.999926	-6.9942822	18.874674	Scatto 30m	3	Petto
102	3850167648	0.9971025611719065	0.07345415672960573	0.006298926327403615	0.018742809039433345	-0.547091946505637	-0.2922057892853968	-0.4603655706966644	-0.031982421875	0.51171875	-1.02490234375	0.2930628	0.6371106	0.45920384	-0.5452855	-6.956012	21.499842	30.6489	Scatto 30m	3	Petto
103	3850184315	0.9964504958922277	0.07617030765048209	0.0019747035690056425	0.03578538828039951	-0.5026041909488657	-0.15131109512544302	-0.21691302198583123	0.0126953125	0.515869140625	-1.123046875	0.26157212	0.67546386	0.39388844	-0.5658452	-2.1981301	7.023902	23.459202	Scatto 30m	3	Petto
104	3850200982	0.9960537446342693	0.07368025881293125	-0.032985585661733006	0.03687964750186318	-0.2699675470087192	-0.03470896342609434	-0.0683644531207054	0.067138671875	0.4921875	-1.25390625	0.24408962	0.6887038	0.31725642	-0.60452956	-0.2415842	0.58444613	7.0137844	Scatto 30m	3	Petto
105	3850217649	0.9949270350994068	0.06787311544603633	-0.0673387031938307	0.03128792227243155	0.05578760270915459	0.07361637629800595	-0.24215322827492078	0.1181640625	0.450927734375	-1.46044921875	0.23591354	0.67179465	0.23679851	-0.66103214	13.3069515	7.9364624	-11.133596	Scatto 30m	3	Petto
106	3850234316	0.9987448753117175	0.03944678458828399	-0.009342858585189967	0.029416597656501786	0.2659012086864287	0.3070760961322547	-0.46991399501540054	0.15087890625	0.38916015625	-1.563720703125	0.23029757	0.68197286	0.1885971	-0.6680623	33.732018	3.5836453	-25.246578	Scatto 30m	3	Petto
107	3850250983	0.9989668331065675	0.034358344506908	0.015157453522786373	0.02559339990084231	0.072637343128285	0.18523441631662285	-0.15006836304632884	0.177490234375	0.328857421875	-1.57177734375	0.22021665	0.70533246	0.15134582	-0.6565862	13.862405	-4.2680674	-13.445552	Scatto 30m	3	Petto
108	3850267650	0.9989601587943627	0.02983549655221973	0.028641275541857993	0.019186495833256767	9.048209246597418E-4	0.0018607764996683256	-0.1487948674214379	0.197509765625	0.28271484375	-1.552001953125	0.20648377	0.7341222	0.12403525	-0.63485783	7.736882	4.441781	-9.470437	Scatto 30m	3	Petto
109	3850284317	0.9991179691177604	0.025468043299198995	0.027717392325474793	0.01861205843499986	0.15677226772917296	-0.03255175318553628	0.08409431078428165	0.217041015625	0.24365234375	-1.50732421875	0.1951891	0.7598763	0.09945043	-0.61204505	-3.759122	-1.3341278	-19.904182	Scatto 30m	3	Petto
110	3850300984	0.9995251718661544	0.022910124004055843	0.011172632790466612	0.017312691893018428	0.08277011228620901	-0.044052050423452185	0.15755794678234292	0.23388671875	0.202880859375	-1.499755859375	0.1863774	0.77370423	0.074039325	-0.60096896	-8.299418	-1.9860579	-16.754845	Scatto 30m	3	Petto
111	3850317651	0.9997769945879279	0.012956180390196692	0.012224320235624255	0.011343036507215689	-0.04992611087654733	0.07846283709028608	0.12367850363792787	0.24169921875	0.174560546875	-1.48583984375	0.18148094	0.7851874	0.059409365	-0.5890807	-5.908702	-6.8003864	-7.56773	Scatto 30m	3	Petto
112	3850334318	0.999805940816148	5.015395943291923E-4	0.018420805930681797	0.006964414952939479	-0.13838185919187865	0.22755533652130563	0.0688521793015874	0.247802734375	0.15771484375	-1.459228515625	0.18337616	0.79736394	0.056593083	-0.57217246	-2.0430484	-13.132494	-0.026659966	Scatto 30m	3	Petto
113	3850350985	0.9997851172110158	-0.01086586702977943	0.017201774120018276	0.003968791273227857	-0.21847665618140283	0.26206785351181805	-0.029645140705617787	0.251220703125	0.1474609375	-1.407470703125	0.19268216	0.8061883	0.062243648	-0.55593157	1.8315679	-12.376516	6.4880505	Scatto 30m	3	Petto
114	3850367652	0.999616797262576	-0.02551666702889499	0.010692541900465551	-9.098801861818218E-4	-0.24066901513908906	0.30658708473807467	-0.13937242385725357	0.2470703125	0.145751953125	-1.372802734375	0.21145347	0.80776566	0.07848579	-0.5446486	7.639654	-12.08275	10.495731	Scatto 30m	3	Petto
115	3850384319	0.9997916121779415	-0.020248975240176326	0.002059904615064043	-0.0015709911941341195	-0.3891874346785532	0.1619444348613821	-0.12758306471402597	0.24560546875	0.1484375	-1.348388671875	0.2262205	0.80526614	0.09028108	-0.54057395	0.6986294	-3.046847	16.42683	Scatto 30m	3	Petto
116	3850400986	0.9989769322591283	-0.04260469309136106	0.007097613521982933	-0.01339973219972157	-0.4497313631912175	0.20205885968355386	-0.46367502611516864	0.240478515625	0.155029296875	-1.317626953125	0.25192368	0.7984074	0.12464909	-0.53248745	16.992147	4.814202	26.753857	Scatto 30m	3	Petto
117	3850417653	0.9970167842730636	-0.06852783763738046	0.008458128134090123	-0.03449532453842525	-0.5863662191029615	0.2820883732117523	-0.1548714329809662	0.221435546875	0.197021484375	-1.261962890625	0.28595784	0.7801241	0.18938716	-0.5232275	1.0081412	-6.853202	29.716545	Scatto 30m	3	Petto
118	3850434320	0.9962385840314709	-0.07844509566045119	-0.014373159469602105	-0.03388897963429538	-0.3245577403956003	0.13196537377613987	-0.15804510076657058	0.202392578125	0.234375	-1.21630859375	0.33062452	0.7420558	0.2509484	-0.5263702	3.96806	0.11963531	12.903793	Scatto 30m	3	Petto
119	3850450987	0.9971419626897599	-0.054987265549428704	0.026177174575273948	-0.044710875655324674	-0.23209305280316955	0.05064451420098527	-0.2658081388890345	0.16748046875	0.284423828125	-1.137939453125	0.33997676	0.72562	0.3199206	-0.50551194	7.5318227	9.694031	7.703264	Scatto 30m	3	Petto
120	3850467654	0.9985607333528007	-0.02074837011470665	-0.00933974445848996	-0.048566821153439244	0.22830908479731712	-0.21143770915290436	-0.0675708737012945	0.11474609375	0.3486328125	-1.092041015625	0.33252925	0.6986918	0.3610287	-0.52049255	-4.2178264	12.13005	-23.95724	Scatto 30m	3	Petto
121	3850484321	0.99887123137235	0.008953154216822135	-0.03216589142983407	-0.033785493851341004	0.39608149775522733	-0.21143339125883653	-0.11354416007976469	0.08935546875	0.423583984375	-1.1552734375	0.31941506	0.6733882	0.36808863	-0.55590767	-2.714526	16.07748	-32.312824	Scatto 30m	3	Petto
122	3850500988	0.9998000851244979	0.0024919510401655853	-5.86365716640891E-4	-0.019830182558576603	0.08776762400415819	-0.15644707962376442	-0.30280769946477804	0.076171875	0.463134765625	-1.183837890625	0.3063468	0.6678466	0.37922657	-0.5624231	1.9535426	20.918756	-11.936593	Scatto 30m	3	Petto
123	3850517655	0.9982028208733035	-0.02166491621599695	0.054085442458949994	-0.014018727472670358	-0.1186985939044998	-0.2548258647042084	-0.49550655604478605	0.037353515625	0.482177734375	-1.10205078125	0.2913222	0.68648857	0.41627544	-0.5201728	1.8465353	31.698471	2.842205	Scatto 30m	3	Petto
124	3850534322	0.9970961000613573	-0.06393246322451347	-0.036411257264713226	-0.019652677499031827	-0.16240347636275265	0.1622433009638145	0.4731857361569817	-0.010986328125	0.468994140625	-0.998291015625	0.338713	0.6401973	0.45114776	-0.5214276	-5.980042	-30.974512	-9.089001	Scatto 30m	3	Petto
125	3850550989	0.9996037888746525	-0.014860554448447631	0.006577815796659406	-0.02298176512518302	0.0761174707461944	0.030081065226865784	0.2057716362664299	0.0	0.485595703125	-1.02490234375	0.33265656	0.62933844	0.47539127	-0.5169873	-2.558999	-10.78397	-17.14058	Scatto 30m	3	Petto
126	3850567656	0.9995203440937886	-0.021940064823673833	0.011513877656460872	-0.01857810322609213	-0.14506284500245206	-0.07579770531177056	0.10225552894658746	-0.04638671875	0.490966796875	-0.973876953125	0.33074188	0.62022775	0.5016326	-0.504274	-6.4706793	-6.315018	-2.578734	Scatto 30m	3	Petto
127	3850584323	0.9998974926219387	0.00625160422945488	-0.0071175397835979365	-0.010736029077230648	-0.17574242594501627	-0.17419907577326688	0.06741278694940378	-0.05859375	0.5078125	-0.970947265625	0.32449135	0.61456287	0.50235265	-0.51445085	-11.06951	-3.8440487	0.1605339	Scatto 30m	3	Petto
128	3850600990	0.9996510247341839	0.017930291848365115	-0.019327746227060242	-0.0016648146776102046	-0.16433330969723536	-0.23671787542909914	-0.055876077246777366	-0.05224609375	0.529541015625	-1.0185546875	0.32170987	0.6105973	0.4873837	-0.5349122	-12.158894	4.3165755	2.1744537	Scatto 30m	3	Petto
129	3850617657	0.9997764039708582	0.01904378878148056	-0.00815642394766973	0.004236616613724848	-0.2394485199753761	-0.21351866542535664	-0.04746928613069683	-0.03466796875	0.540771484375	-1.0712890625	0.31574962	0.6153729	0.4717017	-0.54691476	-10.399364	3.0606725	6.346815	Scatto 30m	3	Petto
130	3850634324	0.9990507024641394	0.038639415055418305	0.017817624255193235	0.009339259927074656	-0.4813833145180777	-0.19497542445566152	-0.10297710683755247	-0.032958984375	0.55078125	-1.090576171875	0.2878578	0.64208716	0.44993332	-0.54992914	-7.283103	2.9310763	20.969406	Scatto 30m	3	Petto
131	3850650991	0.9970648965962505	0.07331639872136188	0.0034802031077984935	0.021775808604207275	-0.5973425385230852	-0.3529970988073412	-0.256398668851316	-0.015380859375	0.561279296875	-1.16357421875	0.24980341	0.6738651	0.39532283	-0.57203496	-11.734117	12.995678	30.969345	Scatto 30m	3	Petto
132	3850667658	0.9962811221821964	0.0798778508785832	0.010142138279182382	0.030669065090547315	-0.3942554143509486	-0.19312985526658727	-0.04604192087329721	0.0234375	0.550048828125	-1.2744140625	0.2080587	0.7099235	0.33027545	-0.58620685	-8.689263	2.8239093	15.046688	Scatto 30m	3	Petto
133	3850684325	0.9971039429907118	0.06271738808225649	0.0048253396271255855	0.042743095372208724	-0.25682885122255666	0.15922465137682257	-0.164286247185959	0.07177734375	0.504638671875	-1.34375	0.18591698	0.73845655	0.26354477	-0.5921664	12.204424	-3.391444	6.4791546	Scatto 30m	3	Petto
134	3850700992	0.9975878386330608	0.051634941765764164	-0.025134321568963645	0.03899490837958508	0.0745860015657479	0.2182673404055178	-0.3813329611300164	0.124267578125	0.438232421875	-1.46337890625	0.1765671	0.74238497	0.19900991	-0.6148853	26.46204	3.818388	-9.393275	Scatto 30m	3	Petto
135	3850717659	0.9993763028751608	0.007352839011593948	-0.008148378250770584	0.033564042395498046	0.29582634479024816	0.2094652986642615	-0.30052630960608023	0.16455078125	0.37451171875	-1.505615234375	0.19271344	0.7458189	0.16795771	-0.61514705	24.569988	-0.24294607	-23.75325	Scatto 30m	3	Petto
136	3850734326	0.999423809409584	-0.01638755988545665	0.011618136481892078	0.027359019918927086	0.17156833114955783	0.042517220380762194	-0.0853814330328575	0.18994140625	0.322265625	-1.48291015625	0.21907058	0.7550825	0.15948057	-0.5970128	7.546723	0.4585071	-18.843204	Scatto 30m	3	Petto
137	3850750993	0.9990097075769315	0.018887454071061238	0.0344875109182569	0.020820178587855568	-0.00933082165412645	0.022852221700307672	-0.15044818418342493	0.21533203125	0.278076171875	-1.4208984375	0.21083885	0.78348243	0.13953741	-0.5676545	8.062802	3.5397737	-7.3357687	Scatto 30m	3	Petto
138	3850767660	0.9975734160960136	0.06153756322571913	-0.023612472725657325	0.022424516551098728	-0.18798313585472157	-0.08629184429531184	0.057385170156658775	0.226806640625	0.235107421875	-1.459228515625	0.17736202	0.785402	0.08136896	-0.5874229	-8.812648	3.0618355	-0.9348202	Scatto 30m	3	Petto
139	3850784327	0.9990453203071985	0.028939799848838488	-0.0221563925151551	0.0240838167180944	0.1603531065400481	-0.08089040959950974	0.14210412281977955	0.23779296875	0.179931640625	-1.570556640625	0.1697204	0.7797801	0.04120502	-0.60119915	-6.3827634	0.5356989	-21.96872	Scatto 30m	3	Petto
140	3850800994	0.9998696846674447	4.843963193995604E-5	0.0047645928503210625	0.01542433115559555	-0.08483405560285287	0.11017603812028208	0.06015447557279016	0.246826171875	0.14453125	-1.572998046875	0.1781102	0.78418404	0.029743914	-0.593673	-2.9618022	-6.6347594	-4.3510094	Scatto 30m	3	Petto
141	3850817661	0.9998385617080621	-0.011575391062263518	0.009012499412015658	0.010374762535018069	-0.15135174578320812	0.16403348930709363	0.03724935000283329	0.261474609375	0.121337890625	-1.54443359375	0.19245976	0.78861976	0.029798938	-0.58322424	-2.1957717	-8.416179	0.61134243	Scatto 30m	3	Petto
142	3850834328	0.9995367980771872	-0.02360595861296716	0.018501522884439504	0.00516155582395561	-0.13738154426473256	0.1819346525612877	-0.04754931573425319	0.266845703125	0.111572265625	-1.505126953125	0.21289812	0.7955893	0.04267324	-0.5655892	2.919123	-7.670833	1.4964485	Scatto 30m	3	Petto
143	3850850995	0.9994861168967841	-0.012770133437869091	0.02936890993230749	0.0013758459053183627	-0.28743411965081894	0.15123480690907995	-0.022370242544629063	0.267578125	0.10888671875	-1.435302734375	0.22193563	0.8100456	0.054561034	-0.5399942	-2.1881301	-4.728454	9.012247	Scatto 30m	3	Petto
144	3850867662	0.999099766439828	-0.03394570162273797	0.024424271504548265	-0.0071274822127768145	-0.3783447345163439	0.29524757343117597	-0.2701576727375663	0.268798828125	0.113037109375	-1.372314453125	0.24353689	0.81547624	0.08351884	-0.51837504	10.237735	-5.670914	21.088434	Scatto 30m	3	Petto
145	3850884329	0.9971583929209134	-0.06865394016140261	0.013977929824279686	-0.02768381125357489	-0.6018862320236931	0.599407570251024	-0.20633417220233688	0.251953125	0.142822265625	-1.295166015625	0.2828109	0.8023587	0.1441882	-0.5054192	7.6642594	-21.03738	37.61574	Scatto 30m	3	Petto
146	3850900996	0.9970359688196053	-0.06449392164310638	-0.0034804679103361065	-0.04180546966808335	-0.4602517375227479	0.13728946236891745	-0.1001970709963189	0.232177734375	0.202392578125	-1.249755859375	0.31265843	0.775024	0.20801166	-0.5082459	-3.7519288	-1.4645928	19.347631	Scatto 30m	3	Petto
147	3850917663	0.9964611608933361	-0.06910253513401707	-0.021617956232694125	-0.0426926040137875	-0.17483966613287466	0.08257895206249344	-0.1266587028464018	0.207275390625	0.260498046875	-1.23779296875	0.3474757	0.73194385	0.26786816	-0.5213113	3.9935417	1.6779739	3.3628702	Scatto 30m	3	Petto
148	3850934330	0.9958475231322276	-0.05700604499140827	-0.059272790130540036	-0.03904814792004896	-0.017063726166090188	-0.21584191852548365	-0.20012893164345608	0.18896484375	0.317138671875	-1.277587890625	0.38283035	0.6690045	0.303651	-0.5600625	-3.1386943	17.399467	-9.233223	Scatto 30m	3	Petto
149	3850950997	0.9983809397750624	-0.029514957207821074	-0.03763566392669347	-0.03078836136725688	0.2544845803145863	-0.2577441007474653	-0.43536144327617066	0.17333984375	0.37646484375	-1.3427734375	0.3956694	0.62752277	0.32531193	-0.586373	3.5127618	30.00274	-25.372845	Scatto 30m	3	Petto
150	3850967664	0.9995327488319832	-0.024520543024505015	0.0017348484475525202	-0.018166377818020607	0.14703701034704486	-0.09173397524861714	-0.1400222854336301	0.1455078125	0.407470703125	-1.320556640625	0.3991775	0.61402446	0.35135728	-0.58324903	0.12499336	9.509323	-19.20671	Scatto 30m	3	Petto
151	3850984331	0.9996537599343224	-0.023575891166830357	0.005456580937971024	-0.010332634191200342	-0.10913022378642409	0.044019087713748864	-0.04904040262689657	0.130859375	0.41943359375	-1.28173828125	0.40509033	0.6053465	0.37334633	-0.57451725	3.1675923	1.71597	-3.065751	Scatto 30m	3	Petto
152	3851000998	0.999706200795718	-0.020538422707619505	0.005825205266329501	-0.011478339029659335	0.08240472298991183	0.12187451436856733	-0.06932190689290393	0.119140625	0.4345703125	-1.249267578125	0.40814614	0.5973271	0.39417878	-0.5667806	8.652178	0.88426226	-14.237268	Scatto 30m	3	Petto
153	3851017665	0.9994232679199139	-0.028511440973407978	0.009142523780006129	-0.016020097778480794	0.09335406889399911	0.0525010456580195	0.04968666224065814	0.099365234375	0.449951171875	-1.2109375	0.4117743	0.58569604	0.4231901	-0.5552587	2.1484954	-3.856192	-15.352726	Scatto 30m	3	Petto
154	3851034332	0.9990703841045623	-0.03655752335947404	0.017028469499367305	-0.015229783895151228	-0.0176894086049515	-0.04702304291716864	0.14242121104926292	0.072998046875	0.4580078125	-1.137451171875	0.4166681	0.5745967	0.4587542	-0.53457564	-5.3012547	-7.321214	-9.180866	Scatto 30m	3	Petto
155	3851050999	0.9994680198195726	-0.02556184546883002	0.01729666776554714	-0.010540146980876713	-0.16310071265179385	-0.06816744443168442	0.12214737795481224	0.044921875	0.4521484375	-1.07080078125	0.41708678	0.5694741	0.48515353	-0.5161047	-5.7691984	-6.9591265	-0.6203108	Scatto 30m	3	Petto
156	3851067666	0.9997434272266935	-0.005206192299408209	0.020900340331841988	-0.007010781181844895	-0.1801663720437121	-0.22184373840908103	-0.1077231264362265	0.02197265625	0.4599609375	-1.031982421875	0.4056897	0.57588804	0.5001354	-0.50362056	-11.87229	7.40096	2.021512	Scatto 30m	3	Petto
157	3851084333	0.9995464961276527	-0.006795225316812476	0.02900471437493271	-0.0043992653766890275	-0.5208126534823141	-0.16499604259987743	-0.13272032017982466	-0.010986328125	0.45947265625	-0.9755859375	0.39216262	0.5864885	0.5174938	-0.48419014	-8.153324	4.1655984	22.65353	Scatto 30m	3	Petto
158	3851101000	0.9997039674904973	0.02423908753367	-0.0011600706561382887	-0.0017601861738282267	-0.4845447008448812	-0.308483617169188	-0.130025136401734	-0.020751953125	0.47412109375	-0.980224609375	0.37699848	0.59547156	0.5061594	-0.49708018	-16.891775	3.769372	20.994114	Scatto 30m	3	Petto
159	3851117667	0.9981508471646149	0.06010558559118395	0.002136873270597362	0.008811280152615454	-0.42933731560786476	-0.45141829979553627	-0.058713963162416956	-0.012939453125	0.5068359375	-1.042236328125	0.3432094	0.62349665	0.4710573	-0.5211185	-25.58015	2.9584613	17.509207	Scatto 30m	3	Petto
160	3851134334	0.9959391055895134	0.08829258460639967	-0.014179948743147711	0.010423363887141742	-0.4879905672608592	-0.29215088828980085	-0.10249052529005602	0.006103515625	0.542236328125	-1.1728515625	0.29832008	0.64949816	0.4121461	-0.56506026	-14.94425	4.505505	21.149769	Scatto 30m	3	Petto
161	3851151001	0.9968108085609604	0.07532001444120814	-0.0030870950300030883	0.02618352926739229	-0.39073121081181056	0.03872948671282874	-0.22515608274299048	0.0380859375	0.543212890625	-1.30322265625	0.26407403	0.67950016	0.35088933	-0.58772546	8.1137295	5.7410083	15.459816	Scatto 30m	3	Petto
162	3851167668	0.9959476285634367	0.07722784161833005	-0.013502779744398964	0.044066501756043236	-0.10994843386949628	0.16987827458042698	-0.15298938462009246	0.093017578125	0.489501953125	-1.418212890625	0.24072388	0.70531833	0.2710504	-0.609188	13.240741	-0.27505505	-2.3120756	Scatto 30m	3	Petto
163	3851184335	0.995663846976668	0.08257497227429844	-0.011440404487740764	0.04127947338179328	0.2902582723633869	0.053973846061881534	-0.018339100681282357	0.143310546875	0.4072265625	-1.536865234375	0.20924091	0.72711605	0.18802223	-0.6262334	4.922204	-0.07695551	-26.864313	Scatto 30m	3	Petto
164	3851201002	0.9976034392317826	0.0565737244665957	0.02082864081983218	0.033955256654826016	0.3362270196121172	0.03977840920240358	-0.05774745147560993	0.181884765625	0.322021484375	-1.59619140625	0.1845463	0.7573953	0.13207404	-0.6122514	7.0886936	0.11592499	-29.162271	Scatto 30m	3	Petto
165	3851217669	0.9996579946478208	0.007957373127049472	-0.012352377474515747	0.0216331394009644	0.07882317333883125	-0.014726186575993266	-0.09835000873269747	0.208251953125	0.267578125	-1.597900390625	0.19290766	0.7547184	0.108634435	-0.6175642	5.827288	3.2795072	-13.452562	Scatto 30m	3	Petto
167	3851251003	0.9985046697118699	-0.004511620013114781	0.048936704854463865	0.023943031688448527	-0.5461087755093664	0.06450547786521306	-0.7160182562177791	0.228271484375	0.223388671875	-1.541015625	0.20441891	0.78734285	0.10279423	-0.57248384	8.124123	4.240851	3.7895384	Scatto 30m	3	Petto
168	3851267670	0.9987554175278357	0.039244012125838224	0.024793035479657246	0.018243597857062588	0.12117657440521938	-0.016739924823372162	0.057890184803087275	0.24951171875	0.181396484375	-1.4697265625	0.18046238	0.81141996	0.07092223	-0.5513629	-1.0243688	-1.1411403	-17.78625	Scatto 30m	3	Petto
169	3851284337	0.9976982470954588	-0.010034725706150438	-0.06592659166324538	0.0122961999950737	-0.011224548507315621	0.1463757283254582	0.3421934070229622	0.250732421875	0.155517578125	-1.5849609375	0.19900517	0.7732993	0.054421794	-0.5995361	-15.341153	-15.677631	-14.053198	Scatto 30m	3	Petto
170	3851301004	0.999940221311556	-0.0011660236072428831	0.00916298612444467	0.005850972365935125	-0.08939333859926837	0.14003302538986423	0.05514784086756199	0.2470703125	0.1416015625	-1.61865234375	0.2024128	0.7797491	0.052375674	-0.5901502	-1.7649083	-8.098509	-3.363739	Scatto 30m	3	Petto
171	3851317671	0.9999791596919884	0.0063667890763112744	-8.86488996749705E-4	-5.985948724251956E-4	-0.20252982664362312	0.062265056898266995	0.04390098729599988	0.254150390625	0.135498046875	-1.598876953125	0.19667697	0.7813564	0.048797995	-0.5902706	-4.798524	-2.503029	1.9881849	Scatto 30m	3	Petto
172	3851334338	0.998985379221493	-0.03722698556488224	-0.02409574188521373	-0.007858681215252183	-0.10775752622148968	0.299318810846085	-0.1095346287538682	0.245361328125	0.155029296875	-1.637939453125	0.2217016	0.75953496	0.07202019	-0.60726315	9.53921	-13.088352	2.2385807	Scatto 30m	3	Petto
173	3851351005	0.9999935246255156	-0.0019386864655329683	0.0018867255741952388	-0.0023732822070632324	-0.14264485796681842	0.2604763639250116	-0.22380929995445079	0.236083984375	0.182373046875	-1.629150390625	0.22117522	0.76101065	0.0751147	-0.605229	15.706427	-6.879256	4.4622345	Scatto 30m	3	Petto
174	3851367672	0.9978032777075696	-0.01483030174772726	0.06429550732796822	0.0058965145248118245	-0.7183034269203239	0.24779167391263995	-0.1642517905579998	0.255126953125	0.158935546875	-1.514404296875	0.2302412	0.79636776	0.09312056	-0.5514673	3.3477082	-2.4443927	36.64578	Scatto 30m	3	Petto
175	3851384339	0.99691652912561	-0.07404178576120235	0.0034480156708448823	-0.025755758683690348	-0.6345881399414911	0.5625864353746182	-0.24571447250000553	0.245361328125	0.204833984375	-1.43310546875	0.27351868	0.7773847	0.15441515	-0.5449925	11.578122	-18.67666	38.39042	Scatto 30m	3	Petto
176	3851401006	0.9981859244901694	-0.056619526382372526	0.004619129997364724	-0.01994374638851154	-0.40672336763357697	0.07068717738644849	-0.0277398765362126	0.228515625	0.2431640625	-1.391845703125	0.3049994	0.7610291	0.20095186	-0.5361238	-5.2197757	-0.99561924	14.43577	Scatto 30m	3	Petto
177	3851417673	0.9982040302613663	-0.05147009735148547	-0.008785252996712768	-0.029366007191610814	-0.18394549460467244	-0.016752930119349488	-0.10308898472773154	0.20703125	0.29345703125	-1.351806640625	0.32919937	0.7344738	0.24713273	-0.5395384	-0.15323187	5.1745696	1.7751789	Scatto 30m	3	Petto
178	3851434340	0.9974706022936004	-0.05478332126877175	-0.03366845959002265	-0.030292244876198027	0.08463503591708214	-0.17238379920859126	-0.18456040854078282	0.1875	0.3408203125	-1.3623046875	0.36010993	0.6901329	0.28658977	-0.5584835	1.0683727	15.183914	-14.676644	Scatto 30m	3	Petto
179	3851451007	0.9977787886042644	-0.05391996601344726	-0.025417638246124228	-0.02973331368187127	0.24310014617332215	-0.19113898285626446	-0.15170040953776098	0.15576171875	0.390380859375	-1.359375	0.38672593	0.6477451	0.32697898	-0.56917	-0.8925297	13.958353	-25.028238	Scatto 30m	3	Petto
180	3851467674	0.9990023065211101	-0.039124238867703914	-0.004551226103754969	-0.02104689619581107	0.0417628654538154	-0.14447637721394477	-0.08171528227316438	0.131103515625	0.42724609375	-1.3251953125	0.40070054	0.6238033	0.3605035	-0.5659912	-4.757009	8.466029	-13.149702	Scatto 30m	3	Petto
181	3851484341	0.9997724362747108	-0.01909743391103133	0.0020818983026486687	-0.00927520257464365	-0.13538776514450004	-0.10378714094900644	-0.09721145213467434	0.115478515625	0.43994140625	-1.291748046875	0.406013	0.6151206	0.37769398	-0.5604706	-4.0027027	7.9318876	-2.076518	Scatto 30m	3	Petto
182	3851501008	0.9997816454997344	0.006600165607218253	-0.019782420702973678	-0.0013247516490118572	-0.009163492894025875	-0.04626249981025782	-0.1387983170244821	0.115966796875	0.447265625	-1.316650390625	0.40806985	0.60733795	0.36666456	-0.5746101	0.5900875	8.748472	-9.118252	Scatto 30m	3	Petto
183	3851517675	0.999849216928047	-0.010496219194873646	0.013736883893699177	-0.0016342618748222406	0.26480317690662203	-0.019537918378107286	-0.009786394588562477	0.1171875	0.448974609375	-1.316650390625	0.4078836	0.6115149	0.3792635	-0.56199634	0.2995961	0.64599645	-25.738228	Scatto 30m	3	Petto
184	3851534342	0.999339286260093	-0.012045771302553784	0.03393869136513802	-0.00490464670656221	-0.025209330368998042	-0.01799779899838292	0.12138088544426912	0.09814453125	0.452392578125	-1.239501953125	0.3988016	0.62463486	0.40263972	-0.53728	-3.8727899	-6.335436	-8.652436	Scatto 30m	3	Petto
185	3851551009	0.9996916501394456	-0.010705239536101155	0.02162108881781169	-0.005876308899233852	-0.2238979278790962	-0.012774726335955451	0.07147401907962608	0.07763671875	0.457275390625	-1.173828125	0.39293543	0.63059	0.4205488	-0.52066946	-3.5481553	-4.7289157	3.0131302	Scatto 30m	3	Petto
186	3851567676	0.9999680439888498	-0.0015382891948384353	-0.006602596736156431	-0.0042367893275985224	-0.1717366447203768	-0.0014550973168146212	0.0017807117735647651	0.072021484375	0.462158203125	-1.172119140625	0.39388964	0.6258849	0.42139867	-0.52492106	-1.1961365	-1.3270915	0.33655453	Scatto 30m	3	Petto
187	3851584343	0.9999211136254291	0.01235535080054996	-6.862212050678663E-4	-0.002154282510402617	-0.04276972416444648	-0.1154510207512792	-0.003356705782942	0.072998046875	0.46826171875	-1.190673828125	0.3847061	0.63055575	0.41594067	-0.5304659	-6.694444	2.2131364	-7.6008673	Scatto 30m	3	Petto
188	3851601010	0.999637244533663	0.02327845687854249	0.013515809963100438	-9.03143145204871E-4	-0.2088854799703554	-0.2206444825874068	-0.13590758148769738	0.067626953125	0.479248046875	-1.199951171875	0.36319923	0.64712507	0.40924993	-0.5308766	-10.6502075	10.825607	3.1564388	Scatto 30m	3	Petto
189	3851617677	0.9997111164559899	0.023552122143186416	-0.00290539705405575	-0.0038131148460404667	-0.6854792718100624	-0.16136060599438368	-0.15060652120031687	0.063720703125	0.49267578125	-1.226806640625	0.34642753	0.6533497	0.39825088	-0.5426955	-9.521963	6.0925846	31.889423	Scatto 30m	3	Petto
190	3851634344	0.9994774799613394	0.03209854458727285	-0.0034408191103957324	-0.001615936062742962	-0.5415521537196221	-0.0938924159155922	-0.002854745933139252	0.059814453125	0.5087890625	-1.271484375	0.32518739	0.6624981	0.3808077	-0.5570772	-8.02637	-2.081807	22.10551	Scatto 30m	3	Petto
191	3851651011	0.9988250327406296	0.04752490330605019	-0.004428704807837616	0.00838594718298616	-0.5000398464196639	-0.1671337655925632	-0.04535215028332337	0.063720703125	0.511962890625	-1.332763671875	0.29912773	0.6787103	0.3472329	-0.57385045	-10.039779	3.0230966	20.156113	Scatto 30m	3	Petto
192	3851667678	0.9987948123879324	0.043945462832748944	-0.012680520129909808	0.01780234401996575	-0.30431201736479874	-0.01712880648640205	-0.028425987579851087	0.08837890625	0.493896484375	-1.41162109375	0.2830583	0.69068646	0.3061377	-0.5908554	-1.6909372	-0.38881287	8.472549	Scatto 30m	3	Petto
193	3851684345	0.9979664091605908	0.05066227951331809	-0.030888582630122563	0.02328680065472361	-0.0966646923121039	0.061276173798993035	0.05785027333931671	0.11279296875	0.453369140625	-1.5126953125	0.2702645	0.69325536	0.25115794	-0.61909103	-0.10513189	-5.5290875	-4.4628515	Scatto 30m	3	Petto
194	3851701012	0.9973817446888332	0.051429669032036496	-0.04400800316728271	0.025454668765134636	0.09655278186924611	0.0976082219301873	-0.21255721627579724	0.12939453125	0.395263671875	-1.651123046875	0.26037544	0.6852677	0.18945895	-0.65323675	13.832644	4.573849	-14.082539	Scatto 30m	3	Petto
195	3851717679	0.9987518585444989	0.030343266223806065	-0.02957424058176428	0.026445709345608196	0.19579559788570924	0.16242471719600143	-0.11848403621034106	0.13720703125	0.330322265625	-1.761962890625	0.26182765	0.678899	0.14384	-0.67071056	12.389821	-4.3576035	-20.348835	Scatto 30m	3	Petto
196	3851734346	0.9997333311026809	0.012432047717499062	0.0052996727770231325	0.01872496569672577	-0.034254791662110894	0.171563449183661	-0.18151031536957507	0.153076171875	0.275634765625	-1.76953125	0.26478085	0.68918383	0.12423312	-0.6629351	14.601821	-2.163411	-6.511962	Scatto 30m	3	Petto
197	3851751013	0.9998614514489446	0.007373211166972371	0.013530123236070668	0.0062967792333801795	-0.1697023924468365	0.0688840398970527	-0.09793922776463862	0.171875	0.257080078125	-1.75390625	0.26176608	0.70182407	0.11852791	-0.65182257	6.2188296	1.5084062	0.8800564	Scatto 30m	3	Petto
198	3851767680	0.9997487484568645	0.011761168903661134	-0.017735646264497282	0.007040008276513965	0.049907555956750484	0.011313660225712032	-0.01642568313928021	0.16796875	0.237548828125	-1.77880859375	0.259724	0.6950768	0.10117593	-0.6627031	1.5519845	-0.5742489	-12.579783	Scatto 30m	3	Petto
199	3851784347	0.9997471389973686	0.010428413745147413	0.018220570417404564	0.008057112820398895	0.1745272640510701	-0.023722254923121126	0.07707320636188342	0.1806640625	0.212158203125	-1.77880859375	0.25549892	0.7115544	0.09326979	-0.6478515	-3.641778	-3.210071	-20.276527	Scatto 30m	3	Petto
200	3851801014	0.999833026879534	4.483841120253018E-4	0.017779801553024294	0.004194754978789517	-0.07667425389186831	0.11544607254476287	0.06426244449297566	0.197021484375	0.198974609375	-1.7451171875	0.25580043	0.72446907	0.09440154	-0.6330871	-0.82231885	-6.8615026	-3.791441	Scatto 30m	3	Petto
201	3851817681	0.9999495455092561	-0.007374174914491605	0.006617838758160924	0.00165293385639409	-0.0736409669770632	0.15151673699493778	0.014328800850304291	0.203125	0.198974609375	-1.716064453125	0.2611657	0.72788125	0.099380314	-0.626183	2.6377354	-7.3381844	-3.324561	Scatto 30m	3	Petto
202	3851834348	0.9998378209429073	-0.016466767156591233	0.007233609428379321	-9.231934722206958E-4	-0.03554938107912879	0.10527388559812574	-0.008703206402940577	0.206787109375	0.2041015625	-1.694091796875	0.27142704	0.7288939	0.11196821	-0.6184694	3.0066483	-4.681128	-6.101818	Scatto 30m	3	Petto
203	3851851015	0.9990601604202117	-0.0357584613098641	0.02380682896484235	-0.005776088687912685	-0.0979950504783293	0.262159042664039	-0.14980741171002632	0.21240234375	0.222412109375	-1.637939453125	0.29060632	0.7335803	0.14431669	-0.597144	14.162028	-7.2122016	0.68379974	Scatto 30m	3	Petto
204	3851867682	0.9997782395925539	-0.01732107997181842	0.011042043538588385	-0.004639515094892466	-0.7865838557933488	0.13600464090696113	-0.19340057123868376	0.211669921875	0.24462890625	-1.582275390625	0.2984459	0.73537415	0.16077335	-0.5867767	2.1493604	6.876683	38.937496	Scatto 30m	3	Petto
205	3851884349	0.9996826927836985	-0.022251798776752263	0.011551009783983546	-0.0024383135365987356	-0.421439885243378	0.25314931058043433	-0.3095706516261427	0.212890625	0.250732421875	-1.554443359375	0.3109507	0.73597366	0.1785911	-0.57424545	16.569109	2.8127542	20.725805	Scatto 30m	3	Petto
206	3851901016	0.999133699426164	-0.03918797085266082	0.011543389139159631	-0.007931190239833907	-0.5186718815328061	0.2940103963041203	0.002895463685057345	0.21484375	0.2685546875	-1.49169921875	0.33238688	0.7295565	0.20984684	-0.5596701	2.1543038	-10.302125	24.376583	Scatto 30m	3	Petto
207	3851917683	0.9989489050231577	-0.042102017152626015	-0.005814582880017586	-0.017166709954023755	-0.40169041756304247	0.08528564281518099	0.049778708386821885	0.200439453125	0.29638671875	-1.459716796875	0.35386917	0.7091612	0.24320158	-0.55921364	-5.461372	-4.098956	14.047455	Scatto 30m	3	Petto
208	3851934350	0.9983163600140446	-0.0511032564574615	-0.01685372487596382	-0.021653047488908506	-0.16842173616785894	-0.003618988800620459	-0.18978644594175706	0.18359375	0.34228515625	-1.453369140625	0.3810263	0.67642635	0.28022105	-0.56457293	4.320244	9.457053	1.3112106	Scatto 30m	3	Petto
209	3851951017	0.9980418410302772	-0.055400773936945896	-0.01743578769015877	-0.02322135025587541	0.13460112781058586	-0.09825669440894598	-0.09735539173955002	0.1591796875	0.3837890625	-1.424560546875	0.4090344	0.63896245	0.3195572	-0.56771594	0.1187008	7.706656	-18.455078	Scatto 30m	3	Petto
210	3851967684	0.9979975774399645	-0.05672293205135924	0.002462691269871559	-0.027879733771473403	0.2669586290978008	-0.17829009298995763	0.11115760031953206	0.12890625	0.42578125	-1.361328125	0.42735296	0.608323	0.36959076	-0.5574184	-9.995153	-1.8552666	-27.48023	Scatto 30m	3	Petto
211	3851984351	0.9990030794391052	-0.03685619564913577	-0.011923373308433212	-0.022187863403344363	-0.11503346986896648	-0.3197295936027422	-0.0720840893686539	0.099853515625	0.4599609375	-1.331787109375	0.44089758	0.57841957	0.39792976	-0.5591889	-16.92149	11.161612	-4.9729652	Scatto 30m	3	Petto
212	3852001018	0.9997272579231801	-0.007553729688754243	-0.018412700868934265	-0.012219794593194722	-0.20003914984141388	-0.198268321256876	-0.15108379390568144	0.087890625	0.48388671875	-1.338134765625	0.44513467	0.5609857	0.40097955	-0.57128435	-9.356054	12.551397	1.2632217	Scatto 30m	3	Petto
213	3852017685	0.9999145328691288	0.004897473819989714	0.010496528690435547	-0.006063381296391474	-0.05653669631693174	-0.0432700482909317	-0.07145084885888127	0.07861328125	0.494140625	-1.34326171875	0.4341612	0.56782836	0.40635955	-0.5691637	-1.3587853	5.033727	-6.741633	Scatto 30m	3	Petto
214	3852034352	0.9999547765052471	0.0015902858212042542	-0.00519222242203607	-0.007807481134677108	0.018477683959177916	0.0020992316107536118	0.07387499614930809	0.068359375	0.509765625	-1.338134765625	0.43038929	0.5635043	0.4077988	-0.5752636	-1.1559728	-4.307453	-10.809676	Scatto 30m	3	Petto
215	3852051019	0.999964987947079	-0.004675966314898042	-0.006772067362380869	-0.0015156921388315427	0.08849860940931736	0.08504051111279484	0.09156380879037673	0.063720703125	0.51513671875	-1.3525390625	0.4343906	0.55809283	0.40856317	-0.57698643	3.2685921	-6.943029	-14.865346	Scatto 30m	3	Petto
216	3852067686	0.999972519031697	0.0044628064534507905	0.005914383298642246	2.5418528333598367E-4	-0.008945637649938368	-0.02925035148120824	0.0459800674279394	0.0625	0.514404296875	-1.347412109375	0.42910358	0.5646742	0.40847564	-0.5745965	-2.4779203	-2.1072712	-9.182593	Scatto 30m	3	Petto
217	3852084353	0.999933683912115	0.009583796098343478	0.006046389434876065	-0.002054216418433175	-0.08283508671048401	-0.05215032195103981	-0.004743149965262886	0.060791015625	0.51953125	-1.347412109375	0.41949594	0.5724953	0.40676367	-0.57516587	-2.9324145	1.3604119	-4.901162	Scatto 30m	3	Petto
218	3852101020	0.9995279079713908	0.03012792151555052	0.005707614644763882	-0.001921631222336212	-0.08360435496978873	-0.17077908762213673	-0.013358475984598502	0.05615234375	0.5244140625	-1.37060546875	0.3980931	0.58844185	0.39282206	-0.5839085	-9.501243	4.091769	-4.935967	Scatto 30m	3	Petto
219	3852117687	0.998471728168951	0.04603135209406081	0.03048397995518382	0.0024596011450971626	-0.3749999389103625	-0.18923834806535716	-0.2936775936442277	0.0595703125	0.524658203125	-1.403076171875	0.35933116	0.6256013	0.37618598	-0.58136773	-4.1481805	20.633427	12.60742	Scatto 30m	3	Petto
220	3852134354	0.9998157166319778	0.017588217103528397	0.007318502584230697	0.0023721118709535416	-0.8699337580230616	-0.07892464334419079	0.029695172930021982	0.0634765625	0.520751953125	-1.400634765625	0.34633997	0.63789576	0.36733633	-0.58155125	-7.1653643	-2.2176974	42.088387	Scatto 30m	3	Petto
221	3852151021	0.9993617446479534	0.03382065244963975	-0.011109129669154533	-0.002975573906578905	-0.4990632381330767	-0.1096774337822414	-0.07231467422239996	0.05615234375	0.528076171875	-1.4541015625	0.32636714	0.6425429	0.34579876	-0.6008714	-5.229731	4.998266	20.293596	Scatto 30m	3	Petto
222	3852167688	0.9995296386700194	0.030210316555611544	0.001723611616921167	0.004986718037357035	-0.36877020608291794	-0.0632709569406627	0.010961648643912124	0.05859375	0.521240234375	-1.49755859375	0.30870557	0.6557096	0.32520646	-0.60744286	-4.390938	0.35300252	12.208927	Scatto 30m	3	Petto
223	3852184355	0.9994507210728779	0.03162775257525299	-0.0024114513487874527	0.009598245482139308	-0.22972534887842191	0.024439863799000275	-0.007978309438874894	0.072509765625	0.49951171875	-1.5380859375	0.2939333	0.66758996	0.29914147	-0.61517584	0.76688033	-1.2143611	3.9826145	Scatto 30m	3	Petto
224	3852201022	0.9992206888625771	0.03498013202992531	-0.014465505709492886	0.011187245270150137	-0.03863867203409466	-0.024152873783920552	0.06240994851120114	0.08251953125	0.47802734375	-1.604736328125	0.2811194	0.6726277	0.2660036	-0.630703	-3.6673694	-1.9999201	-7.8011665	Scatto 30m	3	Petto
225	3852217689	0.9985330823827836	0.038178304794809714	-0.03664374870017245	0.01146019682772695	-0.017747768845505798	0.13184441296257565	0.026565348351227105	0.086181640625	0.442138671875	-1.7080078125	0.27163097	0.6631398	0.22384593	-0.6605721	4.458583	-6.6804314	-8.493284	Scatto 30m	3	Petto
226	3852234356	0.9996296520333635	0.019770311808384122	-0.013734531163505039	0.012690791952217062	0.13114058218282293	0.30453791007374104	-0.013358451633057458	0.080078125	0.408447265625	-1.774169921875	0.26956162	0.6628922	0.19877087	-0.66962725	12.804159	-13.69685	-16.511198	Scatto 30m	3	Petto
227	3852251023	0.9998545434893708	0.004810447152819419	0.013777678403885248	0.008827629333584582	-0.046765096577472666	0.23797290918744646	-0.1432130268930999	0.09716796875	0.385009765625	-1.76611328125	0.2691724	0.6759894	0.1933773	-0.6581717	15.556975	-5.443485	-6.0832205	Scatto 30m	3	Petto
228	3852267690	0.9999387831649432	0.010032990827278931	-8.19705779952551E-4	0.004593157966658601	-0.10117860870914894	0.02739435609326912	-0.017288573239059718	0.104248046875	0.369384765625	-1.76318359375	0.26517382	0.6799956	0.18328443	-0.65855604	1.4681002	-0.080087036	-3.6104002	Scatto 30m	3	Petto
