2	393646327	0.9984321432944604	0.05297362395426197	0.01714473731836214	-0.005753988518156727	-0.056762100258412176	-0.0643142431550604	-0.23710378532003168	-1.058837890625	0.421875	-0.661376953125	0.16777009	0.0689056	-0.050828453	-0.9821008	3.0500817	4.958629	-23.77607	Triplo salto in lungo	2	Petto
3	393662994	0.9984406311252038	0.053081014709632446	0.011601178551054915	-0.012811114390527125	-0.07983288048301258	0.18927317214358627	-0.13000274208316495	-1.090576171875	0.4873046875	-0.7373046875	0.1493599	0.09213335	-0.09784015	-0.9796073	9.310516	-9.649919	-15.552008	Triplo salto in lungo	2	Petto
4	393679661	0.9984959504360258	0.05096788129179006	0.014389538437004164	-0.014179323786895515	-0.06960432183630769	0.288157453962122	-0.08466551087644904	-1.12646484375	0.544677734375	-0.814453125	0.1315855	0.11793951	-0.14770123	-0.9731188	9.726506	-15.730496	-10.126079	Triplo salto in lungo	2	Petto
5	393696328	0.9991412748943556	0.037726839404484486	0.014070668446563558	-0.00976804384188912	-0.10320259369055186	0.26009347371125024	-0.01337662319958667	-1.15966796875	0.584716796875	-0.889404296875	0.12101625	0.14021616	-0.18732582	-0.964678	9.472797	-12.700326	-4.201928	Triplo salto in lungo	2	Petto
8	393746329	0.9994562912278451	0.012486146426925249	-0.0019301614743248848	0.030454762339732266	-0.44179428057741305	0.07690259998827415	0.04260271344774454	-1.12255859375	0.625	-0.923583984375	0.14259537	0.14380345	-0.20908438	-0.956698	8.470863	3.028419	-10.891709	Triplo salto in lungo	2	Petto
19	393929666	0.9352976832329657	-0.3508167856433586	-0.039391796385323814	-0.02437443388975555	0.27291590750925127	0.8515730251896829	-0.28584440463180677	-1.103515625	0.1142578125	-0.484619140625	0.15908623	0.05114558	0.12178654	-0.9783885	0.7693708	4.397384	-8.958431	Triplo salto in lungo	2	Petto
24	394013001	0.9815906019630714	-0.18469706073318204	-0.040028892306702264	0.027650925391328518	-0.19349799556356412	-0.24561014386409513	-0.15354821029594115	-1.0322265625	-0.22607421875	-0.420654296875	0.19433562	-0.007337608	0.2974926	-0.9347074	-2.659224	5.1120887	-8.91758	Triplo salto in lungo	2	Petto
35	394196338	0.9854410395201516	0.0925559541909356	-0.13837621598894342	0.034516312401956774	-0.08808759437425406	-0.6361742339977434	-2.454468982798174	-0.776123046875	-0.06494140625	-0.393798828125	0.2564719	-0.09805891	0.21305881	-0.9376635	-1.5156904	5.5512695	-28.763884	Triplo salto in lungo	2	Petto
42	394313007	0.9986832605802372	-0.04432881791370702	-0.021871802590387127	-0.013723162559948626	-0.09906207802412165	-1.291987821674995	-2.4791888569431926	-0.71923828125	-0.158935546875	-0.384521484375	0.23745523	-0.13416405	0.28380755	-0.9192761	-5.6799183	13.95165	-23.844112	Triplo salto in lungo	2	Petto
44	394346341	0.9993967154896031	-0.028228095639637296	0.018448878598128163	0.008307741186639822	-0.0970249173907747	-0.4787325236844552	-0.5819080273528106	-0.75927734375	-0.220458984375	-0.387451171875	0.23439325	-0.12057059	0.3217922	-0.9093802	-9.528485	21.735825	-14.127117	Triplo salto in lungo	2	Petto
46	394379675	0.9994238813210291	-0.01127715436351251	0.02832738374018354	0.014909411963837993	-0.09544990533047612	-0.28206371381083445	-0.39975178006125217	-0.812255859375	-0.248779296875	-0.384765625	0.23523153	-0.09144043	0.34830984	-0.9027652	-3.6557791	8.169254	-12.535168	Triplo salto in lungo	2	Petto
47	394396342	0.9997616901775155	-0.0025438148095609514	0.01695292863734291	0.013516289070204442	0.03093168431838611	0.03731501993263894	-0.040160128557778445	-0.84814453125	-0.245849609375	-0.384033203125	0.24032146	-0.07146027	0.35885087	-0.8990914	-1.6109604	-0.9185045	-13.102312	Triplo salto in lungo	2	Petto
48	394413009	0.9997783608140862	-0.009064869366770423	0.0128814300222892	0.013968756274031213	-0.023944173509857315	0.07747080681861965	-0.08805520761605803	-0.88232421875	-0.259521484375	-0.3876953125	0.24698362	-0.056874033	0.37280497	-0.892626	1.4281878	1.0327226	-16.775055	Triplo salto in lungo	2	Petto
53	394496344	0.9964043414312869	-0.07366377131588642	0.030158860977781532	0.02902551079528393	-0.23292266925645455	0.005132723943584258	-0.10020740525887119	-0.959228515625	-0.39306640625	-0.4150390625	0.25490466	-0.03227608	0.44993553	-0.8553011	-1.2448066	2.1790404	-10.19	Triplo salto in lungo	2	Petto
54	394513011	0.9998800233121984	-0.015322578849495616	0.0011354023741403654	0.001966829948773896	0.002797159461347943	-0.016220558938718706	-0.045071091755933844	-0.9658203125	-0.421630859375	-0.423095703125	0.25529528	-0.033646256	0.46382692	-0.84767747	-1.3093796	2.4134665	-10.6785145	Triplo salto in lungo	2	Petto
55	394529678	0.9999086253023224	-0.013326333813375724	0.0021559259116989142	-7.084183633498388E-4	0.017285905867484276	-0.016777232363206798	-0.05617998868571537	-0.969970703125	-0.447021484375	-0.4375	0.25296834	-0.035062894	0.47610578	-0.8414873	-2.2929308	2.5571973	-11.099892	Triplo salto in lungo	2	Petto
56	394546345	0.9999238201249285	-0.011629916621349823	0.002570195933153802	-0.0032393022420422746	0.03444748927534994	-0.013418528097371202	-0.06687542814759624	-0.9736328125	-0.4697265625	-0.44384765625	0.2483246	-0.037118226	0.48691657	-0.836582	-3.3150403	2.5352762	-11.709294	Triplo salto in lungo	2	Petto
57	394563012	0.9999246269161631	-0.0105189168489922	0.004757225554563538	-0.0041787174969052385	0.023306800840243034	0.012795510882868795	-0.1195454704560907	-0.978271484375	-0.48974609375	-0.45263671875	0.24181695	-0.03777386	0.4972516	-0.8323694	-3.113543	4.776857	-14.447222	Triplo salto in lungo	2	Petto
58	394579679	0.9998728310955796	-0.013794024972880348	0.007151435878499563	-0.003592140981891312	-0.001129424426695752	0.046235852628807916	-0.1563460967460113	-0.989990234375	-0.516357421875	-0.46142578125	0.23436284	-0.036956552	0.5109774	-0.8262026	-1.7782216	6.556967	-16.85158	Triplo salto in lungo	2	Petto
59	394596346	0.9997919846102049	-0.018747955115390458	0.00778480592637082	-0.0019744581200579763	-0.02354111787538319	0.08774585544678459	-0.16297912968424128	-1.00390625	-0.548095703125	-0.475341796875	0.22757697	-0.03572551	0.5290511	-0.8167236	0.15164298	6.769401	-18.727835	Triplo salto in lungo	2	Petto
60	394613013	0.9997006298626023	-0.023338455737306474	0.007214591019565232	-0.0013844899907172747	-0.04632166366164507	0.07654047221785282	-0.16868007910285554	-1.014404296875	-0.590576171875	-0.49853515625	0.22125413	-0.035315715	0.55063915	-0.804112	0.99552405	8.194069	-17.756584	Triplo salto in lungo	2	Petto
61	394629680	0.999614584329091	-0.026791723287314384	0.007113451703182894	-0.001511676136328133	-0.05431951682400373	0.027778257042978205	-0.1741967201794782	-1.031005859375	-0.634033203125	-0.528076171875	0.21458803	-0.035385244	0.5747723	-0.7888833	0.33545157	9.901497	-14.760039	Triplo salto in lungo	2	Petto
62	394646347	0.999582623810793	-0.02776107028595698	0.007809795035856494	-0.0017053602571706072	-0.02888589842327711	-0.058893618444713525	-0.17374478059018483	-1.04248046875	-0.679931640625	-0.561767578125	0.20713319	-0.034879647	0.5995629	-0.77227175	-2.6176944	10.830035	-9.692237	Triplo salto in lungo	2	Petto
63	394663014	0.9996640995675534	-0.025216532178742868	0.005984344140804594	4.6538967548637185E-5	0.02545961065938419	-0.0970750248891858	-0.15832931183015855	-1.052734375	-0.72119140625	-0.5947265625	0.2019865	-0.034185167	0.6218142	-0.75589705	-5.866742	9.243558	-7.2374916	Triplo salto in lungo	2	Petto
64	394679681	0.999780900285266	-0.02084491572790903	0.0016392876238419953	-9.765496226716297E-4	0.022067145373829616	-0.05238358369815487	-0.16625746058272492	-1.057373046875	-0.758544921875	-0.6220703125	0.19871616	-0.036893107	0.639542	-0.7417122	-5.0457087	9.241558	-9.270728	Triplo salto in lungo	2	Petto
65	394696348	0.9998784950067978	-0.01533749147874336	-6.698309474184594E-4	-0.0027033136300203546	-0.042035841577144004	-0.03163907209154579	-0.1893471425344404	-1.0537109375	-0.7890625	-0.64013671875	0.19572805	-0.041502822	0.6524704	-0.7309245	-1.646699	11.66967	-9.4596405	Triplo salto in lungo	2	Petto
66	394713015	0.9999378672532222	-0.010894606366929738	0.0015059228967522489	-0.0018169703949238447	-0.10277452491592537	0.016657810039300947	-0.21287012211042128	-1.05517578125	-0.804443359375	-0.65673828125	0.19211896	-0.0427611	0.66264594	-0.72260803	1.8917255	14.006081	-11.360798	Triplo salto in lungo	2	Petto
67	394729682	0.9999337450850484	-0.011245973040238444	0.0012844063033153332	-0.0020937600186383136	-0.08144247181318422	0.036064603050202565	-0.20836464589943607	-1.056396484375	-0.822021484375	-0.672607421875	0.18848291	-0.043762513	0.67316264	-0.71373045	1.0643926	13.310749	-12.369726	Triplo salto in lungo	2	Petto
68	394746349	0.999929493220161	-0.011760890097393117	5.465108194875891E-4	-0.001546408262142529	-0.04743795261098932	-0.02349944863360083	-0.22309109916549047	-1.052978515625	-0.840087890625	-0.691650390625	0.18574767	-0.044636004	0.68395835	-0.70406437	-1.8557789	13.606519	-9.000743	Triplo salto in lungo	2	Petto
69	394763016	0.9999738971345044	-0.006839426943498483	-0.002304556021954368	3.410428976264313E-4	-0.030367338506818643	-0.08107654359789011	-0.25103043236505124	-1.053466796875	-0.85107421875	-0.700927734375	0.18646838	-0.045260645	0.6908882	-0.6970327	-4.0172205	14.803232	-5.5037947	Triplo salto in lungo	2	Petto
70	394779683	0.9999852681601403	5.857218784390827E-4	-0.004729224956767864	0.002599004402007443	-0.018525687305665388	-0.05978537227443205	-0.28380564636413386	-1.050537109375	-0.852783203125	-0.701416015625	0.19069462	-0.04477559	0.6923275	-0.6944879	-5.0931334	16.37634	-6.6620283	Triplo salto in lungo	2	Petto
71	394796350	0.9999472685774771	0.005915767833237107	-0.007974601159975754	0.0026209715232135005	-0.026126074780560563	-0.06260839999260528	-0.3164013797633174	-1.046875	-0.849853515625	-0.685791015625	0.19734687	-0.045694206	0.6894245	-0.6954568	-5.457583	18.315807	-6.392309	Triplo salto in lungo	2	Petto
72	394813017	0.999886559049568	0.011880014265616079	-0.007878281454118842	0.004864871467289533	-0.03812659223762112	-0.09628846486122211	-0.3286513954136622	-1.037353515625	-0.831787109375	-0.66552734375	0.20567194	-0.04389928	0.6824561	-0.70001835	-5.687765	19.135637	-4.437801	Triplo salto in lungo	2	Petto
73	394829684	0.9998581943229933	0.012541614855336003	-0.007038616677751075	0.00876110822029569	-0.0336001050164635	-0.12277788311354602	-0.36564053699153315	-1.03857421875	-0.81201171875	-0.6474609375	0.21606128	-0.03874814	0.6752702	-0.7041493	-7.2906046	21.119753	-3.4545364	Triplo salto in lungo	2	Petto
74	394846351	0.9997567035676964	0.015327581998215267	-0.006017830852161344	0.014675987645676791	-0.0011713971191107814	-0.12691933808445044	-0.40508956556815007	-1.048583984375	-0.784423828125	-0.626220703125	0.22981498	-0.028291298	0.666454	-0.70867753	-10.211842	22.674671	-4.308602	Triplo salto in lungo	2	Petto
75	394863018	0.999605821120857	0.01902676699222161	-0.009773200894263508	0.01818430816394057	0.010263393841990761	-0.0940086828290062	-0.4168734399843678	-1.056396484375	-0.746826171875	-0.6005859375	0.24831587	-0.017396618	0.65402895	-0.7143408	-10.780437	23.116768	-7.1276164	Triplo salto in lungo	2	Petto
76	394879685	0.9996137562262482	0.019726351360518923	-0.012768226003251617	0.014838525195652652	-0.04704581011640547	-0.03172609381311371	-0.41554811491652804	-1.055908203125	-0.708251953125	-0.56396484375	0.2660467	-0.010692717	0.6400025	-0.72076476	-6.8239174	24.209696	-10.54674	Triplo salto in lungo	2	Petto
77	394896352	0.9996751006985614	0.015806583669076946	-0.019891907111881324	0.0020388691683861375	-0.07134063897728808	-0.11679982708272396	-0.3642016237143628	-1.037353515625	-0.676025390625	-0.528564453125	0.2788804	-0.018077035	0.62653285	-0.7275683	-6.635583	21.991926	-5.6610913	Triplo salto in lungo	2	Petto
78	394913019	0.9995024438927053	0.02336167640213871	-0.01897863433397987	-0.009429112737070255	-0.010039147160364664	-0.25480680258930527	-0.3290002735933661	-0.989501953125	-0.6455078125	-0.50244140625	0.28280547	-0.029783148	0.60725	-0.7418771	-12.702311	18.907887	0.42907333	Triplo salto in lungo	2	Petto
79	394929686	0.9993078117906266	0.03324004196879621	-0.007555426784060766	-0.014896725487604403	0.03831124896311543	-0.17857218976047134	-0.30146010812026686	-0.95751953125	-0.59326171875	-0.466552734375	0.27572605	-0.034055352	0.58310634	-0.76341504	-13.002579	16.03253	-5.2192497	Triplo salto in lungo	2	Petto
80	394946353	0.999105502356329	0.039293670549069404	0.0025841723323772885	-0.015411835369137483	0.019328169257341016	-0.15506034394080673	-0.32092150644303324	-0.945068359375	-0.533935546875	-0.44384765625	0.26214457	-0.029808447	0.5562105	-0.7880493	-11.686266	17.811712	-7.6143503	Triplo salto in lungo	2	Petto
81	394963020	0.9991614119318672	0.04009901203944771	0.005416506870249499	-0.00626127727402881	-0.04439498280651888	-0.11338364145219064	-0.31978339551111085	-0.948486328125	-0.461181640625	-0.41259765625	0.2537524	-0.01834867	0.5288318	-0.8096975	-6.7628527	19.380592	-10.205356	Triplo salto in lungo	2	Petto
82	394979687	0.99911813980023	0.03964933157744621	-0.004861886373573183	-0.012931948363653162	-0.11234988974957807	-0.14925383777228574	-0.3336953222789655	-0.939208984375	-0.385498046875	-0.3876953125	0.2449739	-0.018768378	0.49833304	-0.8314444	-3.5666368	22.654427	-9.077036	Triplo salto in lungo	2	Petto
83	394996354	0.9990779128015987	0.03690093733629346	-0.012800238389718057	-0.01782691428347225	-0.11979198434682656	-0.16461888230551017	-0.3042517273703153	-0.91259765625	-0.3125	-0.367919921875	0.23563059	-0.028571097	0.46749994	-0.85153145	-2.4979212	21.806957	-8.998224	Triplo salto in lungo	2	Petto
84	395013021	0.9989679383312353	0.03778147773627932	-0.012366581739143042	-0.02197011111472469	-0.08358823438590816	-0.1572604530652499	-0.25267285969506326	-0.87890625	-0.242919921875	-0.35400390625	0.22219655	-0.03949048	0.43526188	-0.87155974	-3.114851	18.283216	-9.659666	Triplo salto in lungo	2	Petto
85	395029688	0.9988815249619094	0.03850780695627726	-0.008879147206606486	-0.025961676334007453	-0.05778833694865251	-0.1813889128354693	-0.21311105854322296	-0.85546875	-0.16748046875	-0.35400390625	0.20341772	-0.048956543	0.40218621	-0.891331	-4.035391	16.626003	-8.687898	Triplo salto in lungo	2	Petto
86	395046355	0.9988288575660289	0.038822560890666824	-0.003912344446975636	-0.02860796427850648	-0.056452146858403454	-0.23738638502298803	-0.16913337724399938	-0.84619140625	-0.094970703125	-0.35693359375	0.17993045	-0.05516079	0.36883938	-0.9102417	-4.0107107	16.869007	-5.7321925	Triplo salto in lungo	2	Petto
87	395063022	0.9988891464589496	0.03893363561186841	6.93642646427406E-5	-0.02654506155864986	-0.03205354890517277	-0.3139979159589885	-0.14661491568467866	-0.84716796875	-0.017578125	-0.36328125	0.15648633	-0.057105403	0.3354552	-0.9272113	-5.612615	18.893263	-2.9165692	Triplo salto in lungo	2	Petto
88	395079689	0.9989709592686806	0.04011489441531407	0.0064752827397935595	-0.020146674596570713	-0.008209177112585783	-0.3226632865842427	-0.13223474324659812	-0.859375	0.056884765625	-0.3759765625	0.1365228	-0.050964274	0.30179423	-0.9421702	-6.0278463	18.97294	-3.3579473	Triplo salto in lungo	2	Petto
91	395129690	0.9820377255627015	0.1801873072497488	0.029616780507505328	-0.04751090601210379	-0.06903580411818044	-0.9045287323583225	-0.5508555822480166	-0.948974609375	0.372314453125	-0.525146484375	0.08535014	-0.011813494	0.14132173	-0.98620695	-0.43920946	17.668505	-14.538677	Triplo salto in lungo	2	Petto
92	395146357	0.9960985920671238	0.08388784252527307	0.0055951050152864565	-0.026816404647464598	-0.14239523161840076	0.16532707128384497	-0.28725471618654014	-0.982177734375	0.49267578125	-0.62646484375	0.057279166	-0.0028532995	0.062762134	-0.99637955	9.210048	-2.992789	-29.167871	Triplo salto in lungo	2	Petto
93	395163024	0.9964688407754969	0.07455309006309757	0.010620179850392875	-0.03713351458623588	-0.031122277208025156	0.5032862790351182	-0.17088063230612213	-1.035888671875	0.587890625	-0.7431640625	0.018227365	0.009954069	-0.0077106794	-0.9997546	5.0874467	-28.182451	-23.967346	Triplo salto in lungo	2	Petto
94	395179691	0.9971307836655413	0.05905632009284373	0.010467640343983705	-0.04618419458282402	-0.02025459906514697	0.459558222972949	-0.18829759891595127	-1.125732421875	0.6396484375	-0.85400390625	-0.029091137	0.02197927	-0.06467792	-0.99723995	2.4167938	-27.648048	-20.725292	Triplo salto in lungo	2	Petto
95	395196358	0.9994335916921999	0.0303339712847438	0.007049126681909297	-0.012753658155513827	-0.048001518486823005	0.0853809574109114	0.07720627800110305	-1.175048828125	0.656005859375	-0.9189453125	-0.04187164	0.029077264	-0.09508525	-0.99416316	2.376474	-4.623081	-4.430401	Triplo salto in lungo	2	Petto
96	395213025	0.9995367369929331	0.024681843034837614	0.003323100725757922	0.017495000071165057	-0.0989272122163283	0.03654619343137529	0.10010560663867943	-1.1611328125	0.691162109375	-0.96826171875	-0.024755074	0.029903412	-0.120655775	-0.9919352	5.409183	-1.4497815	-3.1226	Triplo salto in lungo	2	Petto
97	395229692	0.9996781046510823	0.011587580884333856	-0.005480765844814661	0.021894662733714768	-0.2228403722904856	-0.1230022915955461	0.04058801511417627	-1.117919921875	0.72021484375	-0.99609375	-0.0041008703	0.021987002	-0.13301381	-0.9908619	13.615219	7.1829977	-8.331795	Triplo salto in lungo	2	Petto
98	395246359	0.9997007922578578	-0.004780182613779882	-0.009881342695202995	0.021859434570234593	-0.19699339623615467	-0.14312608330237933	-0.0019829232067760626	-1.0712890625	0.7353515625	-0.986083984375	0.015684262	0.010384687	-0.12854737	-0.9915251	11.944768	8.213735	-11.633728	Triplo salto in lungo	2	Petto
99	395263026	0.9998277093170929	-0.0062872838240554535	0.0033298924432646764	0.01714449066513474	-0.0077048026260034715	0.014053805802170196	0.03990999788013237	-1.0361328125	0.740966796875	-0.969970703125	0.032063648	0.0129220905	-0.12185203	-0.99194616	0.41909346	-0.19390175	-7.2745657	Triplo salto in lungo	2	Petto
100	395279693	0.9999312943222757	-0.0018115737603273535	-0.004449246119026335	0.010692476067861612	0.17678827072541953	0.16773279761486892	0.03345715485269821	-1.011962890625	0.751953125	-0.9658203125	0.04125302	0.0084298635	-0.11989101	-0.9918938	-10.065919	-9.958109	-5.648114	Triplo salto in lungo	2	Petto
101	395296360	0.9998413543340223	-0.010415971219018938	-0.01426225356501995	0.0023155626356466956	0.19093215247233666	0.19476187904575554	-0.006831060468406633	-0.994384765625	0.74755859375	-0.946044921875	0.041735683	-0.0059180777	-0.11032321	-0.9930015	-10.476591	-12.364531	-7.506298	Triplo salto in lungo	2	Petto
102	395313027	0.999786026315659	-0.019101509076729972	-0.007771045802532712	0.0016262785956610015	0.13567992391467756	0.17079969169471906	-0.018926031050815282	-0.983642578125	0.734375	-0.911376953125	0.04275478	-0.014740046	-0.092401564	-0.9946943	-7.2424216	-10.8789625	-8.489542	Triplo salto in lungo	2	Petto
103	395329694	0.9995268357755817	-0.030644380622816714	0.001215865369484981	0.0023554558158980225	0.061602156369191384	0.1988450814585613	-0.019539492635714216	-0.97607421875	0.70361328125	-0.863037109375	0.0454098	-0.015530341	-0.06288914	-0.99686605	-2.6409154	-12.205849	-8.618841	Triplo salto in lungo	2	Petto
104	395346361	0.9991951388950945	-0.039776959126827105	0.004611301398191826	0.002367241105320328	0.011938300998313642	0.20908323304585233	-0.04887186249552543	-0.980712890625	0.66357421875	-0.800537109375	0.048188686	-0.013452403	-0.02432461	-0.9984514	0.39230633	-12.831629	-11.1029415	Triplo salto in lungo	2	Petto
105	395363028	0.9988829449670654	-0.04683569453866682	0.005803234861691264	0.0023669465865272525	-0.016359362856248876	0.18137377310388492	-0.06235230283482524	-0.98291015625	0.607421875	-0.726806640625	0.050795544	-0.010500124	0.02117493	-0.99842936	1.9532447	-10.919251	-13.029121	Triplo salto in lungo	2	Petto
106	395379695	0.9986162421689093	-0.05160643529387182	0.009700135604751943	0.0028782081153088668	-0.020563384979665523	0.11618552007295772	-0.03493026139260012	-0.994384765625	0.5458984375	-0.655517578125	0.05361176	-0.003817364	0.07151464	-0.9959906	1.8924173	-6.7214885	-12.210448	Triplo salto in lungo	2	Petto
107	395396362	0.9985825124962571	-0.05270278912964976	0.00705879466947737	0.002356941329841045	-0.012681698294822108	0.06548505274879063	-0.04323503064436269	-1.003662109375	0.466064453125	-0.59228515625	0.055815063	2.114592E-4	0.122726895	-0.9908697	1.1372691	-3.424439	-12.9314785	Triplo salto in lungo	2	Petto
108	395413029	0.9986436086766072	-0.051482114724383354	0.0071475034993866435	0.003073744718600613	-0.02791222690016536	0.002011482446240721	-0.021452136527413797	-1.01708984375	0.38330078125	-0.5244140625	0.05843828	0.0045261523	0.17261805	-0.98324347	1.6593403	0.38023344	-11.068782	Triplo salto in lungo	2	Petto
109	395429696	0.9987910002228173	-0.048736083219938386	0.0034696022799035053	0.005412386377801449	-0.02977746369581441	-0.054589069710164376	-0.009738779219267748	-1.022705078125	0.296142578125	-0.482666015625	0.063686825	0.0058691646	0.21945965	-0.9735231	1.3835444	3.4615614	-9.20779	Triplo salto in lungo	2	Petto
110	395446363	0.9989730871533702	-0.04449609450678338	-6.786261056306865E-4	0.008509299825321115	-0.041232959721584646	-0.07163282745911795	-0.002291872123364895	-1.021728515625	0.21630859375	-0.44384765625	0.07252054	0.0042215334	0.26176098	-0.96239513	1.9053113	4.212089	-8.012451	Triplo salto in lungo	2	Petto
111	395463030	0.9991343105943952	-0.040065567953667225	-0.0015093021265752962	0.011095118958504903	-0.04691002550195947	-0.0742291559248015	0.006025772944498471	-1.013916015625	0.14306640625	-0.414794921875	0.083795354	0.0028825826	0.29953232	-0.9503949	2.1620126	4.003092	-7.13235	Triplo salto in lungo	2	Petto
112	395479697	0.9992722222175635	-0.03579260681197233	-9.060896574242251E-4	0.013156527030658338	-0.05225947725392381	-0.07699867402230809	0.014768409344371628	-1.005126953125	0.076904296875	-0.390625	0.09659739	0.0032215868	0.33303726	-0.93794715	2.3865328	3.716761	-6.2830586	Triplo salto in lungo	2	Petto
113	395496364	0.9994150325690541	-0.031041314174911683	-0.003166722906145225	0.014000048404443246	-0.05927867136902202	-0.09521401364266636	-0.021105932966066634	-0.994873046875	0.022705078125	-0.373779296875	0.11074548	0.0022953642	0.361588	-0.92573446	2.3683865	5.766535	-6.98086	Triplo salto in lungo	2	Petto
114	395513031	0.9995603019252635	-0.02544020154987736	-0.0057604138567665395	0.014100233770279164	-0.062337851752616386	-0.11319694826332907	-0.041465855266855874	-0.982177734375	-0.023681640625	-0.35986328125	0.12574238	-2.4431664E-4	0.38448396	-0.9145278	2.0572186	7.2744684	-6.78623	Triplo salto in lungo	2	Petto
115	395529698	0.9997091001368222	-0.019116823020079443	-0.008153709690336632	0.012238431252809991	-0.055932669736256754	-0.08232485763470473	-0.09370692768342066	-0.967041015625	-0.064208984375	-0.355224609375	0.13981807	-0.00476405	0.4012083	-0.9052405	1.5744946	8.0474205	-9.967259	Triplo salto in lungo	2	Petto
116	395546365	0.9998417269608888	-0.011890039654561368	-0.010320637154185743	0.008284469422488894	-0.04485158521973804	-0.03195111156192176	-0.13918566678453798	-0.9453125	-0.089599609375	-0.352783203125	0.15109849	-0.011699253	0.41107178	-0.8989175	1.1091062	7.9757924	-13.789246	Triplo salto in lungo	2	Petto
117	395563032	0.9999094534026625	-0.008253770602381638	-0.009487720765339824	0.004789929175997521	-0.0231100041368586	-0.06652087337178322	-0.1273172790472653	-0.9228515625	-0.10595703125	-0.34765625	0.15887292	-0.018694418	0.41779816	-0.89434594	-0.82310575	8.473122	-11.746925	Triplo salto in lungo	2	Petto
118	395579699	0.9999604670218731	-0.00246035581421139	-0.005522609163514603	0.006520109714712452	0.045945397011316565	-0.13214865815012186	-0.055911405038827126	-0.91064453125	-0.111328125	-0.33935546875	0.16659379	-0.020500468	0.42009413	-0.89182246	-5.2980084	6.4198647	-6.286073	Triplo salto in lungo	2	Petto
119	395596366	0.9999251588935109	0.0076864845557620964	-0.005572440909329208	0.007716376693304467	0.05836866548271806	-0.13731984809941278	-0.08841239654565637	-0.9013671875	-0.101318359375	-0.33837890625	0.17557895	-0.020371795	0.41337246	-0.8932415	-6.541155	7.711197	-7.3580317	Triplo salto in lungo	2	Petto
120	395613033	0.9998482264162363	0.016343606038338898	-0.0034832618937165887	0.004927226456134581	0.04969617035105035	-0.13775859727056833	-0.08253431764816067	-0.890625	-0.06884765625	-0.33935546875	0.18131271	-0.018213926	0.3992445	-0.89855325	-6.1419015	7.5652556	-7.2113924	Triplo salto in lungo	2	Petto
121	395629700	0.9998330124166781	0.017599000084189742	-0.004599253060383168	0.001751955796788385	-0.0015837856253577975	-0.10312968169442407	-0.20486030405592437	-0.884033203125	-0.034423828125	-0.34765625	0.18458499	-0.018261574	0.3837002	-0.9046375	-4.0136304	12.590206	-13.654229	Triplo salto in lungo	2	Petto
122	395646367	0.9995448953618455	0.02678182304893556	-0.012745864864377067	-0.005502639285973165	-0.13462037485068784	0.08928380491280785	-0.5357597771916068	-0.864501953125	0.0126953125	-0.35400390625	0.18442325	-0.026743777	0.35823098	-0.91484624	3.6198008	21.565754	-35.289898	Triplo salto in lungo	2	Petto
123	395663034	0.9996963290069226	0.013719447778862026	-0.019149516497598083	-0.007233432147604969	-0.22292080215125082	0.0822374071845306	-0.7072924193653018	-0.830810546875	0.05126953125	-0.35791015625	0.18434717	-0.043640316	0.3437295	-0.9197617	6.371207	28.959251	-43.351814	Triplo salto in lungo	2	Petto
124	395679701	0.9995807187068133	-0.026019096937460018	-0.004570423190781992	0.011853464303184957	-0.16357117736182725	-0.10040130513900433	-0.3161545889758741	-0.80859375	0.02392578125	-0.346435546875	0.19477655	-0.047194175	0.36968946	-0.9072842	3.3715475	19.549452	-19.755596	Triplo salto in lungo	2	Petto
125	395696368	0.9981799372427591	-0.05082701433800224	-0.020695935665422938	0.025002114839726173	-0.01571779276247269	-0.27213658004828667	-0.2613090040200716	-0.778564453125	-0.072998046875	-0.331787109375	0.22155513	-0.06480364	0.41495162	-0.88007337	-7.8793216	21.24205	-9.705551	Triplo salto in lungo	2	Petto
126	395713035	0.9992777451124428	-0.027140504651856356	-0.022919263191602843	0.013494017377651712	-0.024632437275839386	-0.5603973683974488	-0.3542454067061162	-0.722900390625	-0.14892578125	-0.330078125	0.24023983	-0.08370976	0.43725923	-0.8626019	-16.234837	34.27437	2.276348	Triplo salto in lungo	2	Petto
127	395729702	0.9999806027481912	0.0022567749560957195	-0.003449158908187811	-0.004669517853892275	-0.027117282966667166	-0.4691133037767581	-0.395588401959594	-0.700927734375	-0.161865234375	-0.331787109375	0.23697129	-0.08680731	0.43769503	-0.86297876	-16.517426	31.854727	-1.4073343	Triplo salto in lungo	2	Petto
128	395746369	0.9998498475720539	0.010776623873077706	0.007887820991297369	-0.011042145083635158	0.034258498544728684	-0.12516374971175098	-0.29002504291603054	-0.717529296875	-0.13720703125	-0.334228515625	0.22377983	-0.08119914	0.43337977	-0.86920166	-10.478167	15.289024	-14.271422	Triplo salto in lungo	2	Petto
129	395763036	0.9999422067723891	-0.001312269891047213	0.005127270850134202	-0.009357999600721619	-0.02541417098072496	0.11386851077863733	-0.3217377714550551	-0.728271484375	-0.129150390625	-0.335205078125	0.21220422	-0.08034428	0.43892768	-0.86940026	-2.9446867	11.114777	-26.825392	Triplo salto in lungo	2	Petto
130	395779703	0.9998542601558548	-0.01501712575241293	0.006867117401814394	-0.004334406639234706	-0.1281386619746141	0.12227011188190581	-0.3189882266865831	-0.739501953125	-0.15283203125	-0.32958984375	0.20314789	-0.07875431	0.45676944	-0.86249095	2.8488233	13.614458	-26.717325	Triplo salto in lungo	2	Petto
131	395796370	0.9996582232351737	-0.022617516641009305	0.012863846259665997	-0.00253103115290676	-0.1429409745277565	0.04242164959274279	-0.28639401789100855	-0.762939453125	-0.200439453125	-0.330078125	0.19223933	-0.072462045	0.48199755	-0.8517462	2.970324	15.418263	-21.157852	Triplo salto in lungo	2	Petto
132	395813037	0.9995553029993953	-0.026009306861081605	0.014584207102887244	1.1447957558199939E-4	-0.07600534643728674	-0.06938519957048235	-0.2728947724021	-0.79443359375	-0.251708984375	-0.33349609375	0.18237565	-0.06382408	0.50997776	-0.83820534	-1.9158243	16.7598	-14.466136	Triplo salto in lungo	2	Petto
133	395829704	0.9995470536427677	-0.02655688423516711	0.013136686630214167	0.005277017923176864	-0.03527076827242547	-0.12580721283001978	-0.25397029608532573	-0.822509765625	-0.306884765625	-0.343017578125	0.17737296	-0.05378961	0.53778404	-0.82245594	-4.2848363	16.59003	-10.085245	Triplo salto in lungo	2	Petto
134	395846371	0.9995960587753192	-0.02455207589476749	0.012081264167081303	0.007678405188007942	-0.03934561894355365	-0.11219846301974384	-0.18805442488649263	-0.855224609375	-0.36083984375	-0.352783203125	0.17484564	-0.042977154	0.56318736	-0.8064751	-2.498646	12.999291	-8.089052	Triplo salto in lungo	2	Petto
135	395863038	0.9996731039430068	-0.022182877364149645	0.00989230897664853	0.007984198639301112	-0.03578892904079288	-0.07783422352423752	-0.162950691499167	-0.87841796875	-0.40380859375	-0.36279296875	0.17378588	-0.03333798	0.58559513	-0.79105335	-1.6637313	10.862559	-8.694459	Triplo salto in lungo	2	Petto
136	395879705	0.9997290953218195	-0.019449629897375864	0.010803762135688013	0.00683568486596714	-0.019614463338574684	-0.05194905255747511	-0.15132436892090784	-0.9033203125	-0.44189453125	-0.373779296875	0.17129861	-0.023182353	0.6053056	-0.77699727	-1.9401721	9.468743	-9.487559	Triplo salto in lungo	2	Petto
137	395896372	0.9997304532630147	-0.018347697568576293	0.012363138617412534	0.007038154302497602	-0.009633954695557747	-0.0053135567413266915	-0.14177459243348997	-0.930419921875	-0.476806640625	-0.386962890625	0.16798034	-0.011552649	0.6238196	-0.763216	-1.5903083	8.183521	-11.630002	Triplo salto in lungo	2	Petto
138	395913039	0.9997109629970331	-0.019064929812130815	0.013021486756408964	0.006705206742216974	0.009936998191512676	0.03579636053809229	-0.14355971958525948	-0.958984375	-0.510498046875	-0.40283203125	0.16391264	2.0177569E-4	0.6423705	-0.7486607	-1.9889568	7.674435	-13.8490505	Triplo salto in lungo	2	Petto
139	395929706	0.9996739352089651	-0.0216411252033194	0.012293068193771963	0.005706613543898121	0.03392974186976443	0.04794980781524635	-0.15646770454277298	-0.9912109375	-0.548095703125	-0.426025390625	0.1594806	0.010282474	0.6620973	-0.73218	-3.1836076	8.209374	-14.610849	Triplo salto in lungo	2	Petto
140	395946373	0.9996493471567686	-0.022253269859307145	0.013897577677561087	0.0035821842933400627	0.030611305224963137	0.0391550488900419	-0.14526541510967622	-1.019775390625	-0.587158203125	-0.453369140625	0.15233362	0.019935671	0.68190974	-0.7151198	-2.8639853	7.924913	-13.535942	Triplo salto in lungo	2	Petto
141	395963040	0.999643588706183	-0.023677852108308917	0.012317720538805393	5.732703451734046E-4	-0.02215424560850987	0.025920414147015063	-0.13026191394161737	-1.046142578125	-0.62939453125	-0.482177734375	0.14404026	0.026105259	0.7019064	-0.69706416	0.25532225	7.893234	-11.515502	Triplo salto in lungo	2	Petto
142	395979707	0.9996448208769863	-0.024459316469727377	0.009852240294672578	-0.0038609963517036716	-0.07032009419487187	0.0024143218155337764	-0.11501242274062129	-1.0634765625	-0.676513671875	-0.50732421875	0.13435638	0.027340984	0.72155577	-0.6786444	2.9372303	7.49457	-9.011314	Triplo salto in lungo	2	Petto
143	395996374	0.9997258769096309	-0.02162261533351023	0.006518200317752521	-0.006176294036567776	-0.06582284454666024	-0.031044449640424715	-0.1265751668167137	-1.0732421875	-0.715576171875	-0.534423828125	0.12543866	0.025099173	0.73830545	-0.6622239	2.2071676	7.8996344	-6.735507	Triplo salto in lungo	2	Petto
144	396013041	0.9997545325948867	-0.021369632452261367	0.0018904240794986873	-0.005535310437055074	-0.055098040197184506	-0.01747651389856844	-0.12481124541152805	-1.071044921875	-0.7548828125	-0.56005859375	0.120380424	0.020344684	0.7538069	-0.64565474	1.8557543	7.6576986	-7.3597603	Triplo salto in lungo	2	Petto
145	396029708	0.9997745160441427	-0.020779990224821465	-0.0022017516496661005	-0.003776422199609775	-0.06297734283797257	0.006276902081161405	-0.1208456860661957	-1.060791015625	-0.791748046875	-0.589599609375	0.11955634	0.014391593	0.7679562	-0.6290807	2.619849	7.618855	-8.370279	Triplo salto in lungo	2	Petto
146	396046375	0.9997925572143959	-0.019456803426761538	-0.005879036605625166	-0.0013085364729693572	-0.08486373994539811	0.006996393551308863	-0.1252612019276985	-1.05517578125	-0.821044921875	-0.61572265625	0.123132646	0.008245927	0.7803875	-0.61299723	3.782515	8.017317	-7.809271	Triplo salto in lungo	2	Petto
147	396063042	0.9998607306396452	-0.01510307448189352	-0.00707898569448684	5.517494779489486E-4	-0.08912264487356406	0.0023033230704914837	-0.1364836816453599	-1.04052734375	-0.846923828125	-0.633544921875	0.12880412	0.0034610329	0.7896555	-0.5998683	3.7268507	8.608834	-7.0459085	Triplo salto in lungo	2	Petto
148	396079709	0.9999271317318218	-0.009727018650759645	-0.006637346585401855	0.0026574358025975298	-0.07817942123182162	-0.014712730724400547	-0.1411731916974612	-1.035888671875	-0.862060546875	-0.64111328125	0.13542134	0.0013997837	0.7955409	-0.59057087	2.7151644	8.467018	-5.879223	Triplo salto in lungo	2	Petto
149	396096376	0.9999677517277782	-0.00509045463904878	-0.005387352693032588	0.00309179673025789	-0.05391277356083414	-0.0326636246824699	-0.13616398456001785	-1.031982421875	-0.870361328125	-0.6435546875	0.14132147	0.0011176758	0.79874444	-0.58483696	1.058872	7.579141	-5.0724053	Triplo salto in lungo	2	Petto
150	396113043	0.9999515556006364	0.0012952519772771454	-0.008990108940171939	0.003792982392063382	-0.007058301721457608	-0.087765868601653	-0.11302034717943918	-1.02587890625	-0.870361328125	-0.642333984375	0.15050179	1.9493513E-4	0.7976151	-0.58408874	-1.9937613	4.723943	-2.9124465	Triplo salto in lungo	2	Petto
151	396129710	0.9998973451421695	0.002958494320503713	-0.012747015717536005	0.005836101377927173	0.027405678502415667	-0.09875917164053902	-0.1141210612019201	-1.01611328125	-0.860107421875	-0.63134765625	0.16382116	-0.0011420976	0.7947804	-0.58436763	-4.255078	4.1928606	-2.8117943	Triplo salto in lungo	2	Petto
152	396146377	0.9998691177709103	0.0034729889133122693	-0.01478561313620866	0.005574165427757738	0.038725968031707185	-0.08328578083691009	-0.14274348252813124	-1.003662109375	-0.8564453125	-0.625	0.17851761	-0.003933781	0.79108965	-0.5850584	-5.383357	5.9070134	-3.5011559	Triplo salto in lungo	2	Petto
153	396163044	0.9998674291030581	0.003940983818518928	-0.015488235352624335	0.0031156750544714122	0.012744449920196181	-0.07391388718386539	-0.2004933014222723	-0.981689453125	-0.847900390625	-0.61328125	0.19222918	-0.00912475	0.78678995	-0.5864525	-5.058423	9.540863	-2.8592792	Triplo salto in lungo	2	Petto
154	396179711	0.9998879679498223	0.0029156566698652076	-0.01467250899496156	-5.176631641590212E-4	-0.00678974259467597	-0.0620219487146428	-0.259094665445663	-0.961181640625	-0.84326171875	-0.599853515625	0.20306206	-0.016937308	0.7830943	-0.58757347	-5.263713	13.21149	-2.5032234	Triplo salto in lungo	2	Petto
155	396196378	0.9999294722657738	0.003284666938304426	-0.01141312016187332	4.632025573253485E-5	-0.013627357131277409	-0.0525584536368556	-0.3057862030442042	-0.93798828125	-0.84130859375	-0.591796875	0.21158563	-0.02229679	0.77983564	-0.5887197	-6.102292	15.981892	-2.4267545	Triplo salto in lungo	2	Petto
156	396213045	0.9999466359062396	0.005653113980520541	-0.006694424581940196	0.00547287142498637	-0.05847884053048517	-0.033125437588717485	-0.3458885136355311	-0.931884765625	-0.82861328125	-0.580810546875	0.21957207	-0.020109894	0.77636313	-0.59046096	-4.6050906	19.22556	-2.3208427	Triplo salto in lungo	2	Petto
157	396229712	0.9999127741132378	0.009325350638662022	-0.003060282912713569	0.00883836348705608	-0.09826689878021047	-0.03990962607139746	-0.36360890234644483	-0.93798828125	-0.8125	-0.57275390625	0.22668077	-0.012232322	0.77166563	-0.59413666	-3.1499531	20.76631	-1.1375475	Triplo salto in lungo	2	Petto
158	396246379	0.9998992042142305	0.012182078515715511	-0.0013430330357828426	0.007167610274709135	-0.12040054903751676	-0.05949565196036785	-0.3855276320775679	-0.93896484375	-0.793212890625	-0.555908203125	0.23137882	-0.003808064	0.7656876	-0.6001433	-2.8079178	22.070501	0.43404198	Triplo salto in lungo	2	Petto
159	396263046	0.9998470548097692	0.014797630876436763	-0.007171631075084562	0.005955234369680374	-0.15390283810288843	-0.16948169295595716	-0.3980939479122591	-0.939697265625	-0.770751953125	-0.53662109375	0.23967977	9.77271E-4	0.7568028	-0.6081136	-3.0490742	21.599123	7.019766	Triplo salto in lungo	2	Petto
160	396279713	0.999650651420759	0.018905601198103306	-0.017898530905713087	0.004560257537426726	-0.1969202703712563	-0.18190540920053275	-0.41385812648385883	-0.91748046875	-0.73876953125	-0.510009765625	0.2550733	-6.691818E-4	0.742672	-0.6191733	-1.668837	23.350925	8.278023	Triplo salto in lungo	2	Petto
161	396296380	0.9995436982048601	0.020585366825367657	-0.021794493337124465	-0.0036929814235555085	-0.18973523537405232	-0.12787256301983785	-0.43352011780971533	-0.8798828125	-0.70263671875	-0.479736328125	0.2680551	-0.01022821	0.7261217	-0.6330793	-2.3350313	25.64709	4.3924217	Triplo salto in lungo	2	Petto
162	396313047	0.9993385175119279	0.019161580803037648	-0.024364054227164648	-0.019019834379057576	-0.13223824494746927	-0.06983212735701053	-0.37594748675299683	-0.818359375	-0.671142578125	-0.454345703125	0.27294794	-0.03276058	0.70908034	-0.6493315	-3.5917776	22.547695	-1.5673962	Triplo salto in lungo	2	Petto
163	396329714	0.9993635744870071	0.020137393340990073	-0.025661049883670965	-0.014437516990482126	-0.0996996782812239	-0.04075220988609542	-0.2953979520625186	-0.753662109375	-0.635986328125	-0.433837890625	0.28152323	-0.05255561	0.6904911	-0.66423255	-3.2505202	17.999678	-5.1965313	Triplo salto in lungo	2	Petto
164	396346381	0.9989476218632309	0.023741366654119356	-0.026418872175200784	-0.029017916468631166	-0.12738297381937103	0.03848551865634024	-0.21816782141448995	-0.68017578125	-0.590087890625	-0.427490234375	0.28080064	-0.081888095	0.6675009	-0.68475413	1.1130486	15.291861	-9.996795	Triplo salto in lungo	2	Petto
165	396363048	0.9987158775946893	0.02399514232828287	-0.010704658722591465	-0.04331557764301303	0.04525750608250418	-0.06688330443937512	-0.35070819861879143	-0.599609375	-0.535400390625	-0.402587890625	0.25936902	-0.10984361	0.64612323	-0.70935655	-13.569328	16.749596	-8.572835	Triplo salto in lungo	2	Petto
166	396379715	0.9978102271266105	0.04936915306400763	0.018720062404107122	-0.03983712628780889	-0.2655758440061815	-0.18417463961917765	-0.10562767076009857	-0.616455078125	-0.44189453125	-0.365478515625	0.22324137	-0.108270824	0.61271596	-0.75034666	7.8297286	13.819784	2.9902058	Triplo salto in lungo	2	Petto
167	396396382	0.99728344370256	0.054297809227453975	0.0014910533300781517	-0.04975196066316196	-0.021656996159715003	-0.05029588647093783	-0.21697174376408185	-0.59423828125	-0.309814453125	-0.3369140625	0.18973725	-0.1241411	0.567807	-0.791318	-5.124343	12.408409	-9.611384	Triplo salto in lungo	2	Petto
168	396413049	0.9980287058321318	0.04432811092597316	-0.004498023274548708	-0.044198288466821	0.017387509480071582	-0.12397645331757481	-0.19633204264416382	-0.575439453125	-0.19287109375	-0.3330078125	0.16195616	-0.14330865	0.5277973	-0.82137877	-6.952073	11.670012	-6.550876	Triplo salto in lungo	2	Petto
169	396429716	0.9989705499859278	0.029290923238018407	0.004277829526456167	-0.034374150916348135	0.04517360854161716	-0.17011383330704957	-0.17457694522396328	-0.57861328125	-0.112060546875	-0.33642578125	0.13502981	-0.15246907	0.5014177	-0.8408928	-7.864138	11.433586	-4.4582243	Triplo salto in lungo	2	Petto
170	396446383	0.9992162531591011	0.018239202696519685	0.019614535483466814	-0.029145855716552538	0.04387833193941583	-0.29162083297224617	-0.0998890609166313	-0.61083984375	-0.05810546875	-0.332275390625	0.102894075	-0.14768648	0.4862525	-0.85507905	-6.0348024	11.809205	3.34517	Triplo salto in lungo	2	Petto
171	396463050	0.9992114242074603	0.023217508858971947	0.026641352370060937	-0.018102910251579122	0.029914419873215775	-0.36004322816610845	-0.022053872889867238	-0.668701171875	-0.00732421875	-0.331298828125	0.077310264	-0.13104269	0.46837106	-0.87033314	-2.8141139	11.330243	8.498646	Triplo salto in lungo	2	Petto
172	396479717	0.9989861729992162	0.031174848541835887	0.030653806312651913	-0.01072842641396457	0.07854586482890426	-0.41621069901428487	-0.07178946483307168	-0.730712890625	0.056640625	-0.34228515625	0.057105936	-0.10675973	0.4439512	-0.8878338	-6.05005	15.845686	9.596241	Triplo salto in lungo	2	Petto
173	396496384	0.9994847117095486	0.01598785274621567	0.027798794269350446	-0.0013880420080948088	0.0974099727753663	-0.4391831109339156	-0.03637732641056554	-0.7958984375	0.108642578125	-0.35205078125	0.044632517	-0.081717096	0.43321297	-0.89646924	-6.334107	16.248802	10.902992	Triplo salto in lungo	2	Petto
174	396513051	0.9998899486508658	-0.005125280194219983	0.011632313662750972	0.007649272432792453	0.10393249916058145	-0.43870891444312315	-0.12488755300635013	-0.828369140625	0.103759765625	-0.349365234375	0.04540199	-0.06820978	0.44116807	-0.8936761	-7.7175026	21.089619	7.024725	Triplo salto in lungo	2	Petto
175	396529718	0.9991411861940335	0.04118389020828933	-0.0011678879249840681	0.004406049918676381	0.04167193587086321	-0.37165528306087975	-0.3292413096309569	-0.821533203125	0.15625	-0.368408203125	0.05195818	-0.06543673	0.4066653	-0.9097482	-6.0936623	28.60435	-3.6165109	Triplo salto in lungo	2	Petto
176	396546385	0.9983285742089599	0.057411396165843065	5.333981207870654E-4	-0.006610975316735435	-0.026821712804596894	-0.21244993387551558	-0.2630386989563134	-0.82275390625	0.26953125	-0.414794921875	0.04868178	-0.06460547	0.35610715	-0.93093723	-1.4600409	20.27739	-10.729287	Triplo salto in lungo	2	Petto
177	396563052	0.9972936929957819	0.07005221088919786	0.0089251922857706	-0.020452838507956875	-0.08007256868533827	0.12049179311209393	-0.35162870477183794	-0.8388671875	0.39453125	-0.489013671875	0.030147718	-0.060072944	0.29192957	-0.95407534	1.7878221	9.26746	-30.581274	Triplo salto in lungo	2	Petto
178	396579719	0.9956044921295808	0.07948891411747513	0.02722764769290781	-0.041374665979740766	0.0028838975246971155	0.45911312816056676	-0.28886265791256527	-0.918212890625	0.515380859375	-0.587158203125	-0.013333457	-0.043667357	0.21591504	-0.9753442	-1.8859073	-13.059955	-39.563393	Triplo salto in lungo	2	Petto
179	396596386	0.9954276792873852	0.07560463937774986	0.030197266461469783	-0.04995797144947079	-0.1016370777041802	0.40671799725901137	-0.20600593470821016	-1.039794921875	0.615234375	-0.728515625	-0.06570563	-0.026180025	0.14076652	-0.9875133	3.9637341	-16.851555	-31.852566	Triplo salto in lungo	2	Petto
180	396613053	0.9985268824444368	0.04501859609580866	0.020676851901543173	-0.022132754839782554	-0.29184230432442543	0.24342562812383184	0.11633763601055563	-1.120361328125	0.65478515625	-0.82666015625	-0.08952615	-0.012102475	0.095733486	-0.9912991	15.55451	-18.021124	-8.422882	Triplo salto in lungo	2	Petto
181	396629720	0.9998414638928146	0.016654056788708044	0.006292790487337996	-3.004347426185939E-4	-0.17343768276752475	0.07346649885062813	0.1684145722899677	-1.140625	0.67578125	-0.88232421875	-0.09054033	-0.0073189433	0.07972673	-0.9926696	9.507746	-8.043713	-1.1678	Triplo salto in lungo	2	Petto
182	396646387	0.999942143718253	0.001507690008913154	-0.004024397531304653	0.009861050222561951	-0.056038320336923006	-0.06543328405789255	0.019517001230023222	-1.1240234375	0.685791015625	-0.880615234375	-0.0807367	-0.010389743	0.07950303	-0.99350536	4.018546	3.0197904	-8.1312895	Triplo salto in lungo	2	Petto
183	396663054	0.9999099681817846	-0.004203908262439562	-0.009031057752179801	0.00899014359731304	-0.008863808276100905	-0.09014815278771209	-0.0101222426052588	-1.100830078125	0.69140625	-0.870849609375	-0.07145738	-0.017955773	0.08533043	-0.99362487	1.3999608	5.2812915	-9.5761385	Triplo salto in lungo	2	Petto
184	396679721	0.9999484733735751	-0.005925659353570867	-0.007032072856503092	0.004299663989540459	0.04108205918092804	-0.006510230314096201	-0.028026635914057588	-1.080078125	0.693359375	-0.855712890625	-0.067027055	-0.023786662	0.092663	-0.9931542	-2.419342	1.0168656	-11.285758	Triplo salto in lungo	2	Petto
185	396696388	0.9999577514380116	0.0015575977988248335	-0.008981599687777286	-0.0011832561775058095	0.10124181369990265	0.1138314716279095	0.0014583757245317241	-1.07275390625	0.692626953125	-0.850341796875	-0.067620434	-0.03263248	0.09248623	-0.9928792	-6.9523783	-5.8803606	-10.61069	Triplo salto in lungo	2	Petto
186	396713055	0.9998867577569567	0.003959357989478579	-0.01416005383693303	-0.0032074946495960766	0.06230947919507666	0.15364136764985367	0.00677633113467311	-1.06591796875	0.6953125	-0.845703125	-0.06952838	-0.04713773	0.089975186	-0.9923953	-4.9716005	-8.570571	-10.785794	Triplo salto in lungo	2	Petto
187	396729722	0.9999214671511503	-0.0051547182087297305	-0.011422053522221033	-1.5844183462720987E-4	0.001334406306527603	0.1665545326928656	0.010860231730933818	-1.0517578125	0.68896484375	-0.841796875	-0.0689625	-0.058123082	0.09619628	-0.991268	-1.4907737	-9.8445015	-10.889262	Triplo salto in lungo	2	Petto
188	396746389	0.9996969416931949	-0.02287067023422394	-0.008839013714117995	0.0021975096977464026	-0.011595100028379896	0.1909726163319004	0.021352024159790817	-1.036376953125	0.669921875	-0.801025390625	-0.06724508	-0.06510795	0.11966148	-0.9883929	-0.87867546	-11.478816	-10.747245	Triplo salto in lungo	2	Petto
189	396763056	0.9994294111211759	-0.03344168674692699	-0.0028874565168013344	0.0037640893139579417	0.012157227018101006	0.20539306849168085	-0.033921759740443994	-1.027099609375	0.637451171875	-0.750732421875	-0.06525898	-0.06528015	0.15292482	-0.9839176	-2.774549	-11.277523	-14.468288	Triplo salto in lungo	2	Petto
190	396779723	0.9992581602618454	-0.038344003606246596	0.0014424824595340449	0.0032841714191181315	0.014474456757630112	0.21359303523474624	-0.005898830955476435	-1.023681640625	0.593505859375	-0.692138671875	-0.0645843	-0.060931265	0.1902792	-0.9777066	-2.7895527	-11.90786	-13.753622	Triplo salto in lungo	2	Petto
191	396796390	0.9991465734611633	-0.04085634356093715	0.005362179043172433	0.002851485149156286	-0.003554065984667523	0.15399889454150206	-0.02492818507429507	-1.02685546875	0.5390625	-0.63525390625	-0.065088466	-0.052642442	0.22931433	-0.96974605	-1.3102726	-7.9537086	-14.574148	Triplo salto in lungo	2	Petto
192	396813057	0.9988685889590531	-0.046670365481092324	0.007632009629234771	0.005017111303411426	-0.017464293410443046	0.07907956902845717	-0.0037366069565719813	-1.03466796875	0.470458984375	-0.577880859375	-0.064178646	-0.041204575	0.27342921	-0.9588638	0.30460992	-4.2144437	-12.222149	Triplo salto in lungo	2	Petto
193	396829724	0.998467673640671	-0.05442872023123835	-0.0027230095584926395	0.009612716968706332	-0.03479292882168954	0.010771522415703078	-0.04058043555727003	-1.028564453125	0.385009765625	-0.51513671875	-0.056214694	-0.03782386	0.32514203	-0.9432348	1.8606089	0.5325368	-12.450731	Triplo salto in lungo	2	Petto
194	396846391	0.9989418082214795	-0.04379544221259846	-0.0033467676881759893	0.013638994634693452	-0.05692215774567228	-0.02731433813360241	-0.03778450972548987	-1.008056640625	0.31298828125	-0.46533203125	-0.043743454	-0.034186184	0.3662954	-0.92884094	3.5176265	2.4045503	-10.968049	Triplo salto in lungo	2	Petto
195	396863058	0.9987818498385308	-0.047443685885580456	5.008902721719278E-4	0.013552203202734732	-0.06354414797425569	-0.07909940059677072	2.2822078369695575E-4	-0.993408203125	0.234130859375	-0.42529296875	-0.03284395	-0.026682623	0.40998104	-0.9111119	4.293428	3.235081	-6.956028	Triplo salto in lungo	2	Petto
196	396879725	0.9990225693012499	-0.04197668899023932	-0.0037149782009624492	0.013344007835448451	-0.04502811489241762	-0.1525029751705483	-0.02262551980199631	-0.982177734375	0.156982421875	-0.388671875	-0.020220622	-0.02313107	0.44805583	-0.8934777	3.4084835	6.97317	-4.10036	Triplo salto in lungo	2	Petto
197	396896392	0.9992053259041169	-0.03619058150931792	-0.010440874701999059	0.013036358016023266	-0.008314165660989626	-0.195566450705176	-0.055783382969258825	-0.95654296875	0.09228515625	-0.36083984375	-0.004728171	-0.025716707	0.4804663	-0.87662345	1.0851773	9.690364	-2.4622483	Triplo salto in lungo	2	Petto
198	396913059	0.9994768965851123	-0.02845562148358527	-0.010469050689392469	0.011252100969973644	0.0020190050168208303	-0.20195665348700031	-0.04863605845019599	-0.9287109375	0.0341796875	-0.343994140625	0.009381143	-0.029138392	0.50559455	-0.86222816	0.1597572	8.97903	-1.168951	Triplo salto in lungo	2	Petto
199	396929726	0.9997219644516576	-0.02050195002522648	-0.00823508617588742	0.00823694080089696	-0.006600078408565916	-0.18244418126381606	-0.07844107120383129	-0.9072265625	-0.010498046875	-0.337646484375	0.019947954	-0.03202173	0.52352846	-0.85117257	0.2597352	9.463829	-2.5673456	Triplo salto in lungo	2	Petto
200	396946393	0.9998726608580677	-0.013720281814296853	-0.005364908085359611	0.006134630940760832	5.788590424177977E-4	-0.14344408519251822	-0.14976718788227247	-0.892578125	-0.040283203125	-0.33251953125	0.02740903	-0.033378277	0.5355885	-0.8433739	-0.71317995	11.874181	-6.163535	Triplo salto in lungo	2	Petto
201	396963060	0.999988440666962	-0.002757529842520312	-0.001792621259144589	0.0035072882183413705	0.01905725681466278	-0.09950240668277689	-0.14899898740864162	-0.88427734375	-0.0517578125	-0.331298828125	0.031061597	-0.032790814	0.5384812	-0.84142613	-1.9637222	10.5013275	-8.158161	Triplo salto in lungo	2	Petto
202	396979727	0.9999652399333482	0.00829823470403973	-5.314832178778818E-4	6.129856662462907E-4	0.02968066793667832	-0.09705871570056078	-0.11910452286287236	-0.88330078125	-0.03662109375	-0.33203125	0.031926945	-0.032364074	0.5320986	-0.8454611	-2.502211	8.738334	-7.461322	Triplo salto in lungo	2	Petto
203	396996394	0.9998923608472968	0.01464493090384722	-6.602534070869194E-4	-5.973135516690876E-4	0.03353699575066855	-0.10356194830246052	-0.05903237700656195	-0.880615234375	-0.01025390625	-0.334228515625	0.032010008	-0.03251253	0.5203075	-0.8527595	-2.4369366	5.6794734	-5.687896	Triplo salto in lungo	2	Petto
204	397013061	0.9997441564750118	0.022442855776947324	2.59719521552293E-4	-0.0028057734071658402	0.04126766675217507	-0.1276655313565065	-0.022833027489871052	-0.878173828125	0.031982421875	-0.340576171875	0.029958649	-0.032809403	0.50166523	-0.86392033	-2.7446191	4.482439	-3.564044	Triplo salto in lungo	2	Petto
205	397029728	0.9996464489550249	0.026459792506694724	-0.00113456646615534	-0.0023599218303634877	0.01456369550930365	-0.1358898228969228	-0.22258436682432423	-0.8798828125	0.086181640625	-0.355712890625	0.02909873	-0.03400315	0.47923532	-0.8765448	-2.1762984	15.51084	-9.287739	Triplo salto in lungo	2	Petto
206	397046395	0.9995427901877116	0.029948291113986836	0.004149221800549386	-3.072483786479563E-4	-0.07551117192455715	-0.00928558531092391	-0.6362494772916998	-0.880126953125	0.14501953125	-0.37646484375	0.02755148	-0.029447258	0.4537717	-0.8902051	1.1766807	32.711147	-29.979218	Triplo salto in lungo	2	Petto
207	397063062	0.9998485589981149	0.017208556385523655	0.0025518780273212087	-4.6105862240952705E-4	-0.15292292753752995	0.07558709115357573	-0.6912372970481554	-0.889404296875	0.1884765625	-0.393310546875	0.026083145	-0.026579896	0.43976676	-0.8973399	6.0626054	31.546698	-37.970917	Triplo salto in lungo	2	Petto
208	397079729	0.9998821991661112	-0.012034487865663468	-0.004522380852498232	0.008384924804504423	-0.2675387108599509	0.05847995354983851	-0.255212860562928	-0.8837890625	0.186767578125	-0.389404296875	0.0347928	-0.026695909	0.4522977	-0.8907884	15.024653	11.0701685	-22.308155	Triplo salto in lungo	2	Petto
209	397096396	0.9989705613094244	-0.03531945702198702	-0.028411716692145816	-0.001768600410106236	-0.0893995621987913	-0.1296293385574121	-0.057201259148794696	-0.846923828125	0.14013671875	-0.362548828125	0.044698738	-0.053139146	0.48393714	-0.8723436	4.7855797	7.7754946	-5.6074886	Triplo salto in lungo	2	Petto
210	397113063	0.9969121469739417	-0.06653135431879065	-0.041658973574765897	0.002068823097961775	0.0955961941145968	-0.7776628472670049	-0.31719857748663427	-0.751220703125	-0.001220703125	-0.3330078125	0.062739104	-0.09033777	0.54031485	-0.83424395	-9.478961	39.761658	20.208296	Triplo salto in lungo	2	Petto
211	397129730	0.9998673060636682	-0.0072008977674010155	0.014477310308237958	0.0019811164945859054	0.10209409496622546	-0.6374348441482913	-0.4317538599765951	-0.744140625	-0.055908203125	-0.32958984375	0.05554808	-0.07676987	0.54932433	-0.8302191	-11.86768	37.33981	15.411768	Triplo salto in lungo	2	Petto
213	397163064	0.9995003351821972	0.012448652480871014	0.02689373896958558	0.010992625997543417	0.05649831079769077	-0.1334114341887706	-0.731273270123415	-0.8203125	-0.015869140625	-0.337646484375	0.049608245	-0.046239566	0.5458321	-0.8351459	-2.7724361	18.485975	-20.559078	Triplo salto in lungo	2	Petto
215	397196398	0.9998343834608969	-0.015036530167363338	-0.006707628756030704	-0.007753458993589203	-0.22461058760716884	0.19044189929035005	-0.672043177539357	-0.805419921875	-0.04541015625	-0.330810546875	0.0448792	-0.05541264	0.56254524	-0.8236858	4.2054367	18.571218	-20.778887	Triplo salto in lungo	2	Petto
216	397213065	0.999859846561987	-0.014813513625314079	0.003067217304242809	-0.007172114410746833	-0.061451461423017203	-0.12437268474372663	-0.32992539924447684	-0.8134765625	-0.072998046875	-0.32421875	0.035846815	-0.056744464	0.5768961	-0.8140554	0.7951707	21.458288	-10.030953	Triplo salto in lungo	2	Petto
217	397229732	0.9996960871017457	-0.02447062242836462	-0.002923534688172247	-6.123857886863872E-4	-0.019619501664745506	-0.18923376862051572	-0.2888737437925827	-0.8125	-0.121826171875	-0.325439453125	0.035079554	-0.059443668	0.5990271	-0.7977484	-1.033961	20.093708	-4.7271657	Triplo salto in lungo	2	Petto
218	397246399	0.9996561871908143	-0.025414442769501056	-0.005827358693132279	0.00276683944257311	-0.020914520665319042	-0.21000108358135744	-0.2480430026033504	-0.80419921875	-0.175537109375	-0.32373046875	0.038712554	-0.062379926	0.62158686	-0.7798975	-0.5705379	17.799585	-1.7716532	Triplo salto in lungo	2	Petto
219	397263066	0.9997150651956042	-0.02263573446295264	-0.005915499380812706	0.004734850931883972	-0.028161628790494195	-0.18629932463169924	-0.21983939564015764	-0.79150390625	-0.228271484375	-0.32666015625	0.044135403	-0.06395112	0.64163446	-0.7630647	-0.027322615	15.415748	-1.8035879	Triplo salto in lungo	2	Petto
220	397279733	0.9998031633492909	-0.018494412885615152	-0.004133192638127837	0.005874348251824646	-0.022441649817706348	-0.13579824514397046	-0.2144673410147598	-0.77880859375	-0.263671875	-0.3271484375	0.049570523	-0.06315708	0.6582548	-0.7485016	-0.50943595	14.10127	-3.9248257	Triplo salto in lungo	2	Petto
221	397296400	0.9998567403848876	-0.01475198957494378	-0.006031285453995561	0.005700974150148975	-0.022882976530032517	-0.08418261304607363	-0.20124341962190972	-0.770751953125	-0.2978515625	-0.330078125	0.056385957	-0.063659765	0.6716167	-0.7360023	-0.50693786	12.667317	-6.282767	Triplo salto in lungo	2	Petto
222	397313067	0.9998703236720483	-0.013529811783526857	-0.006927711375320029	0.00531853815966965	-0.03315359250072192	-0.050993192537946694	-0.20146704858471284	-0.7587890625	-0.328125	-0.334716796875	0.063626386	-0.06496686	0.68368024	-0.7240942	-0.05839924	12.468142	-7.814185	Triplo salto in lungo	2	Petto
223	397329734	0.9998894053395729	-0.012868938641623362	-0.005199174826021031	0.005341918105121858	-0.03055889346077973	-0.035383194258572906	-0.19570534003369794	-0.7509765625	-0.35546875	-0.33935546875	0.06977448	-0.06492748	0.69507444	-0.71259207	-0.30970886	11.9740505	-8.305257	Triplo salto in lungo	2	Petto
224	397346401	0.9999116442369702	-0.011449816694968418	-0.004356912300971961	0.005159722102204611	-0.014907505488373426	-0.033896273619455665	-0.18545557595043038	-0.74267578125	-0.38232421875	-0.3515625	0.075316414	-0.0642909	0.70523065	-0.70202833	-1.2313646	11.132601	-7.99795	Triplo salto in lungo	2	Petto
225	397363068	0.9999374320566933	-0.008756909776734212	-0.005078558612020834	0.004759910235738741	-0.0011879476378068299	-0.037427282630866844	-0.17314899058227654	-0.736083984375	-0.3984375	-0.349853515625	0.08127457	-0.06424663	0.71318007	-0.6932829	-1.9901638	10.177132	-7.483347	Triplo salto in lungo	2	Petto
226	397379735	0.999960748385637	-0.005999318170448076	-0.004161252691538748	0.005019347125242379	-0.006323843990210458	-0.04486217807437683	-0.1763305144170775	-0.727783203125	-0.411376953125	-0.353271484375	0.08694175	-0.06318183	0.7191156	-0.68652886	-1.8392814	10.335403	-6.791752	Triplo salto in lungo	2	Petto
227	397396402	0.9999782836242586	-0.003115039127330077	1.5120992993841734E-4	0.0058056822746677126	-0.015602021636471869	-0.05205431010918265	-0.18901776621512595	-0.727783203125	-0.423583984375	-0.35791015625	0.090222225	-0.058365233	0.72335166	-0.68206733	-1.56135	11.100943	-6.128005	Triplo salto in lungo	2	Petto
228	397413069	0.999982564195951	7.737880160054167E-4	0.0026379207006609344	0.005226273105574941	-0.01536325923782066	-0.05385804463586745	-0.16575421532642348	-0.736328125	-0.423095703125	-0.357421875	0.09151647	-0.051949747	0.72502387	-0.68063676	-1.3023179	9.681055	-5.9696064	Triplo salto in lungo	2	Petto
229	397429736	0.999976988002066	0.004142983620244178	0.0027336928249738213	0.004624508252458138	-0.017400518366259686	-0.06784840778162674	-0.15526815030495528	-0.744384765625	-0.419677734375	-0.356201171875	0.09248365	-0.045632645	0.7242818	-0.6817481	-1.0633237	9.01829	-5.124495	Triplo salto in lungo	2	Petto
230	397446403	0.9999565384456921	0.007220511639898897	0.002849767395174813	0.005163744490241373	-0.018685303037806005	-0.07142551269412103	-0.15573975354834232	-0.752197265625	-0.40673828125	-0.35498046875	0.093848474	-0.03859343	0.721371	-0.6850744	-0.9824285	9.061774	-4.9282193	Triplo salto in lungo	2	Petto
231	397463070	0.9999371634960069	0.009508695142105672	0.0020807661315145336	0.0055609521271377535	-0.020733050420474002	-0.06482404801556887	-0.15310838980158456	-0.755859375	-0.39013671875	-0.350341796875	0.09609634	-0.03160526	0.7167173	-0.6899878	-0.7849823	8.999498	-5.3995533	Triplo salto in lungo	2	Petto
232	397479737	0.9999115706267927	0.011958625553471547	0.0013541077026055506	0.005657613795791883	-0.025418056742462114	-0.061236765065400704	-0.1567366465844292	-0.76416015625	-0.36376953125	-0.34228515625	0.09897287	-0.024830915	0.7101689	-0.6965974	-0.5217309	9.331477	-5.7013917	Triplo salto in lungo	2	Petto
233	397496404	0.9998687969543862	0.015092472319628736	0.001253626638846983	0.005747571358398208	-0.028680528014069465	-0.0574636068492656	-0.16192856527055186	-0.767822265625	-0.3369140625	-0.33544921875	0.10201664	-0.017761024	0.7012618	-0.7053434	-0.36069232	9.751942	-6.0694304	Triplo salto in lungo	2	Petto
234	397513071	0.9998551043388431	0.01630556710864356	-2.1330078112904996E-4	0.004883985217377873	-0.026042583841644592	-0.06005701791012123	-0.1571956618082559	-0.76904296875	-0.303466796875	-0.33251953125	0.105453685	-0.01221359	0.69114286	-0.7148791	-0.4756901	9.531003	-6.164727	Triplo salto in lungo	2	Petto
235	397529738	0.9998414410058654	0.01723176119779457	-9.879919884885904E-4	0.004379854468762435	-0.02488272106106531	-0.0693240518936108	-0.1593368346823485	-0.770263671875	-0.269287109375	-0.330078125	0.10902592	-0.0074760355	0.6800726	-0.7249545	-0.6489531	9.752345	-5.890188	Triplo salto in lungo	2	Petto
236	397546405	0.9998131840468032	0.018829594211616618	-5.563767219720629E-4	0.004328259807623525	-0.014506539951365652	-0.07468506052915067	-0.14659027446340386	-0.770263671875	-0.232177734375	-0.32958984375	0.11222062	-0.0022943583	0.66767263	-0.7359448	-1.2038059	9.021633	-5.8937864	Triplo salto in lungo	2	Petto
