2	425716429	0.9994599535878694	-0.02886748451523702	-0.001554210239614662	0.015622225911424537	-0.06630231123903957	0.09044913715872059	-0.01547802489576696	-0.73828125	0.702392578125	-1.919677734375	0.15516284	-0.62184584	0.7620462	-0.09229276	-4.6704583	4.8583984	-10.657221	Triplo salto in lungo	3	Petto
3	425733096	0.9997642436830746	-0.019720982248121466	-0.009066053540851328	-5.887148489976958E-4	-0.0463704876233916	0.06557570355575251	-0.1679910984156127	-0.739013671875	0.7236328125	-1.88720703125	0.15110855	-0.62642026	0.7617604	-0.066971295	-6.6381507	2.9221704	-1.3143721	Triplo salto in lungo	3	Petto
4	425749763	0.9994046211343284	-0.02572268855256027	-0.01751651391113374	-0.014896922144473912	-0.04875327988021349	0.06839833735242434	-0.12588228714826497	-0.771484375	0.743408203125	-1.837890625	0.14699459	-0.6426973	0.75107753	-0.03486269	-5.6827655	2.9948537	-3.395607	Triplo salto in lungo	3	Petto
5	425766430	0.9995402745230257	-0.02570084752249957	0.002146000539079318	-0.015940537153622373	0.03724012002097859	0.10240858536603804	-0.15467072870004842	-0.809814453125	0.757568359375	-1.790283203125	0.12826064	-0.6583183	0.7415659	-0.015702492	-8.591983	-2.44371	-2.8085308	Triplo salto in lungo	3	Petto
6	425783097	0.9996139995039484	-0.009212018528426458	0.02544410733944966	-0.00629190845854416	0.05446015440199822	0.13000114133066965	0.1863181494406327	-0.80712890625	0.76953125	-1.7734375	0.09926436	-0.66339594	0.7412082	-0.025749516	-5.6389384	-0.5856768	-22.632719	Triplo salto in lungo	3	Petto
7	425799764	0.9998403582634159	0.01094361256891574	0.01154991053025223	-0.008129876897521428	0.057826464685955294	0.12766681136344882	0.24231327523892848	-0.80810546875	0.769775390625	-1.780029296875	0.09534557	-0.66795546	0.7369114	-0.041310158	-5.278718	-1.182911	-25.712353	Triplo salto in lungo	3	Petto
8	425816431	0.9995968663620107	0.02679999418743262	0.006557116228229632	-0.00669845486447912	0.0322085076486972	0.16640926121936894	0.16480954276655768	-0.81591796875	0.751220703125	-1.826904296875	0.1056035	-0.6698372	0.7320409	-0.06544115	-8.037884	-0.2406041	-21.497707	Triplo salto in lungo	3	Petto
9	425833098	0.9995355248971706	0.029724114187341055	5.52593623109443E-4	-0.006701204712840082	-0.03587020467960552	0.16831973506012837	0.08843848428194123	-0.826904296875	0.72314453125	-1.879638671875	0.121932685	-0.6714855	0.7257803	-0.08650253	-8.349675	3.3295903	-17.159851	Triplo salto in lungo	3	Petto
10	425849765	0.9997486627345054	0.021735640024012792	-5.646367921441077E-4	-0.00546392703169607	-0.03629789080540163	0.2409826439025955	0.010807419465836576	-0.837158203125	0.69580078125	-1.928466796875	0.13577689	-0.67299426	0.72019356	-0.09982422	-13.471847	3.4010894	-14.412933	Triplo salto in lungo	3	Petto
12	425883099	0.999916574078104	0.011769632062840318	0.002571984655933585	0.0046589204696454445	0.016005063151380436	0.3853643655800875	0.14284029893731	-0.830078125	0.6806640625	-1.95556640625	0.13944313	-0.6685053	0.72319645	-0.10316665	-6.1232905	-0.6786864	-18.785206	Triplo salto in lungo	3	Petto
14	425916433	0.997826770375203	0.06551605979856256	-0.005887629978262699	0.003836410340703811	0.02619301780430012	-0.019633370285236845	0.23832377172402663	-0.826171875	0.62646484375	-2.036865234375	0.18542631	-0.65608066	0.7170974	-0.14473005	5.5268316	-0.56079644	-15.557184	Triplo salto in lungo	3	Petto
15	425933100	0.9989535541390167	0.04511471288858976	-0.0025955017719717648	-0.007051434219967624	0.0015197853663843958	-0.08170756054104004	-0.07360478172444719	-0.841064453125	0.556396484375	-2.114501953125	0.21597356	-0.6523267	0.7045419	-0.17733076	2.3179948	-0.7227828	-3.67654	Triplo salto in lungo	3	Petto
17	425966434	0.9985913833379809	0.04504673985338553	0.02334444799169097	-0.015526657711252114	0.08809067538221227	-0.13208768843320215	-0.14254512922669396	-0.83251953125	0.477294921875	-2.18994140625	0.22482762	-0.64850676	0.6904522	-0.22840193	4.83682	-4.393805	-6.3367453	Triplo salto in lungo	3	Petto
19	425999768	0.9973525482597088	0.06645166692726118	0.028025695456977476	-0.009307568780649813	0.07794766771044614	-0.33215982254299325	-0.01304708054251627	-0.802978515625	0.37939453125	-2.259521484375	0.24420094	-0.63150704	0.6727579	-0.29826415	7.3845882	-1.888879	-3.821351	Triplo salto in lungo	3	Petto
21	426033102	0.9968745887066014	0.06986355657962096	0.03625806519899358	-0.006744669088691036	-0.003178508974048075	-0.18627105689721596	-0.06118984078244661	-0.74755859375	0.25927734375	-2.3408203125	0.26130536	-0.60532975	0.65335834	-0.37204635	2.1655526	0.87763333	-4.5966496	Triplo salto in lungo	3	Petto
23	426066436	0.9982697174048729	0.048896730987689596	0.03260591020454471	-0.0018803273241491671	-0.03599833335589529	-0.13205880291821576	0.007042667598748106	-0.681640625	0.1552734375	-2.36572265625	0.26950473	-0.58001673	0.641495	-0.42359406	4.5850472	-0.069094785	-6.861558	Triplo salto in lungo	3	Petto
26	426116437	0.9988783676834547	0.0332854001583055	0.03320140643334211	0.005635185993964342	0.14185093730912507	-0.40098935841998706	0.21977854180939066	-0.61083984375	0.078369140625	-2.3818359375	0.27018538	-0.5510824	0.63734937	-0.46593326	7.702726	-3.2279663	-3.6806965	Triplo salto in lungo	3	Petto
28	426149771	0.9995231113289992	-0.028465410495913335	0.007973671130422967	0.008926975590875241	0.05403069079620549	-0.31863752417100427	0.022563488771423584	-0.587890625	0.111572265625	-2.36669921875	0.25355646	-0.5475983	0.6555817	-0.45393598	2.8854203	-0.8861399	-0.5175638	Triplo salto in lungo	3	Petto
30	426183105	0.9957199256366485	-0.09073151109124578	-0.014315409302745998	-0.01023189336052921	0.05729887183655924	-0.403787777487519	0.9798618638791388	-0.6025390625	0.258056640625	-2.311767578125	0.20899682	-0.5797294	0.68345535	-0.39130962	42.0615	-19.539288	-16.176832	Triplo salto in lungo	3	Petto
31	426199772	0.999801901790525	-0.010909595181974652	0.0042147487150364935	-0.01610508622405127	0.20458469012685346	-0.005878927673253154	0.37554940542573556	-0.614990234375	0.3076171875	-2.294921875	0.19426602	-0.58833206	0.676195	-0.39860556	14.0446205	-18.51559	-20.696098	Triplo salto in lungo	3	Petto
32	426216439	0.9998072279074237	0.009511502975724229	-0.011261862864085594	-0.012969532761293534	0.2064920482308811	0.10768828200545906	0.18350451506881837	-0.63330078125	0.291748046875	-2.308837890625	0.20010607	-0.5974311	0.65917987	-0.41050655	1.0797374	-15.4163685	-18.623154	Triplo salto in lungo	3	Petto
33	426233106	0.9996296486910109	0.013189618115966084	-0.023594556361877933	0.0031458451848834783	0.02252635153848022	-0.32348393005854986	0.06317202492174159	-0.669921875	0.27197265625	-2.321044921875	0.22048286	-0.60126877	0.6477771	-0.41261157	14.58257	-1.2762371	3.5519323	Triplo salto in lungo	3	Petto
34	426249773	0.9997742391648734	4.4532830515137123E-4	-0.02081666585333031	0.004235422971803349	-0.17190576589450277	-0.7021714035324736	0.047792652705986205	-0.708740234375	0.248779296875	-2.330322265625	0.23461019	-0.6056659	0.6432972	-0.40533394	29.046791	12.047182	20.19824	Triplo salto in lungo	3	Petto
35	426266440	0.9995234610698145	-0.03027805391055316	-0.004893419133336936	0.003484920600862807	-0.16055698986202754	-0.3709288468442502	0.15803371438246278	-0.7197265625	0.288818359375	-2.3134765625	0.22498375	-0.6098477	0.6549763	-0.38532344	21.993372	8.472393	1.256587	Triplo salto in lungo	3	Petto
36	426283107	0.9996181142381848	-0.026063735775981534	-0.007488343275607962	-0.005313386799565334	-0.053623250400931195	-0.12684633601549128	0.20159833512135183	-0.72900390625	0.33935546875	-2.29150390625	0.21789631	-0.61936945	0.6589723	-0.36695805	14.531414	0.68347895	-11.531692	Triplo salto in lungo	3	Petto
37	426299774	0.9998931880207051	-0.012667354674332998	-0.004176759270951791	-0.005975395998418066	0.018758897490509498	0.05692533483279737	0.2288398371082146	-0.7451171875	0.370849609375	-2.28515625	0.21548831	-0.62541807	0.6580556	-0.35969424	7.9200206	-4.1125236	-20.850063	Triplo salto in lungo	3	Petto
38	426316441	0.9999935974262609	-0.0010514981678575452	0.0011588210051861338	0.0032181659320426603	0.019016691512583214	0.08276899267336085	0.24611553431950012	-0.741943359375	0.376220703125	-2.277587890625	0.21802765	-0.6215077	0.6597418	-0.36184657	7.4890947	-4.330448	-22.818588	Triplo salto in lungo	3	Petto
39	426333108	0.9999058155466879	0.01002423206394143	-0.004442858639981785	0.00825444210993337	0.017081469447272124	-0.018462430591406814	0.22167234877571568	-0.7353515625	0.365966796875	-2.29443359375	0.23167689	-0.6141524	0.6591755	-0.3669202	10.460698	-3.7314646	-17.284754	Triplo salto in lungo	3	Petto
40	426349775	0.9996990651755189	0.02154019802557966	-0.007877949562910299	0.008702693082984825	0.10076679474081596	-0.18581669473591914	0.14989851896936154	-0.740234375	0.330810546875	-2.3076171875	0.25422877	-0.60502934	0.6534964	-0.3771601	13.064262	-7.4488072	-5.86843	Triplo salto in lungo	3	Petto
41	426366442	0.9994342641472462	0.0318779976866263	0.0021900327924550267	0.010495173572258378	0.11708855855422608	-0.33687136562439346	0.104005707897496	-0.732666015625	0.27880859375	-2.337158203125	0.2762188	-0.5879214	0.6466759	-0.39982754	15.963667	-7.680944	3.7146254	Triplo salto in lungo	3	Petto
42	426383109	0.9994852025677492	0.031662264681634134	0.0024310088757092123	0.004573952249602942	0.05461411225919585	-0.40129683654782544	0.14003798916595944	-0.72119140625	0.213134765625	-2.36572265625	0.2950787	-0.57394254	0.63546735	-0.42391017	19.32054	-4.508048	6.5414944	Triplo salto in lungo	3	Petto
43	426399776	0.9998737530144982	0.014621469792579389	0.003581709614474016	-0.005085470484076094	0.0507689882900247	-0.41852492975208766	0.20786777883584398	-0.718505859375	0.180419921875	-2.383544921875	0.29960462	-0.57002306	0.625703	-0.440235	22.148567	-4.973212	6.9221992	Triplo salto in lungo	3	Petto
44	426416443	0.999920907867009	0.0074276377979086705	0.0010316810255802946	-0.010096724291607906	0.08500333903132809	-0.35279651093034203	0.22758856055609045	-0.7158203125	0.16552734375	-2.392822265625	0.2996545	-0.5721119	0.61519295	-0.45214275	20.50231	-7.014242	4.0081234	Triplo salto in lungo	3	Petto
45	426433110	0.9999531009244994	0.004313938734710643	7.750092449712587E-5	-0.008670633060948342	0.15653897231957953	-0.3303456393593159	0.2495102547325065	-0.71875	0.1533203125	-2.3994140625	0.29891133	-0.5745361	0.6063977	-0.4613483	20.167332	-11.055527	3.4622164	Triplo salto in lungo	3	Petto
46	426449777	0.9999291066853184	-0.006852737792339747	0.004198737219859334	-0.008785908832269484	0.1900570155369632	-0.41748691409739574	0.3212944497985715	-0.71923828125	0.163330078125	-2.3935546875	0.288564	-0.5784146	0.6036054	-0.46672067	25.753557	-13.03887	7.387125	Triplo salto in lungo	3	Petto
47	426466444	0.9998898595886614	0.005571180039219914	0.009068847021958927	-0.010343435523561652	0.13036929183767876	-0.44439987242325263	0.3080053058876159	-0.708251953125	0.16650390625	-2.39013671875	0.2813851	-0.57699525	0.5950184	-0.48358262	26.376728	-8.928411	8.575657	Triplo salto in lungo	3	Petto
48	426483111	0.9995980820774335	0.023400818573158066	0.007642092236841564	-0.014059673661441063	0.01232979456392723	-0.31098033065797004	0.22282680305664862	-0.698974609375	0.12646484375	-2.405029296875	0.28360623	-0.5727651	0.5747715	-0.51102376	19.415998	-1.5164684	2.3593836	Triplo salto in lungo	3	Petto
49	426499778	0.9996585837024926	0.020125037478984475	0.00565329205573592	-0.015676070468350182	0.053823281129245205	-0.20006312300256252	0.21624455084076782	-0.697509765625	0.09765625	-2.417236328125	0.28453517	-0.57078916	0.5546502	-0.53441805	15.578955	-4.307658	-1.9636488	Triplo salto in lungo	3	Petto
50	426516445	0.999620855301125	0.026056256185332083	0.005531099318242778	-0.006973098377586251	0.0633694180777016	-0.1998214899760914	0.19406193101185162	-0.69189453125	0.05078125	-2.43017578125	0.29313675	-0.56201744	0.53600836	-0.55758625	13.932637	-3.9872606	-0.6618395	Triplo salto in lungo	3	Petto
51	426533112	0.9994475269540695	0.031173221851502342	0.008460959402886827	-0.007828363224479997	0.08328774555430456	-0.3268740217003968	0.1658061246064796	-0.677734375	-0.01025390625	-2.438232421875	0.3020883	-0.55011034	0.5144358	-0.58436066	13.64432	-2.2844026	7.9963284	Triplo salto in lungo	3	Petto
52	426549779	0.999518039109726	0.024550426573231227	0.011340951385244382	-0.015242994161187462	0.08542997217449606	-0.31714177933150234	0.177716239906023	-0.659912109375	-0.06298828125	-2.4404296875	0.30126244	-0.5417035	0.49311838	-0.61043644	13.001886	-2.0459566	8.320658	Triplo salto in lungo	3	Petto
53	426566446	0.999712626959314	0.015521338375013183	0.01045736615613116	-0.014979821301754794	0.09590542665103888	-0.26689030458994933	0.18102400525783224	-0.6416015625	-0.09375	-2.44287109375	0.29587713	-0.5359364	0.4769543	-0.6306691	11.630503	-2.8306758	6.441799	Triplo salto in lungo	3	Petto
54	426583113	0.9998868366877688	0.007082531488785598	0.004322068438971039	-0.012548756537854922	0.17200502234292203	-0.314196900126958	0.14957769340214624	-0.62744140625	-0.109130859375	-2.44384765625	0.29015034	-0.5351888	0.46550217	-0.6424123	8.480174	-4.6588206	11.372799	Triplo salto in lungo	3	Petto
55	426599780	0.9998984275969612	-0.004713874626016024	-0.004450731562163413	-0.012692709076318478	0.21778780907653866	-0.3254126449140341	0.16302007937929366	-0.63134765625	-0.098876953125	-2.44580078125	0.28162593	-0.5436879	0.45893463	-0.643793	8.302728	-6.3559675	13.3881	Triplo salto in lungo	3	Petto
56	426616447	0.9997631659503762	-0.006311648063214742	-0.015567990212677353	-0.013835201059059998	0.21242627284483978	-0.3097939882066705	0.14319483146528217	-0.659912109375	-0.077392578125	-2.450927734375	0.27602053	-0.5603629	0.4494243	-0.63861096	7.46452	-5.5417767	12.442953	Triplo salto in lungo	3	Petto
57	426633114	0.9996717692009591	-0.004931753812732864	-0.02139031866679031	-0.01320931240783957	0.14634531254343597	-0.27786974664974495	0.0866879603896128	-0.7041015625	-0.068115234375	-2.451416015625	0.27372068	-0.5799802	0.43757886	-0.6302578	5.516971	-1.4281459	8.885155	Triplo salto in lungo	3	Petto
58	426649781	0.9996510516668763	-0.006790438612392258	-0.02173533199712974	-0.013388061388189598	0.050812658082152365	-0.303302516266322	0.10179595469737153	-0.751220703125	-0.054443359375	-2.450927734375	0.2702966	-0.6001646	0.42677757	-0.62016404	8.281056	4.520512	7.180582	Triplo salto in lungo	3	Petto
59	426666448	0.999668933355181	-0.014660894379137313	-0.019568259839984396	-0.008010310065989847	0.02616869680741161	-0.22405070029779586	0.1187736648371662	-0.79296875	-0.029541015625	-2.449951171875	0.26518136	-0.6182858	0.424941	-0.60566235	9.071926	3.799605	1.9012899	Triplo salto in lungo	3	Petto
60	426683115	0.9994520078928572	-0.025085463443951184	-0.021519992163911542	-0.0018147672036965823	0.07649105327333798	-0.16666322506722106	0.15296655551259494	-0.839599609375	0.015869140625	-2.440673828125	0.2585297	-0.6371025	0.43265766	-0.5831554	10.508055	-0.6206311	-0.09321594	Triplo salto in lungo	3	Petto
61	426699782	0.9991401091066727	-0.03450405686831379	-0.021047863682943035	0.009246613883924117	0.029463721572923214	-0.15607941796004154	0.1150540414625105	-0.8837890625	0.084716796875	-2.425048828125	0.25179893	-0.6524369	0.45234814	-0.55344814	8.8817625	1.8899646	-2.3278227	Triplo salto in lungo	3	Petto
62	426716449	0.9987278419170544	-0.043950615728346354	-0.017456991413777826	0.017501274455927085	0.005148271672820219	-0.23772333470432266	0.05037943727092485	-0.916015625	0.174560546875	-2.396484375	0.24162328	-0.6631587	0.4827067	-0.5184912	7.2555213	5.823311	1.4169436	Triplo salto in lungo	3	Petto
63	426733116	0.9984652471022161	-0.05165950075718734	-0.008559031122249873	0.01803300576379627	0.03146514710986172	-0.354388998467341	0.014287545194357251	-0.923583984375	0.275146484375	-2.354248046875	0.222275	-0.66917926	0.5184894	-0.48369578	8.9846525	7.0049124	8.260273	Triplo salto in lungo	3	Petto
64	426749783	0.9993234885232355	-0.03402712863407814	1.2176612400982557E-4	0.01395367248009416	0.08524238648898487	-0.4521133706032538	-0.017307420562699044	-0.916259765625	0.36279296875	-2.311767578125	0.20841943	-0.6678154	0.54398704	-0.4633166	11.935048	5.356729	14.5165615	Triplo salto in lungo	3	Petto
65	426766450	0.9996936786876165	-0.023415525821147976	-0.004950428503700088	0.006305172493226597	0.17302481937264427	-0.38450532648257774	0.1666927551333776	-0.908203125	0.395751953125	-2.289794921875	0.2010849	-0.67009896	0.55787045	-0.44644478	20.459463	-4.4365416	7.5580635	Triplo salto in lungo	3	Petto
66	426783117	0.9986577686257349	-0.04724173719026781	-0.018531424971670766	0.010366567379470726	0.15406906413979352	-0.2221406251861691	0.20062573038610088	-0.92578125	0.475830078125	-2.2265625	0.18659815	-0.6797821	0.58100945	-0.40682387	17.233124	-7.372942	-2.2863817	Triplo salto in lungo	3	Petto
67	426799784	0.9985741619068894	-0.045335027018823915	-0.023830613781306357	0.015049263901005501	0.07881443184955704	-0.12258468789775773	0.20743926043079003	-0.94287109375	0.553955078125	-2.160400390625	0.17738108	-0.68686765	0.6036968	-0.36372945	14.249505	-5.303944	-10.228392	Triplo salto in lungo	3	Petto
68	426816451	0.998559463159669	-0.04167401747536392	-0.030303113506028437	0.014966499710264314	-0.011555285605462304	0.08903763083192916	0.24500327775661673	-0.960205078125	0.620849609375	-2.082763671875	0.17381854	-0.6940619	0.62211007	-0.31787506	6.8516064	-3.347537	-23.486115	Triplo salto in lungo	3	Petto
69	426833118	0.9983692869938009	-0.04393164059803406	-0.030918358615873665	0.019308879883489397	-0.14435212189541388	0.3604203404738512	0.33666583530677835	-0.983154296875	0.68115234375	-1.995849609375	0.16964361	-0.697495	0.642428	-0.26834333	-3.0018084	1.6777897	-40.453133	Triplo salto in lungo	3	Petto
70	426849785	0.9978009910574535	-0.05038606746365443	-0.005325704817433442	0.042732462116161635	-0.2471037346325173	0.5952180002755456	0.2681922260822803	-0.937255859375	0.742431640625	-1.904052734375	0.14999522	-0.67797333	0.6830764	-0.22640792	-19.511995	8.681735	-45.840225	Triplo salto in lungo	3	Petto
71	426866452	0.9980117530936835	-0.04922984221634008	0.016081798114771593	0.035921290227696585	-0.016650909032871766	0.33119152071630176	-0.050622925171518646	-0.847900390625	0.802734375	-1.8154296875	0.113920294	-0.6558062	0.7196249	-0.19768782	-18.570045	0.88497007	-17.523266	Triplo salto in lungo	3	Petto
72	426883119	0.999676914007577	-0.02496292658647875	0.0032560967154675606	0.0035096624773743312	0.2745658425924286	0.026112833313570734	-0.3529753816992091	-0.810546875	0.831787109375	-1.74169921875	0.09534951	-0.65547323	0.727109	-0.18048838	-12.207998	-13.353094	10.061655	Triplo salto in lungo	3	Petto
73	426899786	0.9996599107990403	0.014922117731617945	-0.009650148769221684	-0.019085800281640756	0.12619585850835854	-0.04282638594240511	-0.041250032809685276	-0.849853515625	0.828857421875	-1.753173828125	0.10682588	-0.6696258	0.7108836	-0.18663888	0.5116028	-7.3244123	-5.7936296	Triplo salto in lungo	3	Petto
74	426916453	0.9994279646501056	0.02502483297514696	-0.0010223713479795562	-0.0227256675752327	-0.05379545705563488	-0.09579509829763405	0.05545470152779545	-0.895263671875	0.808837890625	-1.799072265625	0.118197605	-0.6830272	0.6905588	-0.20647438	6.8389425	2.5945241	-10.820863	Triplo salto in lungo	3	Petto
75	426933120	0.9996908290591524	0.014507755644007081	0.006116100701954703	-0.01924485992160047	-0.2233212171713148	-0.03013205202719709	0.0490649010927089	-0.930419921875	0.7822265625	-1.833251953125	0.118988045	-0.69315124	0.67493755	-0.22325452	3.4538474	12.956172	-13.229	Triplo salto in lungo	3	Petto
76	426949787	0.9999271239806425	-0.006753618027018793	0.006484866318600986	-0.0076211469068468984	-0.23236781206747859	0.14323999526872983	-0.02452674667685026	-0.9482421875	0.775634765625	-1.832763671875	0.10854536	-0.6976409	0.6719221	-0.22368681	-8.130706	13.4691725	-14.595312	Triplo salto in lungo	3	Petto
77	426966454	0.9999607556598542	-0.007683633517385158	0.004351541755383853	-7.16240528712553E-4	-0.13331963389721357	0.10310679529057445	0.006727374379805931	-0.946044921875	0.782470703125	-1.817626953125	0.10088359	-0.6981629	0.67370754	-0.22024836	-5.300064	7.382876	-14.264873	Triplo salto in lungo	3	Petto
78	426983121	0.9999515518246118	-0.004818516562321573	0.008553812014799019	7.128826725446014E-4	-0.08313646906028918	0.11019205523368421	-0.001771557455899117	-0.94091796875	0.788818359375	-1.820556640625	0.09272388	-0.6965207	0.67623943	-0.22127268	-5.956799	4.462815	-13.444971	Triplo salto in lungo	3	Petto
79	426999788	0.9998891458014747	0.002853225893794775	0.014465049953964944	0.0020778691550355504	-0.06631195410198923	0.12064306356326518	-0.026673312763294002	-0.92724609375	0.79150390625	-1.820068359375	0.08600429	-0.691886	0.67848676	-0.23141502	-7.1729484	3.6917157	-12.201681	Triplo salto in lungo	3	Petto
80	427016455	0.9995899694461421	0.01874305992652192	0.021246148898401738	0.00414630488971407	-0.043250511857445044	0.13511923807755238	-0.051296203704527185	-0.90283203125	0.782958984375	-1.85302734375	0.085877724	-0.6826213	0.67878467	-0.25671926	-8.565899	2.6148076	-11.125014	Triplo salto in lungo	3	Petto
81	427033122	0.9993581078786604	0.028454546445817352	0.021051113386385073	0.005528257314927954	-9.869639051262383E-4	0.18217424826235723	0.01914063491047907	-0.874755859375	0.76171875	-1.91162109375	0.09249151	-0.6709995	0.6769041	-0.28810742	-9.120223	-0.89459765	-15.879966	Triplo salto in lungo	3	Petto
82	427049789	0.9992862670400589	0.033046360333335356	0.017486184801989716	0.0053970283429233545	0.025054691909043886	0.15752999156902614	0.06788308773576839	-0.83935546875	0.72998046875	-1.972412109375	0.10399947	-0.65923494	0.6724371	-0.3200342	-6.1400447	-3.1458936	-17.596478	Triplo salto in lungo	3	Petto
83	427066456	0.9991176324879851	0.038302904372328916	0.016711925562989064	0.004189929859178988	0.022348761854670676	0.08399851332367202	0.03188674157408068	-0.81298828125	0.68603515625	-2.04736328125	0.118593834	-0.6469645	0.66435003	-0.3549808	-3.2145503	-2.2089195	-13.768335	Triplo salto in lungo	3	Petto
84	427083123	0.9989846417050166	0.04163269880214138	0.01720301306029493	6.785054143123026E-4	0.008700604827056571	0.01511459248277738	-0.03155526267775197	-0.788818359375	0.63720703125	-2.10693359375	0.13345139	-0.63524276	0.6515971	-0.39252862	-1.9394152	0.028475886	-8.854717	Triplo salto in lungo	3	Petto
85	427099790	0.9990058739016104	0.040995868387460055	0.017398858156569108	-0.0019703857706803722	0.0011286158787951594	-0.020328052690385064	0.01830504667634964	-0.764892578125	0.583740234375	-2.175537109375	0.14658144	-0.6239875	0.63613796	-0.4295137	1.6105932	-0.29819825	-9.683701	Triplo salto in lungo	3	Petto
86	427116457	0.9991767503221826	0.03868809819348207	0.012053901245279055	-0.0019380759901471423	0.018904365314716575	-0.03990643987293359	0.08904290470986514	-0.744873046875	0.519775390625	-2.231201171875	0.16159733	-0.61413705	0.61972404	-0.4611555	5.256204	-2.6312683	-10.819209	Triplo salto in lungo	3	Petto
87	427133124	0.9992696650581895	0.03725654658442751	0.00831269802169138	-0.001727797064621284	0.0552093376197743	-0.048554470505477065	0.06949532900144169	-0.728515625	0.46142578125	-2.27978515625	0.1780073	-0.6050069	0.60241	-0.48926723	4.339455	-4.0476093	-8.535739	Triplo salto in lungo	3	Petto
88	427149791	0.99913741707663	0.04046691258521323	0.008687429186573949	-0.0033733303113462065	0.06667653911795693	-0.045721189647367017	0.020965615474992743	-0.71923828125	0.390625	-2.32275390625	0.1950093	-0.59504765	0.58148223	-0.51939225	1.717052	-3.5032248	-6.667256	Triplo salto in lungo	3	Petto
89	427166458	0.9990155025120454	0.04256962435198375	0.010058549395346922	-0.0073944849176780245	0.05214168377382774	-0.040157740822823494	0.008384319449677827	-0.705810546875	0.31689453125	-2.364990234375	0.20993757	-0.58519423	0.55614704	-0.5515201	0.9274794	-2.3855152	-6.7648115	Triplo salto in lungo	3	Petto
90	427183125	0.9990335869599314	0.04197403730470273	0.007953571801103844	-0.010335038167386151	0.03095162929346666	-0.03446751346063483	0.01521532379826384	-0.694580078125	0.237548828125	-2.40283203125	0.22363012	-0.57713217	0.5278237	-0.5816445	1.2479471	-1.3655324	-7.545619	Triplo salto in lungo	3	Petto
91	427199792	0.9991821883906112	0.039049573584999775	0.004311572527131908	-0.00956533052863859	0.022825013726014143	-0.04550105118924408	0.0411606270928165	-0.69189453125	0.16162109375	-2.423583984375	0.23764455	-0.5704038	0.4998574	-0.60688317	2.8723485	-1.1309769	-7.384524	Triplo salto in lungo	3	Petto
92	427216459	0.9993719846076177	0.03466016335383604	1.4678096074516314E-4	-0.007368033188482642	0.03780717134495947	-0.09445681254724875	0.0336814597328205	-0.6923828125	0.0927734375	-2.450927734375	0.25230426	-0.5652725	0.4740586	-0.6261614	2.9370925	-0.42508677	-4.10919	Triplo salto in lungo	3	Petto
93	427233126	0.9996608582847656	0.02484511979965448	3.5120329918802984E-4	-0.007795196710099762	0.04774144787728744	-0.11784682729230134	0.04330244852688712	-0.69677734375	0.032470703125	-2.460205078125	0.26089984	-0.56208956	0.45375192	-0.64038724	3.3422449	-0.24283834	-2.4825087	Triplo salto in lungo	3	Petto
94	427249793	0.999868392732953	0.014686808952773162	-0.0036929259563549814	-0.005818690083408851	0.043897168171878886	-0.08383691989824771	0.10479544995714431	-0.701171875	-0.002197265625	-2.46435546875	0.26685143	-0.5629203	0.4397942	-0.6469097	6.2839	-1.7568796	-4.409405	Triplo salto in lungo	3	Petto
95	427266460	0.9999701640152459	0.004774828745701981	-0.006057092533112652	-4.2862549718203363E-4	0.03341501492616778	-0.0944278122866522	0.12895330261202678	-0.711669921875	-0.02001953125	-2.46435546875	0.27175698	-0.56534004	0.43449146	-0.6463405	7.843654	-1.0919732	-4.0453258	Triplo salto in lungo	3	Petto
96	427283127	0.9999493352583039	-0.004504930458735956	-0.008123423700993533	0.0038784668894223384	0.032727618396750535	-0.10899496638500752	0.1341685017183271	-0.72412109375	-0.014404296875	-2.465576171875	0.27518818	-0.569551	0.43696058	-0.63949096	8.269556	-0.5940277	-3.2788801	Triplo salto in lungo	3	Petto
97	427299794	0.9998027859191343	-0.015313075423259687	-0.010544346914469982	0.0069796660068083835	0.03514318311312338	-0.11566756031132175	0.055393627451771774	-0.744873046875	0.009033203125	-2.46142578125	0.27557886	-0.57666326	0.44729888	-0.62565124	3.7949235	0.6367126	-2.8236227	Triplo salto in lungo	3	Petto
98	427316461	0.999450387304258	-0.02903743595818223	-0.013425591902977931	0.00868931023717534	-0.021636346255553718	-0.10596695125734992	0.21149753270945193	-0.762939453125	0.057373046875	-2.45849609375	0.27031505	-0.5882001	0.4661668	-0.6030247	13.60085	0.8968726	-5.648467	Triplo salto in lungo	3	Petto
99	427333128	0.9991901786624472	-0.036944111905534316	-0.014841076634419971	0.005819098241944099	0.17046564604418551	-0.13736699704759447	0.6078056482393553	-0.795166015625	0.131103515625	-2.435791015625	0.25930777	-0.6030453	0.48706502	-0.5760761	35.21495	-14.394108	-2.384223	Triplo salto in lungo	3	Petto
100	427349795	0.9995559347787439	-0.028147771089989337	0.009778932811834453	9.329693706661146E-5	0.373147421832316	-0.002213272488455126	0.582213601294328	-0.783935546875	0.1904296875	-2.4150390625	0.237989	-0.6028691	0.5045455	-0.57038957	30.006378	-28.475237	-6.610101	Triplo salto in lungo	3	Petto
101	427366462	0.9999229187625397	-0.002523688952479286	-0.01145805817278478	-0.004062072178544735	0.35455959271969256	0.0729414976216746	0.36599976892335506	-0.78759765625	0.208984375	-2.407958984375	0.23946425	-0.61029005	0.49880025	-0.56692255	15.460958	-26.724848	-8.989396	Triplo salto in lungo	3	Petto
102	427383129	0.9994178099294333	0.014922539707058369	-0.026691033927412736	0.015131018221928971	0.16656721541999372	-0.16902713138590528	0.03467365894165336	-0.834716796875	0.1884765625	-2.4091796875	0.26895517	-0.6125936	0.49044472	-0.55844116	3.8568492	-5.3432784	2.9788837	Triplo salto in lungo	3	Petto
103	427399796	0.9994849309484013	-0.008806942175715149	-0.021894901023506223	0.021746813232148558	-0.16851905981930548	-0.6851246257144614	0.18427066345142756	-0.865966796875	0.185302734375	-2.40869140625	0.28509736	-0.61521775	0.5005203	-0.53824353	23.766758	22.239578	19.423765	Triplo salto in lungo	3	Petto
104	427416463	0.9988618378297199	-0.043526918312813856	-0.00892287322983232	0.0173441241620374	-0.09515363083432143	-0.4880073833952848	0.1981465197818404	-0.875	0.2626953125	-2.38134765625	0.27243048	-0.6216183	0.5302749	-0.5081153	20.649858	12.921713	11.113451	Triplo salto in lungo	3	Petto
105	427433130	0.9993122119865786	-0.036142855457248435	-0.0050160770665949594	0.006605750884622786	0.08887521933405401	-0.180640543194754	0.25868486770772076	-0.880126953125	0.339599609375	-2.34033203125	0.25732115	-0.6285245	0.5501653	-0.4858611	17.97333	-4.9630966	-3.5596323	Triplo salto in lungo	3	Petto
106	427449797	0.9996712964313533	-0.024278590418413792	0.006537430251827681	0.005011102099796216	0.15270611604574688	-0.005798825603597513	0.2847716964284315	-0.867919921875	0.385009765625	-2.3134765625	0.24219538	-0.6271332	0.5657354	-0.47748208	14.736315	-12.14969	-13.164728	Triplo salto in lungo	3	Petto
107	427466464	0.9997634956638521	-0.0188580841123131	0.007128222366983684	0.008155602215311033	0.18026096013665008	0.03418989007841572	0.26436296057709324	-0.847412109375	0.421875	-2.292724609375	0.231086	-0.6221622	0.5804492	-0.4717966	11.849284	-14.439587	-14.69813	Triplo salto in lungo	3	Petto
108	427483131	0.9998202277268954	-0.013682524444212252	0.0059310248848508116	0.011709982783410067	0.1853560120433443	-0.04701318200761054	0.17636775034730856	-0.825439453125	0.45166015625	-2.277587890625	0.22503096	-0.61438954	0.5943413	-0.46759513	9.133008	-12.59433	-8.56026	Triplo salto in lungo	3	Petto
109	427499798	0.999916375084625	-0.005738358015953737	0.0016525847113721404	0.011470965463981216	0.08913861808766567	-0.17656533636512545	0.1291075521286798	-0.80322265625	0.4677734375	-2.271240234375	0.22591469	-0.6069601	0.6032226	-0.46549368	11.220601	-5.1420307	-2.8488889	Triplo salto in lungo	3	Petto
110	427516465	0.9999427251021731	0.002981673361354964	-0.00449784109829532	0.009242595125854736	0.04355741048639033	-0.2943586366633694	0.12327429080480864	-0.7939453125	0.46728515625	-2.274169921875	0.23480302	-0.6017532	0.6052626	-0.46520752	14.931021	-1.5519881	2.3568563	Triplo salto in lungo	3	Petto
111	427533132	0.999940952980889	0.0071272120111240955	-0.006415226207779457	0.0051125603490835845	0.050416917326118256	-0.34282197069003784	0.1266784293673541	-0.799072265625	0.453369140625	-2.283447265625	0.24564052	-0.59888643	0.6023964	-0.46702737	16.328865	-1.7331083	5.0322237	Triplo salto in lungo	3	Petto
112	427549799	0.9999345665146854	0.010845158057281867	-0.002395608570766317	-0.0027397619196625755	0.026606083286011772	-0.3173448812356422	0.13668709927817474	-0.80712890625	0.4375	-2.29833984375	0.25276706	-0.5978319	0.59399194	-0.47526783	16.05704	-0.7710817	3.3760166	Triplo salto in lungo	3	Petto
113	427566466	0.9997903512230355	0.01805022365097636	0.0018367578975386212	-0.009490487231692548	0.04906612185228831	-0.20791685668615859	0.09958893612232218	-0.814208984375	0.406494140625	-2.310546875	0.25853974	-0.59669465	0.57902694	-0.49177274	10.538379	-2.2730334	-0.6611986	Triplo salto in lungo	3	Petto
114	427583133	0.9996301749467432	0.024527262860643606	0.008966509823054527	-0.007584748783020678	0.05917282604605039	-0.15019889555882343	0.12451642926301863	-0.81201171875	0.36376953125	-2.336181640625	0.26475096	-0.5889	0.56351376	-0.5153215	9.976118	-3.5346117	-3.6791058	Triplo salto in lungo	3	Petto
115	427599800	0.99956940340132	0.025314161336182694	0.013627781906962956	-0.005872357284037456	0.030381283076865898	-0.16586254540716522	0.13868968111994773	-0.79541015625	0.3193359375	-2.359375	0.2693449	-0.5770152	0.5493404	-0.54104704	11.086406	-1.7005872	-3.0454707	Triplo salto in lungo	3	Petto
116	427616467	0.9993968295959097	0.031212405212681094	0.01247848946356689	-0.008720668276649468	0.037634658890687275	-0.16893561097723617	0.1159217560517583	-0.7802734375	0.26611328125	-2.38720703125	0.27612627	-0.5650366	0.5294238	-0.56938434	9.406458	-1.5034996	-1.7218218	Triplo salto in lungo	3	Petto
117	427633134	0.9991272799974732	0.037517036819400496	0.01539248578505531	-0.01001107858820577	0.06170859289406799	-0.12836110486833555	0.10349494482289681	-0.761474609375	0.193115234375	-2.4150390625	0.28370672	-0.54942745	0.50518364	-0.60202116	7.189366	-2.9667077	-2.664495	Triplo salto in lungo	3	Petto
118	427649801	0.9987754050365599	0.04337597794140252	0.02160834789380842	-0.009964644147323398	0.07828908107932588	-0.09136366001551698	0.13951551590867503	-0.724365234375	0.107177734375	-2.434814453125	0.29062647	-0.52719396	0.47808817	-0.6395582	7.9756236	-4.8853483	-3.9214478	Triplo salto in lungo	3	Petto
119	427666468	0.9989140229631638	0.04157585296320765	0.019705995101646754	-0.00734145319289098	0.04553387116361547	-0.04343672425009586	0.187144216012335	-0.687255859375	0.0205078125	-2.45263671875	0.29831454	-0.5041773	0.45174113	-0.6728624	10.269364	-4.8427334	-6.432324	Triplo salto in lungo	3	Petto
120	427683135	0.9993031441487588	0.03363087784674762	0.015897718754818522	-0.00307452241086148	0.05434027054356257	-0.048933797387501074	0.21041411364357532	-0.653564453125	-0.0498046875	-2.457763671875	0.3059393	-0.4831821	0.43080246	-0.6981016	11.080007	-5.450504	-4.7006407	Triplo salto in lungo	3	Petto
121	427699802	0.99928409329449	0.0318543296212305	0.020222895436672772	0.0027635254926067225	0.06566556196607347	-0.10740440182487336	0.1919077402362718	-0.61572265625	-0.112548828125	-2.460693359375	0.31439716	-0.45642906	0.4144712	-0.72183144	9.330049	-3.9832392	-0.4994402	Triplo salto in lungo	3	Petto
122	427716469	0.9993665340766608	0.030556903090613707	0.017978260632363383	0.0030965118679050496	0.05795837766876159	-0.15876496594682052	0.17294534563848166	-0.572509765625	-0.177490234375	-2.45556640625	0.3229725	-0.43090364	0.3978608	-0.74277705	7.428372	-1.7310665	2.528614	Triplo salto in lungo	3	Petto
123	427733136	0.9997815266969257	0.017549035187857692	0.011349882741244878	3.322669104628973E-4	0.11468805501727367	-0.14654036259291778	0.19339751153774482	-0.546875	-0.228271484375	-2.447509765625	0.32626075	-0.41522092	0.38725582	-0.7557635	6.2575026	-5.0896125	4.1249523	Triplo salto in lungo	3	Petto
124	427749803	0.9998979100391875	0.010432448099567976	0.008933062086878414	-0.003941310399693643	0.17715819652981618	-0.1848598308993143	0.2246383933927449	-0.5283203125	-0.246826171875	-2.44384765625	0.32409152	-0.40526375	0.37928516	-0.7660736	5.186964	-7.455566	8.494404	Triplo salto in lungo	3	Petto
125	427766470	0.9997287455544401	0.020291855179511736	0.009185126459964915	-0.0068050993698722815	0.19313395182330934	-0.21555295753960016	0.26720717734650906	-0.5107421875	-0.27880859375	-2.432373046875	0.32332715	-0.39294347	0.36242065	-0.780837	6.0215063	-7.874129	11.642487	Triplo salto in lungo	3	Petto
126	427783137	0.9997674230385385	0.017050890811787955	0.00546027078236909	-0.012022994485062333	0.17876016216740934	-0.2106310393685122	0.34087743688613703	-0.4951171875	-0.31494140625	-2.42236328125	0.31822842	-0.38632005	0.34451145	-0.7942288	9.304616	-8.111139	13.438808	Triplo salto in lungo	3	Petto
127	427799804	0.9997588533587684	0.009155028257727071	-0.007857671853189101	-0.018348776019360583	0.14744167313864143	-0.22975359438905224	0.3774134838143734	-0.49560546875	-0.3232421875	-2.427734375	0.30934095	-0.39473245	0.32588688	-0.80143136	11.054403	-5.856298	15.178568	Triplo salto in lungo	3	Petto
128	427816471	0.9991036899803233	0.03844714497634513	-0.0070344383209416115	-0.01625270403283119	0.02939290349045519	-0.19111727487341637	0.13757131857019253	-0.504150390625	-0.3759765625	-2.41845703125	0.31296465	-0.39218602	0.28441134	-0.8169172	3.22608	3.2554836	3.667616	Triplo salto in lungo	3	Petto
129	427833138	0.9994862043523995	0.022554339319668174	-0.016705362536090007	-0.015477724303798237	0.018611099247457567	-0.24378004580148216	0.20273924967943652	-0.526123046875	-0.426513671875	-2.412109375	0.31334132	-0.40177098	0.25310013	-0.8223976	5.1326604	5.950595	7.548317	Triplo salto in lungo	3	Petto
130	427849805	0.9996498002803169	0.01194422013606733	-0.0168299007297916	-0.01656402264817053	0.09132732348055539	-0.25706759230838333	0.2629668996637117	-0.552001953125	-0.446044921875	-2.411376953125	0.30847406	-0.41466767	0.23020373	-0.8245611	5.4130564	3.917591	11.917299	Triplo salto in lungo	3	Petto
131	427866472	0.9998220195247144	0.010900474503795873	-0.011559178497000557	-0.010173215892148648	0.11341853820372444	-0.16042319239139974	0.19195552315285955	-0.5751953125	-0.465576171875	-2.4091796875	0.30716312	-0.42185035	0.21259421	-0.82613367	3.232726	0.6020859	6.3362064	Triplo salto in lungo	3	Petto
132	427883139	0.9999757418240254	0.004149796821864601	-0.004353354001205984	-0.003513297420887851	0.07780645740202344	-0.17025409166751865	0.17500332591147827	-0.584228515625	-0.47705078125	-2.416748046875	0.30690777	-0.4237627	0.20567901	-0.8270002	3.1727834	3.2006855	4.8865843	Triplo salto in lungo	3	Petto
133	427899806	0.9999693898010563	-0.007065475388218848	-9.22782939282496E-4	-0.0032321803923330843	0.05330991301188679	-0.17757051019395356	0.19515149977109345	-0.593994140625	-0.470947265625	-2.41796875	0.30150294	-0.4262682	0.20940247	-0.82676613	4.6505866	4.63146	4.9445915	Triplo salto in lungo	3	Petto
134	427916473	0.9997529413334194	-0.021544482961661907	-0.0017474292915952152	-0.005180544369263684	0.08399390266288642	-0.11096103419490602	0.22120566501521657	-0.59130859375	-0.4345703125	-2.432861328125	0.288551	-0.43412554	0.22416846	-0.82342076	6.576217	0.26541358	4.4187346	Triplo salto in lungo	3	Petto
135	427933140	0.9996326202128444	-0.02462116488724285	-0.010819357924732572	-0.003371103690950173	0.1320393376633358	-0.07957632559051739	0.22093783539431358	-0.604736328125	-0.3818359375	-2.457763671875	0.2776426	-0.44969508	0.2395268	-0.8144421	6.202344	-3.380442	4.7263594	Triplo salto in lungo	3	Petto
136	427949807	0.9994156317462737	-0.024889854824018953	-0.023330138639577506	0.0021435435834624705	0.13714475009493365	-0.0966947987524491	0.19571490522263055	-0.64697265625	-0.33251953125	-2.470703125	0.2737697	-0.4738608	0.2538031	-0.7975526	5.1260657	-2.8999286	4.4903975	Triplo salto in lungo	3	Petto
137	427966474	0.9991480238001583	-0.030101631442466026	-0.027019525908860337	0.008189233199794756	0.10636410497814949	-0.1783081363821612	0.1317979817472695	-0.710693359375	-0.2763671875	-2.488037109375	0.27274826	-0.50028527	0.27368551	-0.77486724	2.38817	2.2503772	4.572936	Triplo salto in lungo	3	Petto
138	427983141	0.998774398638773	-0.041351627954786835	-0.020666424427461364	0.017681696486205184	0.021699833684853502	-0.20885847470724112	0.14579877086105594	-0.762939453125	-0.1953125	-2.493408203125	0.2712492	-0.5213338	0.30832085	-0.74804634	5.743127	6.561762	2.8054104	Triplo salto in lungo	3	Petto
139	427999808	0.9984996051962389	-0.04429110729060581	-0.019565128988433936	0.025574244184195242	0.007214505752440939	-0.15614322577116377	0.11801234055820323	-0.80859375	-0.096435546875	-2.4892578125	0.27330115	-0.5385119	0.34888762	-0.71665114	5.765097	4.626982	-0.67816067	Triplo salto in lungo	3	Petto
140	428016475	0.9984551447987364	-0.04061324325606164	-0.017387116881931123	0.033698315442944576	0.03650771157143995	-0.13981360952870597	0.09228509947673695	-0.845458984375	0.0	-2.477783203125	0.28174654	-0.54869026	0.39078373	-0.6832613	4.5859027	2.2683866	-0.88790035	Triplo salto in lungo	3	Petto
141	428033142	0.9985190126752733	-0.03861251070176763	-0.010617409937868971	0.036825615398992824	0.08037549080818815	-0.25423560626492747	0.058370540508962176	-0.8642578125	0.08935546875	-2.459716796875	0.29001644	-0.5508771	0.43374246	-0.6513774	2.8830597	3.449867	5.9347486	Triplo salto in lungo	3	Petto
142	428049809	0.9988106985474287	-0.03398879518335407	-0.010196437943316984	0.03343625162080349	0.09774130527098501	-0.34443171515534743	0.052580643943900926	-0.864013671875	0.1728515625	-2.4365234375	0.29775572	-0.5515393	0.47080538	-0.6208771	3.7706296	3.6038823	11.263842	Triplo salto in lungo	3	Petto
143	428066476	0.998972531868488	-0.031536259655632004	-0.013033873756785554	0.02982386685336569	0.12220224372007701	-0.41196444383732667	0.011580972126144645	-0.867919921875	0.241943359375	-2.409912109375	0.30536225	-0.5537734	0.50246805	-0.58958876	2.7553706	2.6554635	15.692522	Triplo salto in lungo	3	Petto
144	428083143	0.9996183593316953	-0.013486598244591252	-0.005747104469179421	0.023414058704524787	0.17431188620675483	-0.5021061379000928	-0.05912971933264827	-0.863037109375	0.29052734375	-2.385009765625	0.31511673	-0.548706	0.52144635	-0.5724659	0.36990678	0.5786822	22.266266	Triplo salto in lungo	3	Petto
145	428099810	0.9995328165847984	-0.023606338733253684	-0.011200325381978848	0.015856924449853874	0.14142572575348783	-0.4490733714791557	0.19663593255714895	-0.86279296875	0.323974609375	-2.369873046875	0.31749833	-0.553523	0.53989214	-0.5489295	15.262119	-3.9606202	16.427565	Triplo salto in lungo	3	Petto
146	428116477	0.9986683482021412	-0.047826079515636555	-0.017324631379092573	0.008605438103279683	0.11267157561403751	-0.27627899921659493	0.22577120713321108	-0.88916015625	0.4169921875	-2.3154296875	0.3052861	-0.5722473	0.564511	-0.51054955	15.722366	-6.0989313	5.0055513	Triplo salto in lungo	3	Petto
147	428133144	0.9988218283534438	-0.047118308155529864	-0.010159135750387906	0.0056224729478570054	0.03496852036144507	-0.13046730424200856	0.15535669089607712	-0.90087890625	0.49658203125	-2.255615234375	0.2871764	-0.58733636	0.587681	-0.47665167	10.931467	-2.745976	-4.760525	Triplo salto in lungo	3	Petto
148	428149811	0.9989050210610039	-0.04497771630981351	-0.011397599844823416	0.0059882094524640606	-0.06656692357529398	0.04961589393057504	0.19742444888968447	-0.91015625	0.56640625	-2.189453125	0.2706263	-0.60090107	0.6083419	-0.4422664	9.991124	0.77865523	-17.855083	Triplo salto in lungo	3	Petto
149	428166478	0.9987209618451272	-0.045559033235609225	-0.014089629117651603	0.016801702684780876	-0.14871963368785124	0.23007522878430625	0.2629686517920336	-0.912353515625	0.6328125	-2.10595703125	0.25964192	-0.607875	0.6336266	-0.4019847	8.024961	3.7330554	-30.807877	Triplo salto in lungo	3	Petto
150	428183145	0.9982704227734884	-0.047738336642158596	-0.011813515853491443	0.03221265393381842	-0.19572952721022274	0.3831414236709563	0.24931116256417435	-0.88720703125	0.70556640625	-2.024169921875	0.2514963	-0.60301113	0.66790515	-0.3564132	0.88613725	7.1736803	-38.75898	Triplo salto in lungo	3	Petto
151	428199812	0.997446011879017	-0.05432327371900225	-8.242569556266844E-4	0.046365460415758904	-0.0899493504760786	0.3996632916999222	0.13599123539416696	-0.813720703125	0.776611328125	-1.932373046875	0.23615578	-0.5840254	0.7130825	-0.30766568	-7.919021	4.366362	-34.080643	Triplo salto in lungo	3	Petto
152	428216479	0.9986728710126036	-0.040221544715162316	0.010972269791871271	0.030237945363140617	0.19066791856260318	0.05371979831921114	-0.11787011148394812	-0.733154296875	0.82177734375	-1.842529296875	0.21463846	-0.5675281	0.7446434	-0.27811593	-9.502929	-9.627948	-6.9377136	Triplo salto in lungo	3	Petto
153	428233146	0.9999567056224554	-0.008770529041423336	1.337287525459696E-4	0.0031059326522253077	0.16997341809151792	-0.038845151164509754	-0.0486173075709968	-0.708740234375	0.835205078125	-1.802490234375	0.21071135	-0.5668764	0.74874324	-0.27135894	-2.854441	-9.8093605	-6.1273623	Triplo salto in lungo	3	Petto
154	428249813	0.9999318303941538	0.0074330967830892325	-2.4997262922865643E-4	-0.00900117495081032	0.11509778586965991	-0.049352975252571304	-0.00199108951793249	-0.723388671875	0.830078125	-1.8134765625	0.21262726	-0.57197183	0.74139583	-0.27923137	0.24379385	-7.25265	-7.860134	Triplo salto in lungo	3	Petto
155	428266480	0.9999066862380788	0.006096288299821173	0.002530277494407957	-0.011960425625830386	0.0042845318389663455	-0.004264685163933191	0.06816470404556055	-0.741943359375	0.822021484375	-1.82861328125	0.21067877	-0.5786906	0.7331719	-0.28842804	2.7182634	-0.998857	-12.722605	Triplo salto in lungo	3	Petto
156	428283147	0.9998934246235989	-0.005336646449829008	3.274280865981361E-4	-0.013585006073205341	-0.10225651862554158	0.0213020330034003	0.06962000079322989	-0.76806640625	0.82177734375	-1.830322265625	0.20324236	-0.58951354	0.7266934	-0.28824148	3.24175	5.4077682	-13.931288	Triplo salto in lungo	3	Petto
157	428299814	0.9998266097022803	-0.0084421499324005	-0.01004465749644834	-0.013213080319967431	-0.11620939377796852	0.10549301323295351	0.024997448791453138	-0.801513671875	0.8291015625	-1.806640625	0.20173688	-0.60350454	0.71905583	-0.2793622	-2.1726196	7.3981366	-15.423382	Triplo salto in lungo	3	Petto
158	428316481	0.999898886416354	5.811268708189599E-4	-0.007622987153547923	-0.01199038371996708	-0.08118104926425553	0.12099016120791456	-0.007292777705887855	-0.83056640625	0.83154296875	-1.801513671875	0.20432785	-0.6139788	0.7099916	-0.277835	-4.827784	5.684664	-14.395222	Triplo salto in lungo	3	Petto
159	428333148	0.9997818504563178	0.01758538399092019	0.0012924012336657245	-0.011195332379344948	-0.09064847027490411	0.14555496315007505	-0.030099789869852858	-0.856201171875	0.814697265625	-1.822265625	0.2111976	-0.61777264	0.69834703	-0.29336715	-6.878122	6.419969	-14.349245	Triplo salto in lungo	3	Petto
160	428349815	0.9994859260377189	0.029704778058459336	0.007527101141891175	-0.009426163664028597	-0.12138141744590082	0.1900400577655056	4.055714590597004E-4	-0.870849609375	0.79052734375	-1.8740234375	0.22156213	-0.61552703	0.6851272	-0.3203709	-7.336991	7.9249754	-17.962639	Triplo salto in lungo	3	Petto
161	428366482	0.9991745616407094	0.03853169449282928	0.010616326731419101	-0.007266188570310862	-0.1210665239231063	0.22161091142279116	0.03533888799258131	-0.874267578125	0.75244140625	-1.944091796875	0.23566481	-0.6080651	0.6702877	-0.3541659	-6.808138	7.309068	-21.399546	Triplo salto in lungo	3	Petto
162	428383149	0.9988563555508396	0.04543382091486875	0.013621307822817454	-0.006017380324214172	-0.08029596528049023	0.20026120096569083	0.03698981180165402	-0.872314453125	0.7021484375	-2.025390625	0.25194618	-0.5959056	0.6532772	-0.3932542	-5.4216833	4.445036	-20.919952	Triplo salto in lungo	3	Petto
163	428399816	0.998661716522129	0.049193689748254	0.014840626321956709	-0.005874747007280885	0.0032573349123826215	0.14836924425029882	7.384602955869818E-4	-0.8671875	0.642333984375	-2.11279296875	0.2690762	-0.5807712	0.6336649	-0.43447888	-5.168893	-0.36375147	-17.053436	Triplo salto in lungo	3	Petto
164	428416483	0.998397260549621	0.054153813458770406	0.013607348650014341	-0.009225761627206813	0.0719023259518567	0.046573100571126916	-0.007242202215979293	-0.853515625	0.568359375	-2.19580078125	0.28750774	-0.5652973	0.6078125	-0.47785172	-2.5502853	-4.2249727	-11.313522	Triplo salto in lungo	3	Petto
165	428433150	0.9981596953028316	0.05730283285632071	0.013504604847783347	-0.014533879987953526	0.11161378099910299	-0.03389990107611844	-0.006427044102564873	-0.849609375	0.475341796875	-2.277099609375	0.30413058	-0.55028754	0.5753147	-0.5231647	-0.81005174	-6.151252	-6.5519304	Triplo salto in lungo	3	Petto
166	428449817	0.9980644737540727	0.057116606902138434	0.016892631154927566	-0.01787843557630514	0.09535923997271194	-0.0711917468541126	-0.004175689006264284	-0.84326171875	0.370361328125	-2.34716796875	0.31569162	-0.5334474	0.53985626	-0.56949824	-0.07926077	-4.724652	-4.454264	Triplo salto in lungo	3	Petto
167	428466484	0.9982280019989405	0.05288633455505831	0.018759442602684837	-0.019798357400810044	0.053271873936048236	-0.08158169893741515	0.029114422669443696	-0.826904296875	0.26416015625	-2.391845703125	0.321671	-0.5159636	0.50428915	-0.61318994	1.9795885	-2.4107125	-4.5686755	Triplo salto in lungo	3	Petto
168	428483151	0.998534312342527	0.0488197223238343	0.013491758132615663	-0.01907443968643152	0.03685110492253949	-0.08456903524760057	0.03964948292522593	-0.811279296875	0.165771484375	-2.43310546875	0.3276311	-0.50096077	0.46819407	-0.6499929	2.3429995	-1.2602053	-4.407087	Triplo salto in lungo	3	Petto
169	428499818	0.9988172944196672	0.044825348755705985	0.010155148651971008	-0.015861066577047615	0.07060944134692174	-0.12232097619167319	0.022366454245410783	-0.802978515625	0.076171875	-2.4580078125	0.3344114	-0.48656738	0.43392202	-0.6805388	0.40482724	-1.6205015	-1.3980284	Triplo salto in lungo	3	Petto
170	428516485	0.9990831681598344	0.03967989378945683	0.008699323841047187	-0.013514839742815199	0.046667655756646914	-0.17806766477588887	0.021951435720297646	-0.789306640625	-0.01171875	-2.47314453125	0.34021688	-0.47284013	0.4028587	-0.7059601	0.05828704	1.4669862	1.2136478	Triplo salto in lungo	3	Petto
171	428533152	0.9994800258906418	0.029955875454974884	0.004765518615757748	-0.010936782145170134	0.002105794605635189	-0.1500145039508617	0.11042454747137193	-0.779052734375	-0.081787109375	-2.478271484375	0.34439287	-0.46345812	0.37798414	-0.72369057	5.3062	2.2510347	-0.23709011	Triplo salto in lungo	3	Petto
172	428549819	0.9997839345386065	0.019601254013902253	-0.0018493950809552464	-0.006667444594475047	-0.019436482292386037	-0.0532783879260822	0.18391783124326078	-0.775146484375	-0.132080078125	-2.478271484375	0.34919977	-0.46036515	0.36002347	-0.7324661	10.19033	-4.3607378E-4	-4.3809333	Triplo salto in lungo	3	Petto
173	428566486	0.9999171925951224	0.012735797056323911	-7.197380276817433E-4	-0.001699824461738997	0.033139946175071655	0.029931321620864967	0.24898467871008184	-0.787109375	-0.1591796875	-2.475830078125	0.35404754	-0.45676047	0.34958637	-0.7374346	13.491981	-5.644315	-5.7563534	Triplo salto in lungo	3	Petto
174	428583153	0.9999240717827786	0.011245343086320081	0.0018147061260995747	0.004701039235691984	0.04477456229055082	0.043234559701638114	0.12202924775817547	-0.78076171875	-0.185546875	-2.475830078125	0.3619766	-0.44935793	0.3438187	-0.7408369	6.3771944	-4.977304	-8.359603	Triplo salto in lungo	3	Petto
175	428599820	0.9999344091896624	0.0054103733763759265	-5.472152880180715E-4	0.010079966958168153	-0.003644474914481816	-0.07106851724102703	-0.013846688433953886	-0.781982421875	-0.196044921875	-2.47412109375	0.37198317	-0.4438862	0.34377623	-0.7391968	-1.6595469	2.4787068	-6.646767	Triplo salto in lungo	3	Petto
176	428616487	0.999862352083522	-0.00678365528054467	-0.006695503068384624	0.013580469274029339	-0.005621448864573558	-0.263086414993017	-0.050265263912912264	-0.795654296875	-0.191650390625	-2.47412109375	0.3812348	-0.4462577	0.35203975	-0.7290969	-6.5119257	8.5154505	2.164422	Triplo salto in lungo	3	Petto
177	428633154	0.9994889886321964	-0.02667255217430295	-0.010648375102231877	0.014033840215007977	-0.042802117583062634	-0.32134735444326457	0.11864714927974752	-0.805908203125	-0.151611328125	-2.4765625	0.3831836	-0.45872065	0.3734968	-0.7093984	2.6721537	9.896371	8.185219	Triplo salto in lungo	3	Petto
178	428649821	0.9989640682545556	-0.042897447084662754	-0.012822347241467665	0.008135525867766336	0.2369835336727884	-0.26889276459022204	0.6490988581887531	-0.842041015625	-0.057373046875	-2.4677734375	0.3739102	-0.48036477	0.40248385	-0.6837016	29.176758	-12.671213	21.28927	Triplo salto in lungo	3	Petto
179	428666488	0.9997628968528147	-0.021314500447234097	-4.4403654790925456E-4	-0.004432265639280398	0.31435074857968587	0.044709053177185445	0.47319313968866283	-0.849365234375	-0.00732421875	-2.4580078125	0.36096185	-0.48966178	0.414366	-0.6769335	22.627184	-23.425018	0.5895872	Triplo salto in lungo	3	Petto
180	428683155	0.9999164331133472	-0.00861846533483937	-0.00474219967976633	-0.008388109879493122	0.30628127014350637	0.34903771465136085	0.36650378607261175	-0.854736328125	0.020263671875	-2.4521484375	0.35297766	-0.49868533	0.4135724	-0.67503905	18.12872	-29.310421	-18.302032	Triplo salto in lungo	3	Petto
181	428699822	0.99980590982295	-0.004912725480574309	-0.015157469798700363	0.011587015178951056	0.19090187427365624	0.31805519234797214	0.1905130363470881	-0.876953125	0.029052734375	-2.4482421875	0.36417475	-0.50508475	0.41598645	-0.66273797	9.37208	-20.377522	-20.90122	Triplo salto in lungo	3	Petto
182	428716489	0.9990046286060883	0.0018953607146466322	-0.011821593771459417	0.04296986795506186	0.05331675109714034	-0.09879898563900055	0.20215076585672254	-0.896728515625	0.042236328125	-2.446533203125	0.3976078	-0.4933398	0.43022355	-0.6429866	10.678755	-2.7890875	-1.406043	Triplo salto in lungo	3	Petto
183	428733156	0.9990931095718479	-0.0013350679293750445	-0.008450822633118723	0.04171042551332805	-0.2728203316684438	-0.5282770129336073	0.1816833430458326	-0.890869140625	0.048828125	-2.444091796875	0.42663735	-0.4804032	0.44644988	-0.6227969	11.054366	23.582886	16.889956	Triplo salto in lungo	3	Petto
185	428766490	0.9999946220547732	0.0016032609323211044	0.001940268342116802	-0.0021025638336787393	-0.08246979526336387	-0.5468279473542809	0.446154909991899	-0.897705078125	0.051025390625	-2.438232421875	0.4256359	-0.47772515	0.44330654	-0.6277676	15.529818	-1.0804563	-1.8139324	Triplo salto in lungo	3	Petto
186	428783157	0.9998172465676536	-0.009363014586625806	0.01554306758389923	-0.00601834477315949	0.13841109055356013	0.08342744088331798	0.3426206518948711	-0.87158203125	0.05908203125	-2.437744140625	0.41081756	-0.47349495	0.45192122	-0.6346643	19.133886	-12.265044	-9.6160345	Triplo salto in lungo	3	Petto
187	428799824	0.9997273621374353	-0.006949397553998871	0.021421363250760165	0.006167046606012306	0.22545534478399143	0.08082548982048278	0.3564733567644387	-0.83056640625	0.079833984375	-2.440673828125	0.40201458	-0.45872864	0.46678105	-0.6403656	18.342052	-18.026768	-8.214594	Triplo salto in lungo	3	Petto
188	428816491	0.9996800467088427	0.0014201161126772277	0.018199504986195273	0.01750901198497884	0.16446630423766984	0.00591752121921954	0.3135309082524096	-0.780029296875	0.082763671875	-2.43994140625	0.40551528	-0.4370695	0.47962013	-0.6438107	15.591184	-13.698225	-5.267848	Triplo salto in lungo	3	Petto
189	428833158	0.9997229987800353	0.008451177052383962	0.009265038871975328	0.019916384495771104	0.13261917694575104	-0.14071104847065588	0.3435688938180706	-0.74658203125	0.067138671875	-2.444091796875	0.41768548	-0.4169053	0.48484695	-0.6454862	16.386908	-11.106397	3.134615	Triplo salto in lungo	3	Petto
190	428849825	0.9997961532752943	0.014803902272223612	-2.488049647026425E-4	0.01372714353127652	0.12751722006804778	-0.24933740746387012	0.3145393377558928	-0.73388671875	0.0390625	-2.447509765625	0.432939	-0.4030399	0.47898725	-0.64860934	13.36464	-9.70288	9.311352	Triplo salto in lungo	3	Petto
194	428916493	0.9958889863879259	0.08266591029360912	-0.03696396330266153	0.0022670429016614646	0.3451726183880403	-1.1216623613613375	1.0960098854262312	-0.811279296875	-0.131103515625	-2.46484375	0.48340648	-0.38463682	0.4002896	-0.6768611	11.213978	0.087878145	9.005678	Triplo salto in lungo	3	Petto
195	428933160	0.9994731218624975	0.028202976446682237	-0.012764565531356522	-0.009753802375319311	-0.15748994424996482	-0.18263297439115403	0.2608420109324796	-0.835693359375	-0.188232421875	-2.459716796875	0.49242023	-0.38240483	0.36922845	-0.689173	12.590975	8.791515	4.967597	Triplo salto in lungo	3	Petto
197	428966494	0.9986558435953083	0.043349317076226274	0.009900287376515937	-0.026633194923443685	0.04782962914224745	-0.2924317897812734	0.6648209540377142	-0.8232421875	-0.287841796875	-2.45166015625	0.4864854	-0.3611894	0.3303816	-0.72368675	13.711972	-3.6734972	6.814434	Triplo salto in lungo	3	Petto
198	428983161	0.999675045388482	0.018748903094706004	0.010300991732405675	-0.013862605440929432	0.07709112850345046	-0.07544029238098676	0.28218234423220595	-0.799560546875	-0.327392578125	-2.44580078125	0.4797705	-0.34780696	0.3151777	-0.7412918	10.900055	-5.0910807	3.7447472	Triplo salto in lungo	3	Petto
208	429149831	0.9926675178485903	0.08121959244547161	0.03643259056618759	-0.0817755657635379	0.3935864126890243	-1.4952079901848345	1.8205694106757488	-0.6796875	-0.4990234375	-2.4208984375	0.4319565	-0.2936358	0.23006429	-0.82113475	0.7695344	2.118732	1.7963705	Triplo salto in lungo	3	Petto
209	429166498	0.9999249116591413	-0.008991914486308178	-0.0021607711733022533	-0.008040372209418003	0.023483664494787327	-0.09458975892055567	0.16352378132396855	-0.67529296875	-0.4814453125	-2.42431640625	0.42320323	-0.30034414	0.23360634	-0.8222655	2.7634869	0.55330205	1.256424	Triplo salto in lungo	3	Petto
210	429183165	0.9999223514069102	-0.009069723825609	-0.0030109737226340504	-0.007997831196278948	0.028025450367163585	-0.05864097769624176	0.1658929515521216	-0.678466796875	-0.462890625	-2.431884765625	0.41460595	-0.3077449	0.23688796	-0.8229698	4.137255	-0.8221637	0.009672165	Triplo salto in lungo	3	Petto
211	429199832	0.9999359823578473	-0.009039808213946107	-0.0018299470800608039	-0.006554719458988168	0.040963035949045865	-0.0292428034395456	0.1630152798918161	-0.6787109375	-0.442626953125	-2.431884765625	0.4068692	-0.31378126	0.2410652	-0.8233386	4.772223	-2.3961434	-1.0793228	Triplo salto in lungo	3	Petto
212	429216499	0.9999220212787447	-0.011699787559791563	0.0025466053365055395	-0.003546989448160731	0.04405178852397677	-0.02470398447383653	0.16315528535698337	-0.673583984375	-0.421142578125	-2.44287109375	0.39965636	-0.31653365	0.25011092	-0.82311964	4.9474373	-2.7347732	-1.2664013	Triplo salto in lungo	3	Petto
213	429233166	0.9999118736472166	-0.012423716087159406	0.004649367233430762	-5.287742685023967E-4	0.029683789250541992	-0.03896741840987861	0.1359798055994973	-0.667236328125	-0.395263671875	-2.445068359375	0.39410624	-0.31704155	0.26148847	-0.82206374	3.8465767	-1.4460381	-2.1756997	Triplo salto in lungo	3	Petto
214	429249833	0.9998814703390955	-0.014254559323439109	0.005510946554087418	0.0018660865738602816	0.022377252866314274	-0.07328017890819492	0.1144824525254202	-0.65185546875	-0.366455078125	-2.46142578125	0.38965344	-0.31688225	0.2754254	-0.8196932	2.207591	0.104071096	-1.8489437	Triplo salto in lungo	3	Petto
215	429266500	0.9998539333904775	-0.016110434788735334	0.005620258309980254	9.891769496238603E-4	0.006339542495582868	-0.09840253738902241	0.09764698918212691	-0.639892578125	-0.333984375	-2.459716796875	0.3837867	-0.3175367	0.29061922	-0.816957	1.3601874	1.7112622	-1.7784443	Triplo salto in lungo	3	Petto
216	429283167	0.9998655348015213	-0.01603081068662643	0.003207299250634566	-0.0012801001188532668	-0.013888322402888792	-0.09750246025575497	0.0837430295889177	-0.63134765625	-0.302001953125	-2.463623046875	0.3767193	-0.32072333	0.30409202	-0.814093	1.548373	2.6563106	-2.6917534	Triplo salto in lungo	3	Petto
217	429299834	0.9998673024235128	-0.01575387319491814	-0.0014705510175683223	-0.0038769193170101195	-0.022782366602453724	-0.08757743838696971	0.07177974423657872	-0.63232421875	-0.26708984375	-2.475341796875	0.36898795	-0.32833043	0.3147421	-0.8105458	1.7277915	2.805877	-3.7158346	Triplo salto in lungo	3	Petto
218	429316501	0.9998609402227223	-0.013740402644501298	-0.004991831423603405	-0.008023912458332283	-0.016789488540898144	-0.09030863925208807	0.056074045276007664	-0.63818359375	-0.236328125	-2.47119140625	0.35959747	-0.33927384	0.3210879	-0.80776584	0.9586655	2.778903	-4.063824	Triplo salto in lungo	3	Petto
219	429333168	0.9998285837440243	-0.012652595902889613	-0.0070677714081304474	-0.011522219953606529	-0.0047541812983957574	-0.07417226832241922	0.03364894270797309	-0.65234375	-0.205078125	-2.4765625	0.34832996	-0.3525409	0.32459438	-0.8056177	0.09796847	2.0553188	-5.370604	Triplo salto in lungo	3	Petto
220	429349835	0.999869916329927	-0.005706139332495447	-0.008257416893393656	-0.012625587453718445	9.28845545778283E-4	-0.07141260432906951	0.021523688051473946	-0.662841796875	-0.187255859375	-2.474609375	0.33890855	-0.36463323	0.32166448	-0.80542886	-0.43137765	1.9389329	-5.8026624	Triplo salto in lungo	3	Petto
221	429366502	0.9998961539066006	0.0049295514885562	-0.0077908362923089225	-0.011076271700160236	5.912301099973757E-4	-0.060135493517507514	-0.0030209219101022724	-0.678955078125	-0.18896484375	-2.472900390625	0.33437786	-0.37220272	0.31086856	-0.80809504	-1.2896472	2.053988	-7.1348515	Triplo salto in lungo	3	Petto
222	429383169	0.9999271113038064	0.008178987762615803	-0.002999883853531116	-0.008359242529650923	-0.0014115193576191526	-0.07602331780318324	-0.0024360907751549993	-0.688232421875	-0.203369140625	-2.475830078125	0.33168977	-0.3739501	0.30005616	-0.81247133	-1.4888102	2.7612195	-6.497247	Triplo salto in lungo	3	Petto
