2	460576498	0.9990209439993313	-0.042874248562660255	-0.006651342252575272	-0.008643604983525843	-0.018904886026219606	0.21281076411903613	-0.2768585248247069	-0.7890625	-0.75830078125	-0.599853515625	0.08778392	-0.1242067	0.7809356	-0.60581076	-4.1745176	18.067694	-19.630867	Triplo salto in lungo	2	Petto
3	460593165	0.9989110942814301	-0.044678896817624214	-0.008314686050699073	-0.010549307868968684	0.009376628247966909	-0.015558617252488298	-0.22664304409399952	-0.7607421875	-0.82666015625	-0.656005859375	0.0800174	-0.14112793	0.8085728	-0.5655883	-4.310573	12.145013	-5.339478	Triplo salto in lungo	2	Petto
4	460609832	0.9985935188257159	-0.050055579780999226	-0.011833622154827252	-0.012860345203748513	0.001089195567134188	-0.24575307820653475	-0.16105120302594517	-0.733154296875	-0.891357421875	-0.72509765625	0.07298789	-0.1619688	0.8353275	-0.5202567	-0.7322499	3.7456403	7.3988	Triplo salto in lungo	2	Petto
5	460626499	0.9987127802444145	-0.04465223023178527	-0.017118280613498293	-0.016909328213652822	-0.0876423120578285	-0.27807268039581856	-0.08308921365307986	-0.6875	-0.942626953125	-0.801513671875	0.07062374	-0.18792991	0.85417235	-0.47967118	6.7440133	-0.7869944	7.061903	Triplo salto in lungo	2	Petto
6	460643166	0.9991393634416774	-0.03567515754777206	-0.018560361186397815	-0.010165065072671425	-0.06572941757566957	-0.1586546106590119	-0.056929928294958645	-0.640869140625	-0.984619140625	-0.865478515625	0.07741459	-0.20750521	0.8666921	-0.44698262	4.956851	-0.2060861	-0.15777683	Triplo salto in lungo	2	Petto
7	460659833	0.9996297980140819	-0.025795638038619395	-0.008546906788975963	-0.001342521823619908	0.09325784338438947	-0.13454902292317683	0.008192032187840162	-0.623291015625	-1.015625	-0.91650390625	0.080899395	-0.21416496	0.8764623	-0.4235594	-2.5613906	-6.916658	-3.307498	Triplo salto in lungo	2	Petto
8	460676500	0.9999494566916501	-0.00855358244312876	-0.004722002636876278	0.0023712824714877123	0.17130138281913895	-0.033698267735240706	0.04126898356934784	-0.62353515625	-1.032470703125	-0.94189453125	0.08320472	-0.21507661	0.8794286	-0.41644245	-7.7802696	-7.424755	-9.354616	Triplo salto in lungo	2	Petto
9	460693167	0.9999230420685647	0.003886418241938583	-0.011712133628300037	0.001277348609033058	0.13761090297106218	-0.01771360682743295	0.00579776868385911	-0.61865234375	-1.031494140625	-0.939697265625	0.09151484	-0.21908227	0.87665206	-0.41846046	-6.9391046	-4.518695	-8.892082	Triplo salto in lungo	2	Petto
10	460709834	0.999886208431653	0.01072218123461044	-0.010607221096610999	-3.0311442186339854E-4	0.043568725827350066	-0.03742953190747492	0.0173180122461732	-0.603759765625	-1.017822265625	-0.927490234375	0.09972356	-0.22329913	0.8709812	-0.42612708	-1.2705938	-3.1633089	-8.657862	Triplo salto in lungo	2	Petto
15	460793169	0.9924669654192614	0.12140992896829236	-0.013149247624289264	-0.009800458474578668	-0.37787670328510164	-0.6373585511565291	-0.08599725795935609	-0.574462890625	-0.89306640625	-0.739990234375	0.14164658	-0.22187649	0.8047029	-0.53212833	4.53932	-0.23351538	-2.3262472	Triplo salto in lungo	2	Petto
16	460809836	0.999458849528823	0.0315502951000903	-0.008857864744727608	-0.002850475360847371	-0.04817323307583581	-0.1113112346348282	0.01376014208836961	-0.55615234375	-0.846923828125	-0.702392578125	0.15627706	-0.22367166	0.78477114	-0.5564915	4.2257466	-1.4141506	-4.0003767	Triplo salto in lungo	2	Petto
17	460826503	0.9992631060373693	0.03658898534412283	-0.01109334728874889	-0.003380637509109053	-0.039958677040734705	-0.06158617476265583	0.026904564175546215	-0.537353515625	-0.79541015625	-0.658203125	0.17299685	-0.22601947	0.76041687	-0.5837412	3.482085	-1.0655296	-6.8560534	Triplo salto in lungo	2	Petto
18	460843170	0.9990048430809092	0.04265306381679049	-0.012759819726259449	-0.0026882426382587865	-0.019180674721610266	-0.028127874892560203	0.014359558918729587	-0.5126953125	-0.73193359375	-0.6142578125	0.1921056	-0.22731887	0.73107624	-0.6139619	1.6530128	-0.43036804	-8.398911	Triplo salto in lungo	2	Petto
19	460859837	0.9988314564353427	0.04667547070451425	-0.012409276846150287	-0.0017697225544682784	0.014824946424466197	-0.0040833283408274025	0.006199929470025244	-0.48974609375	-0.662353515625	-0.572509765625	0.21136717	-0.22654766	0.69818985	-0.6453921	-0.49948373	-0.8433504	-9.637927	Triplo salto in lungo	2	Petto
20	460876504	0.9986925602353707	0.04934533423123562	-0.013344953159329766	3.4690820580174364E-4	0.04502994506057703	0.0080790496604561	0.015489145611983193	-0.466796875	-0.5830078125	-0.535888671875	0.23192097	-0.22406621	0.66235846	-0.6762311	-1.6565769	-2.3097584	-10.37486	Triplo salto in lungo	2	Petto
21	460893171	0.998621057457447	0.05127773734750993	-0.01077612041271947	0.0032330301484402306	0.06778870967496003	0.004239486990153678	-0.02674656776449932	-0.449462890625	-0.495361328125	-0.50341796875	0.25193194	-0.2172407	0.62466145	-0.70649487	-4.1969986	-1.215786	-10.115627	Triplo salto in lungo	2	Petto
22	460909838	0.9987079205439816	0.05025195261777182	-0.005088194008004699	0.00559830175626258	0.08236018480541252	-0.008352042822331558	-0.10178861328337638	-0.436279296875	-0.404296875	-0.489990234375	0.268378	-0.2051086	0.5884278	-0.73461324	-7.686512	1.6747626	-10.100356	Triplo salto in lungo	2	Petto
23	460926505	0.9988646620113512	0.04701403767544224	-3.8429847202292594E-4	0.007675907834619578	0.0897255972597854	0.014738793652608708	-0.07364144405521872	-0.4326171875	-0.32177734375	-0.465087890625	0.28123143	-0.1893566	0.55594945	-0.758929	-6.7575073	-0.21839842	-11.701743	Triplo salto in lungo	2	Petto
24	460943172	0.9990073477341452	0.04335148261381862	-4.863655815060542E-4	0.010233844678011583	0.06539777645744399	0.0769214999378597	0.010367661012052762	-0.433349609375	-0.246337890625	-0.452880859375	0.29463527	-0.17328058	0.5256327	-0.77902126	-1.6854746	-3.9853313	-14.097398	Triplo salto in lungo	2	Petto
25	460959839	0.9991770241297088	0.038653233887282326	-0.0024387065487383452	0.012052164607393947	0.02781851513744197	0.1399994016750556	0.0174878778777601	-0.42626953125	-0.1826171875	-0.449951171875	0.31020164	-0.15851599	0.49660167	-0.795006	1.6231326	-4.1334825	-17.21016	Triplo salto in lungo	2	Petto
26	460976506	0.9993778561508582	0.032735440804560104	4.918115669486635E-4	0.01311677064023098	-0.008372380193007886	0.1865253467251165	-0.044579788701603944	-0.430419921875	-0.123779296875	-0.449951171875	0.3249362	-0.14185429	0.4716649	-0.8073575	2.6333442	-1.3673048	-20.941128	Triplo salto in lungo	2	Petto
27	460993173	0.9996779493494925	0.020482680592898483	0.006206697826908498	0.013635772152995497	-0.0019459065350804564	0.1377897187237675	-0.11229600926076393	-0.43212890625	-0.0888671875	-0.45458984375	0.33601326	-0.123555176	0.45811114	-0.8136115	-0.2811119	1.72732	-20.333336	Triplo salto in lungo	2	Petto
28	461009840	0.9998561804995719	0.009670395137889032	0.007074309004559382	0.012002330056808896	0.003989136745597019	0.05777792125788417	-0.13743727149287843	-0.443603515625	-0.068603515625	-0.453369140625	0.3436429	-0.10885187	0.45395902	-0.8148509	-2.8700678	4.074765	-17.244978	Triplo salto in lungo	2	Petto
29	461026507	0.9999563752831384	0.0015071659849854036	0.001454863403907325	0.009102711342077243	-0.028729511891323115	-0.004265411593491323	-0.08233455311710203	-0.44580078125	-0.06640625	-0.456298828125	0.35005724	-0.103008054	0.45488617	-0.8123594	-1.2604345	4.514189	-12.152543	Triplo salto in lungo	2	Petto
30	461043174	0.9999454761130538	-0.006663992136237917	0.0011518194055291366	0.007956715522341729	-0.050746140816528826	0.003305601851092046	-0.08088207749104424	-0.44384765625	-0.079345703125	-0.455078125	0.35481903	-0.10064785	0.462404	-0.8063227	-0.029894551	5.1898313	-12.245749	Triplo salto in lungo	2	Petto
31	461059841	0.9998960721002871	-0.012715247014142145	-0.003034165459539995	0.0060795831889243765	-0.06928469013547513	0.04485141242324817	-0.14336629810596935	-0.43798828125	-0.10107421875	-0.4541015625	0.35949343	-0.1044381	0.47312197	-0.79750407	0.09616427	7.716361	-16.05502	Triplo salto in lungo	2	Petto
32	461076508	0.9997733331058012	-0.019828130429499102	-0.004078850495002507	0.006594742817342958	-0.14956072857148967	0.03017700863763151	-0.41984398366091424	-0.42822265625	-0.136474609375	-0.455810546875	0.3642924	-0.11111112	0.48931333	-0.78454953	-5.4446163	22.658573	-23.051855	Triplo salto in lungo	2	Petto
33	461093175	0.9997491687506109	-0.019128778008640157	-0.0038652079342994805	0.010988612377519193	-0.05479846797376624	-0.02842827034649358	-0.701182161897029	-0.420166015625	-0.1796875	-0.46044921875	0.37162873	-0.11490319	0.5073532	-0.76894873	-20.79198	31.733253	-28.370152	Triplo salto in lungo	2	Petto
34	461109842	0.9998507852636974	0.009135351694665284	-0.0029181581745582057	0.014367912508455816	0.23240149597950566	-0.1530305931087438	-0.40235503593772276	-0.411865234375	-0.186767578125	-0.4638671875	0.38187632	-0.10643462	0.50729877	-0.7651735	-27.283554	9.275898	-15.381987	Triplo salto in lungo	2	Petto
35	461126509	0.9997037761098502	0.022311486525405017	0.005759372820396542	0.00783500002864729	0.28025037482225834	-0.11368871362494876	-0.3116275408744672	-0.418701171875	-0.150390625	-0.46142578125	0.38211566	-0.09146358	0.4994501	-0.77212167	-25.14037	2.867056	-16.027952	Triplo salto in lungo	2	Petto
36	461143176	0.999899991573497	0.010038975549287482	-0.006080100325984551	-0.007890386636128288	0.035088697758729526	0.29429005004988	-0.22131982382090953	-0.4072265625	-0.1240234375	-0.46728515625	0.37427908	-0.09935958	0.49409425	-0.77840465	0.10732019	4.3203144	-31.580885	Triplo salto in lungo	2	Petto
37	461159843	0.9999253549254963	0.010589145123144711	0.005515600870791421	-0.002594750414867231	-0.2762321430494438	0.5729719766608176	-0.329740009025849	-0.40625	-0.09375	-0.468017578125	0.36745542	-0.09383675	0.49094987	-0.7843083	17.652	17.165365	-45.049664	Triplo salto in lungo	2	Petto
38	461176510	0.9999049232472779	0.0041417766160836145	0.005626686933597137	0.011888252456483783	-0.07597813856401195	0.33766159714140903	-0.33482787325752017	-0.417724609375	-0.09619140625	-0.459228515625	0.37448427	-0.08058093	0.49305755	-0.781129	2.8689227	12.262123	-35.817497	Triplo salto in lungo	2	Petto
39	461193177	0.9997885721924661	0.013754905836761477	-0.0030276678655020432	0.014981545516672913	0.07634047935180793	0.011738341501989654	-0.292339959233234	-0.41015625	-0.079833984375	-0.46044921875	0.38890794	-0.068746105	0.48449063	-0.7805726	-11.555421	9.309411	-20.249825	Triplo salto in lungo	2	Petto
40	461209844	0.9997854505567718	0.017550973448534235	-0.005145440064755009	0.009723200735446136	-0.057577382519348894	-0.2590062132925083	-0.31147273435446693	-0.395263671875	-0.05908203125	-0.47021484375	0.39881825	-0.060799107	0.4723357	-0.78367496	-15.029624	19.0076	-5.87692	Triplo salto in lungo	2	Petto
41	461226511	0.9997270202769242	0.02207177346801298	-0.007616443297560532	-8.435257519643914E-4	-0.056987444772376744	-0.25652163438821746	-0.30041628353137634	-0.382568359375	-0.021240234375	-0.47998046875	0.4004372	-0.058583904	0.45643708	-0.7923909	-14.862766	18.447279	-6.311743	Triplo salto in lungo	2	Petto
42	461243178	0.9994081275201069	0.03207976977782542	-0.010519502115948877	-0.006604778042282988	-0.07234786814762725	-0.12444903410271047	-0.32696451713368657	-0.362548828125	0.033935546875	-0.5009765625	0.39846888	-0.05777207	0.43169832	-0.80716896	-10.382231	18.295183	-13.930418	Triplo salto in lungo	2	Petto
43	461259845	0.9994935263774654	0.028025508468469698	-0.013322184928133392	-0.007055564709024687	-0.05314395571870815	0.008195599787248223	-0.3874921196854802	-0.340576171875	0.095947265625	-0.521240234375	0.3968921	-0.061035365	0.40896696	-0.81944954	-7.7746825	17.353249	-23.572948	Triplo salto in lungo	2	Petto
44	461276512	0.9995935968701686	0.01902687232790254	-0.02081531859001998	-0.004164341193097942	-0.04531500262081699	0.0491090340600416	-0.2702619208817636	-0.31103515625	0.136962890625	-0.55029296875	0.40033633	-0.07263114	0.39047277	-0.825825	-3.3295157	11.084639	-21.85599	Triplo salto in lungo	2	Petto
45	461293179	0.9991272692812676	0.02076443065874009	-0.035832678162267206	-0.005436669356793712	-0.04886684677194133	0.09387357520452701	-0.22709569383515182	-0.259033203125	0.1728515625	-0.59423828125	0.40910533	-0.09605712	0.36317798	-0.8315694	-0.5821385	8.100276	-22.462555	Triplo salto in lungo	2	Petto
46	461309846	0.9991968881395425	0.023471130902784798	-0.03088695914338527	-0.010033967374554031	-0.07198740642747276	0.08251869217997487	-0.23816356011187342	-0.211669921875	0.2255859375	-0.6474609375	0.4127377	-0.11548073	0.33372462	-0.83960694	-0.747961	8.85379	-22.790205	Triplo salto in lungo	2	Petto
47	461326513	0.9997314886909595	0.013677875633347714	-0.015822011232301845	-0.009976482269887068	-0.06361967258455453	0.04956116289582003	-0.23915963379525695	-0.185791015625	0.2587890625	-0.688720703125	0.4103173	-0.12598093	0.31790134	-0.84540373	-2.5138347	8.396837	-22.160887	Triplo salto in lungo	2	Petto
48	461343180	0.9998118613021958	0.009227042791879053	-0.011689996514104269	-0.012427697383496694	-0.018036305402408484	0.01890876600949353	-0.17828723030207708	-0.17919921875	0.28662109375	-0.71142578125	0.40390643	-0.13562371	0.30687916	-0.8510529	-3.7064533	5.0161924	-18.643713	Triplo salto in lungo	2	Petto
49	461359847	0.9996180532534512	0.012476293347348288	-0.018475688777846694	-0.01633213514134974	0.008595633287294346	-0.007840975065719048	-0.19315812826272472	-0.16748046875	0.31982421875	-0.735595703125	0.39651486	-0.15116775	0.28930223	-0.85803777	-6.1796355	4.6650424	-18.46389	Triplo salto in lungo	2	Petto
50	461376514	0.9995618321145389	0.014355241415832276	-0.018593836419258995	-0.01800944393737075	-0.010152632896610898	0.00576854247807064	-0.23790197912030675	-0.157470703125	0.35986328125	-0.775146484375	0.38756287	-0.16691172	0.2695132	-0.8656202	-6.414941	5.724128	-21.22871	Triplo salto in lungo	2	Petto
51	461393181	0.9996828782358916	0.01714937469618466	-0.006115029499980885	-0.017396790616306727	-0.06745480367471447	0.06252704201232903	-0.24096636450041625	-0.160888671875	0.40087890625	-0.80224609375	0.37590447	-0.17083661	0.25210804	-0.87518704	-2.4606876	5.9386578	-23.88982	Triplo salto in lungo	2	Petto
52	461409848	0.999705559235994	0.020734363599750838	0.004925548294631933	-0.011602584744745292	-0.08956085078611459	0.12240219281099472	-0.26381781763745965	-0.178466796875	0.4423828125	-0.831298828125	0.36710718	-0.16207933	0.23636581	-0.88492614	-0.04699818	4.6874547	-27.45869	Triplo salto in lungo	2	Petto
53	461426515	0.9998125164208194	0.016357740055009284	0.010344733826437996	-5.855173964960382E-4	-0.05468808504820204	0.1209249831928849	-0.36195175633497745	-0.193359375	0.46728515625	-0.837646484375	0.36613914	-0.147175	0.22777529	-0.89016867	-3.6673248	4.481677	-32.205956	Triplo salto in lungo	2	Petto
54	461443182	0.9995411176079914	0.011033123435844283	0.02736151532917225	0.00686817858741301	-0.040023688516412914	0.04591024008038837	-0.397251311019691	-0.207763671875	0.47265625	-0.8232421875	0.36677372	-0.117415145	0.23104829	-0.8934805	-7.007774	7.177383	-31.74073	Triplo salto in lungo	2	Petto
55	461459849	0.999207573943742	0.018178990328623024	0.03537795451255194	-0.0014658849207939142	6.265995466618393E-4	0.05895173982533529	-0.32916422173581883	-0.24658203125	0.489990234375	-0.80419921875	0.3580874	-0.08000556	0.22998849	-0.90137553	-5.454187	4.3020573	-28.63596	Triplo salto in lungo	2	Petto
56	461476516	0.9995035325466775	0.011328624080621685	0.028938876928401473	-0.005185759855190264	-0.010560048700378924	0.10095199150413675	-0.3163483201692757	-0.28857421875	0.513916015625	-0.790283203125	0.34630346	-0.051829077	0.23208193	-0.9074832	-1.7864013	3.4276478	-29.367594	Triplo salto in lungo	2	Petto
57	461493183	0.9993901266552752	-0.022300149744466147	0.02686884974232373	3.781254446703631E-4	-0.019548772146438492	0.1747494209121656	-0.3111929190141004	-0.32568359375	0.498291015625	-0.7392578125	0.3380307	-0.035593815	0.2635194	-0.9027879	2.4004178	1.1827116	-31.09074	Triplo salto in lungo	2	Petto
58	461509850	0.9993282144354985	-0.033584289861678995	0.014273938695608475	0.0033867361513986727	-0.14257949875341863	0.19632937208184725	-0.2908161835738474	-0.3466796875	0.455322265625	-0.687744140625	0.33534256	-0.03318997	0.29987344	-0.8924797	9.290084	5.8495717	-29.709024	Triplo salto in lungo	2	Petto
59	461526517	0.9991863405182794	-0.03802982369235261	0.012198058157484816	0.005621103877729073	-0.14547004251799972	0.052718228273156996	-0.24059120615433577	-0.360107421875	0.391845703125	-0.632080078125	0.3352839	-0.03251295	0.33869165	-0.87853044	4.8263326	10.946728	-22.1185	Triplo salto in lungo	2	Petto
60	461543184	0.9995419101981825	-0.030044167703562358	0.003612024324686714	-5.206002753084249E-4	-0.02431941680402084	0.05595770371527738	-0.26171221791378674	-0.368408203125	0.34228515625	-0.589111328125	0.332747	-0.038452275	0.3672244	-0.86772525	-1.416728	8.10164	-23.680706	Triplo salto in lungo	2	Petto
61	461559851	0.999483738806994	-0.031941238543013006	-0.0013390109687940188	-0.003196903244751526	0.08310821841253072	0.07631764100924168	-0.36511244290203815	-0.3720703125	0.29443359375	-0.55712890625	0.32909328	-0.050547715	0.3954759	-0.8560033	-8.159399	8.111363	-29.645533	Triplo salto in lungo	2	Petto
62	461576518	0.9991885082933698	-0.039801746167698715	0.004092814225927084	-0.004625447890160672	0.09757994370492237	0.12616086240502233	-0.3933144304979396	-0.376708984375	0.234619140625	-0.518798828125	0.3206919	-0.061635785	0.43198282	-0.8406836	-8.801958	8.177288	-32.26538	Triplo salto in lungo	2	Petto
63	461593185	0.9986941984854757	-0.04974841748211925	0.009858103248417157	-0.006149038121655071	0.048015361508438825	0.2084796810995637	-0.39065461967322596	-0.398193359375	0.156494140625	-0.47607421875	0.3067849	-0.07194186	0.4778903	-0.81995636	-5.1608763	9.213234	-34.361313	Triplo salto in lungo	2	Petto
64	461609852	0.9980180881223888	-0.06143255470800396	0.011290058679135241	-0.00764667101432992	0.0103164948421764	0.2502933322079497	-0.35070022918033156	-0.423828125	0.05419921875	-0.437255859375	0.28899023	-0.08510678	0.5321427	-0.79124314	-2.677134	9.96583	-33.522514	Triplo salto in lungo	2	Petto
65	461626519	0.9973046370739069	-0.0727124190330822	7.352518037390399E-4	-0.009788993514408708	0.002695077050446401	0.2649226073069519	-0.35308055364232005	-0.437744140625	-0.07568359375	-0.412841796875	0.272876	-0.11042765	0.58950096	-0.7522187	-3.7121537	12.564087	-32.830215	Triplo salto in lungo	2	Petto
66	461643186	0.9966267548560703	-0.08050237338119215	-0.008824147083247887	-0.013289612985589006	0.02345713844054967	0.20486508180755042	-0.2968457770669256	-0.42919921875	-0.223876953125	-0.41162109375	0.25728673	-0.14628446	0.6461696	-0.7034695	-6.434008	12.124408	-26.602316	Triplo salto in lungo	2	Petto
67	461659853	0.9967622494690304	-0.07534393710941167	-0.012625433646905273	-0.025078030216090123	-0.00909637302320887	0.18497898266822352	-0.21777639101166713	-0.404296875	-0.35791015625	-0.4365234375	0.23483518	-0.19009076	0.6922198	-0.6554003	-4.6853476	10.89933	-22.20005	Triplo salto in lungo	2	Petto
68	461676520	0.9977971569892011	-0.0552434466756713	-0.018071997558659517	-0.03197495907580988	-0.06272057033312264	0.22801486751344824	-0.15584364016533342	-0.361572265625	-0.451904296875	-0.481201171875	0.21433896	-0.23641661	0.7185775	-0.61790967	-1.7059872	10.802886	-22.818188	Triplo salto in lungo	2	Petto
69	461693187	0.998669799510998	-0.033085978629129514	-0.02271352839874663	-0.03237352607448469	-0.10533200787526087	0.30396259480824017	-0.10120407800311006	-0.301513671875	-0.49267578125	-0.525390625	0.20182751	-0.28020424	0.72743297	-0.59295243	-0.006981651	10.952236	-26.825909	Triplo salto in lungo	2	Petto
70	461709854	0.9991352620908671	-0.033940235315511436	-0.018596994352370725	-0.015196719198561637	-0.12841544433459626	0.3198078681061729	-0.1387861077930263	-0.25	-0.5185546875	-0.567626953125	0.1962665	-0.3084866	0.7406708	-0.56366855	-2.5939603	13.995421	-26.967669	Triplo salto in lungo	2	Petto
71	461726521	0.9980249596521806	-0.059192874487987435	-0.020200466981124047	0.005858724678375311	-0.05020088992445913	0.24756885253027966	-0.2110548813106336	-0.2236328125	-0.59716796875	-0.6376953125	0.1955788	-0.32602692	0.7721712	-0.5091238	-9.386255	13.738074	-20.453302	Triplo salto in lungo	2	Petto
72	461743188	0.9963233024961899	-0.08195545098740675	-0.015327951656272877	0.019703676168656037	0.05061990965886118	-0.028555053175207644	-0.4078544458049558	-0.216552734375	-0.72607421875	-0.7392578125	0.18926764	-0.33289889	0.8162841	-0.43247733	-17.09813	13.482679	1.8861074	Triplo salto in lungo	2	Petto
73	461759855	0.994159052427452	-0.10618665448135292	0.0022482973944799034	0.01916032477372551	0.11634180561003014	-0.35637934569834967	-0.41721326193916597	-0.236328125	-0.869140625	-0.865234375	0.15762588	-0.3338268	0.86605	-0.33715189	-11.596855	0.76966494	21.769722	Triplo salto in lungo	2	Petto
74	461776522	0.9940738151913608	-0.10853915042888299	0.0028385105697643635	0.0053334447418121045	0.2100483814899245	-0.5015177884050437	-0.09628254872342357	-0.263427734375	-0.98828125	-1.041015625	0.11776547	-0.34275395	0.901015	-0.2383756	2.2392926	-22.524721	14.378809	Triplo salto in lungo	2	Petto
75	461793189	0.9990586783041232	-0.04016923424142993	0.009477569071290772	-0.013355358856073836	0.05081783660569187	-0.3374368836981729	0.011642324867412526	-0.2509765625	-1.01220703125	-1.126708984375	0.09046007	-0.35670277	0.9067342	-0.20594458	9.397281	-15.503536	-0.27283	Triplo salto in lungo	2	Petto
76	461809856	0.9996618134315213	-0.025556168130726475	0.0026802089474333717	-0.003994686129661987	0.12256351141369196	-0.12292711872535614	0.010469178196832823	-0.241455078125	-1.012939453125	-1.176025390625	0.07715633	-0.3619947	0.91046107	-0.1845744	-0.66966987	-10.094434	-7.2581334	Triplo salto in lungo	2	Petto
77	461826523	0.9999409065287422	-0.002385765404242013	0.00704718590781489	0.007926458521551357	0.12395450800200082	-0.07286329302160297	0.12134128893907262	-0.25	-1.025146484375	-1.178955078125	0.07041482	-0.35374162	0.9140902	-0.1853317	-0.65102124	-10.093798	-14.823913	Triplo salto in lungo	2	Petto
78	461843190	0.9998114903879121	0.014084532370745695	0.007943813323991302	0.010747346931827065	0.10105720239552166	-0.029864759727747596	0.01933536494478142	-0.27001953125	-1.032958984375	-1.154541015625	0.069196776	-0.34154987	0.9153839	-0.20156366	-3.0723667	-5.6367106	-10.152447	Triplo salto in lungo	2	Petto
79	461859857	0.9998251269820569	0.015026368556582625	0.008518479285808291	0.00716653430695756	-0.004753797849681912	-0.050613212360443124	0.03168939640601967	-0.2900390625	-1.035888671875	-1.11865234375	0.06694313	-0.33232084	0.9149498	-0.2189714	2.5322578	-2.508444	-10.274913	Triplo salto in lungo	2	Petto
80	461876524	0.9998704232242943	0.014714556841589843	0.005219607341737876	0.0039210046447886865	-0.11207600181986035	-0.05668027080519245	0.06134510337588302	-0.30712890625	-1.036865234375	-1.09033203125	0.067230836	-0.32671028	0.91294926	-0.23508312	8.133367	0.6486994	-11.751526	Triplo salto in lungo	2	Petto
81	461893191	0.9997230418048753	0.022222688061498963	0.007737560437504787	-3.4925378308652005E-4	-0.15052735400680828	-0.139312151056752	0.04499834919063754	-0.311767578125	-1.0244140625	-1.044921875	0.067334145	-0.32375392	0.9075125	-0.2589802	12.489244	-1.0095555	-8.498875	Triplo salto in lungo	2	Petto
82	461909858	0.9996201293524779	0.026175812511216257	0.007683341895083629	-0.003923020524565085	-0.1301041952327978	-0.20472458765151147	0.010712913421879498	-0.312255859375	-1.002685546875	-0.99560546875	0.068607904	-0.32354477	0.8991335	-0.28665477	13.064352	-3.4528446	-4.3698854	Triplo salto in lungo	2	Petto
83	461926525	0.9993950347885209	0.0332540286928702	0.00838060972605992	-0.005787866304980239	-0.04988685674215196	-0.17016618671728484	-0.04227095862629441	-0.314697265625	-0.968505859375	-0.9365234375	0.07157717	-0.32391334	0.8870785	-0.321012	7.0685244	-3.3149242	-2.1522622	Triplo salto in lungo	2	Petto
84	461943192	0.9992920915707415	0.03608445285201867	0.008809127153272202	-0.005968857959484514	0.0017834566546673144	-0.2043458596984445	-0.0644605897528173	-0.31201171875	-0.931884765625	-0.867431640625	0.07501683	-0.32351935	0.8728175	-0.3576275	5.0677986	-5.1750283	0.8085823	Triplo salto in lungo	2	Petto
85	461959859	0.9990783581230244	0.041564873281879966	0.008850788980866997	-0.006038143231104604	0.01784039799219487	-0.19078910621229092	-0.0463938241097113	-0.310791015625	-0.8857421875	-0.80322265625	0.07996126	-0.3220876	0.8550197	-0.3985065	3.9767063	-5.154343	0.06458092	Triplo salto in lungo	2	Petto
86	461976526	0.9987075260937089	0.049471620472067296	0.008156288905876332	-0.008325325395163813	0.022325645723185135	-0.1555339612347787	-0.09414681654577212	-0.310546875	-0.822998046875	-0.7265625	0.08680561	-0.3213779	0.83124846	-0.44520462	1.2403195	-1.6685737	0.9794998	Triplo salto in lungo	2	Petto
87	461993193	0.9983730092540188	0.0552048635868326	0.009151422603914995	-0.010954857085268834	0.019174262961550035	-0.08760665306898933	-0.09850249370526136	-0.307861328125	-0.740478515625	-0.651123046875	0.09294596	-0.32082966	0.8017503	-0.49560684	-1.0631294	1.2697119	-1.9934759	Triplo salto in lungo	2	Petto
88	462009860	0.9983503710221132	0.055216928076930766	0.011305576267892527	-0.01094584300119908	0.015084329078517388	-0.008753413273906073	-0.10227314103102415	-0.30810546875	-0.6435546875	-0.579833984375	0.096695386	-0.31806967	0.76998067	-0.54462075	-3.3580997	3.8043787	-6.207773	Triplo salto in lungo	2	Petto
89	462026527	0.9984578294036921	0.05307424771350476	0.0139111850593166	-0.008459672709893092	0.017289634310483706	0.05373631956500394	-0.04002201718017025	-0.323486328125	-0.5419921875	-0.523681640625	0.098410375	-0.31115207	0.7382374	-0.5903436	-3.2360358	1.9059026	-11.583883	Triplo salto in lungo	2	Petto
90	462043194	0.9985482970176072	0.05244249323182356	0.011409291248912712	-0.004572909365402973	0.013929124228836081	0.06831943260401155	0.0019529888045339255	-0.33935546875	-0.44775390625	-0.47607421875	0.103495166	-0.3020205	0.7057824	-0.63241106	-2.0031629	-0.12925355	-13.484873	Triplo salto in lungo	2	Petto
91	462059861	0.9987530395182717	0.04877246953367613	0.010615700339867586	-9.58736092211865E-4	0.020148408622588924	0.06644917827182023	-0.0037384901409288043	-0.352783203125	-0.35205078125	-0.4423828125	0.10988508	-0.29044938	0.6747989	-0.6694856	-2.2585578	-0.41743886	-13.2960205	Triplo salto in lungo	2	Petto
92	462076528	0.9989532907703856	0.04432931479902094	0.011096762052897393	0.002024001088964944	0.03777659710690739	0.07124523947140655	-0.004726853521279922	-0.376953125	-0.27001953125	-0.418701171875	0.116281144	-0.27641904	0.646192	-0.7017886	-3.0290546	-1.2627244	-13.379244	Triplo salto in lungo	2	Petto
93	462093195	0.9992200314129476	0.03796633731832881	0.009508091087002568	0.0052423522983727775	0.055620999891485015	0.06414201273720156	0.019370871702862655	-0.39306640625	-0.19384765625	-0.403564453125	0.12387846	-0.26174462	0.62157476	-0.7278659	-2.8594105	-3.2465186	-12.740944	Triplo salto in lungo	2	Petto
94	462109862	0.9993439218925662	0.03450566226558978	0.009179754483975679	0.006067714199894714	0.05016266736328112	0.037712065254434754	-0.020116710309675406	-0.407470703125	-0.13232421875	-0.401123046875	0.13111043	-0.24692658	0.59868824	-0.7506062	-3.4799278	-0.95370764	-11.430067	Triplo salto in lungo	2	Petto
95	462126529	0.9995727566549499	0.02757182050488989	0.008580812594475797	0.004524215124076914	0.04461810912810357	0.015765206381739727	-0.07267231818916987	-0.42529296875	-0.0732421875	-0.400146484375	0.13562134	-0.23419926	0.57992643	-0.76840293	-4.6535244	2.083398	-10.851773	Triplo salto in lungo	2	Petto
96	462143196	0.9997943845619355	0.017962743217147872	0.008645854179181152	0.0037118270498244232	0.03302871648667209	0.03880532615440152	-0.12958800771029025	-0.439697265625	-0.0361328125	-0.400146484375	0.13704997	-0.22312798	0.56814355	-0.7801567	-5.8623123	4.80986	-13.320716	Triplo salto in lungo	2	Petto
97	462159863	0.9998960266212363	0.012020190553177795	0.007470159579440555	0.002765444265709294	0.019815074337349064	0.04628325956243794	-0.10217283840350232	-0.451416015625	-0.013916015625	-0.393798828125	0.13693357	-0.21434323	0.5606723	-0.78800577	-4.228874	3.6275547	-13.769293	Triplo salto in lungo	2	Petto
98	462176530	0.9999796925242779	0.006279814870013695	4.929547717943407E-4	9.671917298019195E-4	-0.046598236890476305	0.051662363882906556	-0.07434289445136369	-0.45849609375	2.44140625E-4	-0.39306640625	0.13803463	-0.21284696	0.55643016	-0.7912194	0.16119908	3.923445	-14.493191	Triplo salto in lungo	2	Petto
99	462193197	0.9998189238908112	3.462548904344942E-4	-0.0190245800402675	-2.547384202151171E-4	-0.07024005802691236	0.06642751068675566	-0.20353045847182322	-0.427978515625	0.009765625	-0.40576171875	0.14790313	-0.22813036	0.55387056	-0.7869618	-2.3956466	10.595202	-17.859642	Triplo salto in lungo	2	Petto
100	462209864	0.9997217762087178	-0.01540202847246229	-0.017862624355612537	-2.726612368583181E-4	-0.11142093197812356	0.031542051212209786	-0.3865262442080912	-0.3876953125	-0.012451171875	-0.4208984375	0.15351848	-0.24465735	0.5639265	-0.7736679	-6.469614	21.267986	-19.401619	Triplo salto in lungo	2	Petto
101	462226531	0.999989426915014	-0.004178281635671216	0.0012443635709074585	-0.0014627303436351993	-0.14938690597878915	-0.021285320173188044	-0.48322061686038087	-0.376953125	-0.02490234375	-0.42333984375	0.15010056	-0.24527828	0.5684194	-0.7708489	-8.47129	28.15722	-17.423763	Triplo salto in lungo	2	Petto
102	462243198	0.9996507264840362	0.020726022005539954	0.016339194018000245	0.0013739689249080422	-0.06310421846440088	-5.990292310350046E-4	-0.38736941361538724	-0.40234375	-0.00244140625	-0.419189453125	0.14620282	-0.22887236	0.55726725	-0.7846628	-9.584519	20.639751	-15.866352	Triplo salto in lungo	2	Petto
103	462259865	0.9990097933776434	0.03830822007434034	0.022197589949976285	0.004379498910491942	0.04523228255384158	0.060549425226557256	-0.3555271295825393	-0.43896484375	0.063232421875	-0.4140625	0.14498752	-0.2035043	0.533575	-0.807999	-13.55071	14.758863	-18.423306	Triplo salto in lungo	2	Petto
104	462276532	0.9992199836524378	0.03748868542795866	0.012297585503807275	0.0016709653743021136	-0.027052055175955242	0.17680339186472785	-0.42240985777038553	-0.472412109375	0.13427734375	-0.423828125	0.14607672	-0.18768415	0.50788563	-0.8279423	-10.698251	17.096603	-28.54119	Triplo salto in lungo	2	Petto
105	462293199	0.9995103454686511	0.0312611066397048	-0.001344474018460412	-7.001722890237484E-5	-0.2915786250989596	0.2070229714449841	-0.5276567069616505	-0.4775390625	0.201171875	-0.447509765625	0.15120643	-0.18491094	0.48468077	-0.8414448	1.5483235	27.139263	-36.7146	Triplo salto in lungo	2	Petto
106	462309866	0.9997940627880976	0.01836345725959382	-0.005285715724567431	0.006832031939604355	-0.2876505675909142	0.022710008252166403	-0.4451659291705451	-0.45947265625	0.238525390625	-0.466796875	0.16193826	-0.18357934	0.47313955	-0.84629405	3.1527638	27.230251	-25.988258	Triplo salto in lungo	2	Petto
107	462326533	0.9994726656262881	0.02932129344629597	0.008159504153028104	0.01131701853382844	-0.023509522735946753	-0.04182050578206755	-0.41638180472809516	-0.459228515625	0.278076171875	-0.487060546875	0.17230517	-0.16646229	0.45535627	-0.85746837	-10.59937	20.50434	-19.793226	Triplo salto in lungo	2	Petto
108	462343200	0.9994760927869147	0.031630360092748167	0.006128937415516207	0.003081621969414472	0.27603685020429586	-0.14045570302621635	-0.5002506852713331	-0.45947265625	0.3310546875	-0.51611328125	0.17645386	-0.15447092	0.4336893	-0.87000954	-29.142868	18.847271	-16.268955	Triplo salto in lungo	2	Petto
109	462359867	0.9997669183027246	0.019652824046037992	0.008014749121633927	-0.003954664461869762	0.066842845472331	0.0775556584662509	-0.5918057152298274	-0.47900390625	0.375244140625	-0.532958984375	0.17086609	-0.14676492	0.42178932	-0.87827027	-17.825516	20.723543	-33.292397	Triplo salto in lungo	2	Petto
110	462376534	0.9998960242089798	0.010850880593145512	0.00948234869499029	-5.331272408534149E-4	-0.03935459905954863	0.202154029847741	-0.4329575571641528	-0.49853515625	0.39599609375	-0.53759765625	0.16601996	-0.1381573	0.4184596	-0.8821802	-6.311846	12.082001	-35.14382	Triplo salto in lungo	2	Petto
111	462393201	0.9998410843510923	0.015361880329101768	0.005681741990461343	0.007038215991288011	-0.040222653780883515	0.21509248958257599	-0.24925668912385157	-0.50537109375	0.417724609375	-0.551513671875	0.17010209	-0.12887512	0.41120237	-0.8862106	-1.3535339	3.8348856	-29.292387	Triplo salto in lungo	2	Petto
112	462409868	0.9998946989056946	0.003108027588599127	0.010055493095448011	0.009990912040757194	-0.032501636785767674	0.1547000457268208	-0.3354282362858021	-0.509521484375	0.4267578125	-0.554443359375	0.1735715	-0.116323896	0.41525602	-0.8853835	-3.907973	9.12844	-29.72238	Triplo salto in lungo	2	Petto
113	462426535	0.999923653343815	-0.00369850666480262	0.007451288788898169	0.009137112639822533	-0.010821786512481252	0.1869733410873056	-0.3369653624966251	-0.51611328125	0.41552734375	-0.546142578125	0.17658389	-0.107430406	0.42444703	-0.881545	-4.2057347	7.7937803	-31.180696	Triplo salto in lungo	2	Petto
114	462443202	0.9998862155939023	-0.00930774828427322	0.0035594182642700316	0.011324850056447233	-0.007095012786015958	0.17865470625013022	-0.31957686250851003	-0.51220703125	0.397216796875	-0.53466796875	0.18255985	-0.101859845	0.4377862	-0.874437	-3.8309608	7.7403135	-30.015293	Triplo salto in lungo	2	Petto
115	462459869	0.9998242419828415	-0.011214679700835645	0.009823297130563737	0.011367450731313568	-0.00573210410865518	0.11365942618918133	-0.3013362531647017	-0.51513671875	0.373291015625	-0.51611328125	0.18559182	-0.09096042	0.45357907	-0.86691874	-4.2762427	9.664237	-25.993391	Triplo salto in lungo	2	Petto
116	462476536	0.9996672217714309	-0.01823075020004783	0.015407513707537112	0.00978233020728303	0.004293884137868784	0.0756988558044595	-0.310436128443028	-0.528076171875	0.342041015625	-0.49169921875	0.18391688	-0.07707141	0.47596622	-0.85655755	-5.259093	11.646894	-24.106361	Triplo salto in lungo	2	Petto
117	462493203	0.9994602718978723	-0.02370009462466907	0.022359866226494135	0.004184112205246227	0.03330831051348622	0.09636648421483107	-0.3159508667880939	-0.5654296875	0.298095703125	-0.456298828125	0.17344053	-0.060752712	0.5033306	-0.8443258	-6.301375	11.469465	-24.829678	Triplo salto in lungo	2	Petto
118	462509870	0.9991309079887676	-0.032632716569426845	0.025907700970197834	-0.001151321535970029	0.04649183018336252	0.12124475242594175	-0.3297493623523573	-0.614013671875	0.2451171875	-0.423828125	0.15573725	-0.045556437	0.5375817	-0.8274518	-6.4392853	12.36068	-25.871674	Triplo salto in lungo	2	Petto
119	462526537	0.998907934614739	-0.039659934752962187	0.024509945495543282	-0.003048001133954648	-0.00314889886183127	0.12937044026637357	-0.29591365867315367	-0.671142578125	0.171630859375	-0.3916015625	0.13646056	-0.033504207	0.5760242	-0.80526537	-2.5436301	12.785121	-24.150509	Triplo salto in lungo	2	Petto
120	462543204	0.9986764090619457	-0.047684987625781716	0.017602020493703758	-0.007857532233836062	0.01876462993718707	0.09930064787603972	-0.2475171758139435	-0.714599609375	0.080322265625	-0.3583984375	0.116734445	-0.030649137	0.618127	-0.7767578	-3.155647	11.6283045	-20.40163	Triplo salto in lungo	2	Petto
121	462559871	0.9985739463460874	-0.049505742879543846	0.011316716193080209	-0.01646775744753665	0.05538653632220479	0.08716506614522804	-0.2298702469361324	-0.75439453125	-0.0244140625	-0.331787109375	0.09388912	-0.038027383	0.6586245	-0.7456223	-5.1332	11.37602	-18.348202	Triplo salto in lungo	2	Petto
122	462576538	0.9984687066099647	-0.046449804882873647	0.007540695690254951	-0.029082562739108753	0.07097602968133324	0.07116390924231258	-0.2141926790127048	-0.78369140625	-0.124755859375	-0.32080078125	0.06400882	-0.05612459	0.69377136	-0.71514636	-6.1090226	11.267817	-15.915234	Triplo salto in lungo	2	Petto
123	462593205	0.9981254325194747	-0.043677171803822426	0.0016125660818874234	-0.042840696208889646	0.0657446490836178	0.10384073802298038	-0.17897653251986828	-0.797119140625	-0.219482421875	-0.319580078125	0.028410932	-0.08768563	0.7231571	-0.6845057	-5.6254287	9.765596	-16.346102	Triplo salto in lungo	2	Petto
124	462609872	0.9977626742385758	-0.042852431909821534	-0.0050235612465064925	-0.051069352924257905	0.0615150537842115	0.21259768527044345	-0.11422113040289777	-0.78076171875	-0.311279296875	-0.32958984375	-0.007913917	-0.1294057	0.7478151	-0.65112543	-5.877829	6.8057404	-21.747078	Triplo salto in lungo	2	Petto
125	462626539	0.9977945512027554	-0.04143524900530912	-0.005679144948807169	-0.051545135974314434	0.060317749545734704	0.34942097830324836	-0.044300737418477114	-0.755615234375	-0.396728515625	-0.347412109375	-0.04368063	-0.17138845	0.7678561	-0.6157232	-8.231839	4.5048475	-29.089636	Triplo salto in lungo	2	Petto
126	462643206	0.9982829923056226	-0.03801939059427767	-0.011338395251007717	-0.04309331740889838	-0.03545226549104515	0.4536790886790915	0.01522552806947898	-0.713134765625	-0.4794921875	-0.36962890625	-0.06908497	-0.20987849	0.78417194	-0.5798733	-6.569067	4.653864	-35.91871	Triplo salto in lungo	2	Petto
127	462659873	0.9991052458190545	-0.02672667270427244	-0.00963213833177798	-0.03133073018879468	-0.12973863223059426	0.48691675427091285	-0.1196038441547669	-0.668212890625	-0.5302734375	-0.38818359375	-0.08636697	-0.23836075	0.7940124	-0.5525121	-5.955597	15.760325	-35.92167	Triplo salto in lungo	2	Petto
128	462676540	0.99845018782319	-0.05133180820113309	-0.0028511289769131702	-0.021310536506524508	-0.13064372275439984	0.4277653253605943	-0.22996692606415509	-0.644775390625	-0.607666015625	-0.42626953125	-0.109043114	-0.25239936	0.8172665	-0.5064385	-7.105427	22.054174	-29.144209	Triplo salto in lungo	2	Petto
129	462693207	0.9973858718445574	-0.06648959538305971	-0.01232310700911149	-0.025469538360779146	-0.11714292354755637	0.19745882988314947	-0.1460325615152604	-0.60693359375	-0.72119140625	-0.5	-0.12937146	-0.27187628	0.8447002	-0.44252455	-0.9153973	14.156434	-17.89117	Triplo salto in lungo	2	Petto
130	462709874	0.9974553776666636	-0.06589653645470744	-0.017183115900700433	-0.021098733968419686	-0.10623903378748997	0.1367066833161626	-0.22507122356381737	-0.55224609375	-0.8212890625	-0.59033203125	-0.14255226	-0.28835064	0.8690402	-0.3759015	0.2298786	17.023983	-10.453647	Triplo salto in lungo	2	Petto
131	462726541	0.9965463843920067	-0.07375257969467683	-0.014827179372911283	-0.035157012038038844	0.011769759729586923	-0.3339456344934217	-0.37558457182982763	-0.48876953125	-0.91162109375	-0.706298828125	-0.16415097	-0.31319642	0.88643754	-0.29864895	12.389062	5.110341	17.20905	Triplo salto in lungo	2	Petto
132	462743208	0.9966399504764037	-0.05429241955151576	-0.028584069838928087	-0.05425949912298332	0.08072011839434944	-0.5652442307047636	-0.24577728434534885	-0.385498046875	-0.9560546875	-0.82177734375	-0.17136511	-0.36004564	0.8878765	-0.22951433	20.076738	-14.233869	18.211884	Triplo salto in lungo	2	Petto
133	462759875	0.9978281002225735	-0.027561981818526926	-0.03605233577883865	-0.047745666288522025	0.16137299872837269	-0.28673857763080474	-0.1060253610326531	-0.256591796875	-0.944091796875	-0.912109375	-0.15924656	-0.40531987	0.88154155	-0.18232132	6.625364	-13.022412	4.9081078	Triplo salto in lungo	2	Petto
134	462776542	0.9991983400233004	-0.012173148116829291	-0.03252792952655426	-0.019910438476392456	0.20253701990141254	-0.049636674318586746	0.06367273776592014	-0.176513671875	-0.927490234375	-0.974609375	-0.13843326	-0.42661187	0.88028955	-0.15468958	-5.750175	-11.506474	-7.4268446	Triplo salto in lungo	2	Petto
135	462793209	0.9997292942890303	-0.007784305225976285	-0.0218545737804724	0.001766447672621581	0.16478115914159946	0.06806106896357131	0.0969354532195517	-0.15185546875	-0.930419921875	-1.021728515625	-0.12204282	-0.42725223	0.8850714	-0.13859963	-9.798453	-6.8709483	-12.052405	Triplo salto in lungo	2	Petto
136	462809876	0.9998806126018277	0.0031396399971719835	-0.011012276676882595	0.010374630888554014	0.08885008647510578	0.043528511406162596	0.03337496596603625	-0.15625	-0.939697265625	-1.037353515625	-0.10975784	-0.4198866	0.8903065	-0.13785173	-5.4859166	-2.9932587	-10.263268	Triplo salto in lungo	2	Petto
137	462826543	0.9998438369843768	0.013791599271854693	-0.00529870994764331	0.00969624188921638	0.039296429650953035	0.0036404819463714674	-0.005712058577774326	-0.169677734375	-0.9453125	-1.02685546875	-0.09834049	-0.41336378	0.8929129	-0.14888306	-1.6113311	-1.4425493	-8.7905655	Triplo salto in lungo	2	Petto
138	462843210	0.9998532993545642	0.013567564043768965	-6.041643593046598E-5	0.010454536123834672	0.014188498215324181	0.018124614147519636	0.028709558160160874	-0.18408203125	-0.94580078125	-1.0107421875	-0.09158026	-0.4052427	0.8950788	-0.16194308	-1.4700805	-0.5333663	-11.370906	Triplo salto in lungo	2	Petto
141	462893211	0.9970648420143948	0.05140873865840828	0.042573850858516726	0.03750079507741196	-0.04485015456273604	-0.28674778602116985	0.04290047726762282	-0.2763671875	-0.951171875	-0.891845703125	-0.10357041	-0.3681455	0.8953042	-0.2284134	6.328191	-5.6064987	-7.6120596	Triplo salto in lungo	2	Petto
142	462909878	0.9993410647340369	0.026415055260775422	0.023365413371717384	0.00858712115790159	0.017224761474579242	-0.1596323679568477	0.0027686687954282044	-0.319580078125	-0.93603515625	-0.829833984375	-0.11278131	-0.35754117	0.8893204	-0.26182818	6.0320168	-6.6921306	-6.3972034	Triplo salto in lungo	2	Petto
143	462926545	0.9991607058396181	0.03438818128761875	0.02165062351468761	0.005156296658578246	0.017159779708186954	-0.18065356003803681	-0.03377806729833521	-0.352783203125	-0.901611328125	-0.761962890625	-0.118228	-0.3507454	0.87881345	-0.30114257	6.816365	-6.059401	-3.5311255	Triplo salto in lungo	2	Petto
144	462943212	0.9990040655559256	0.039515839586595325	0.02065841365132304	0.0016141158289065746	0.02667722763572687	-0.1687567220955878	-0.06674834544659385	-0.384521484375	-0.85302734375	-0.690673828125	-0.12171625	-0.34726045	0.8639403	-0.34380585	5.7787757	-4.2061057	-1.4432564	Triplo salto in lungo	2	Petto
145	462959879	0.9987311597023399	0.046644102126732145	0.01897766009857349	4.96783245591756E-4	0.046841638665201475	-0.12587007316816035	-0.03948204492919722	-0.415283203125	-0.79638671875	-0.610595703125	-0.12128643	-0.34532022	0.8443987	-0.39119625	3.0383987	-3.7777696	-2.954875	Triplo salto in lungo	2	Petto
146	462976546	0.9985626422051382	0.050338433888419104	0.01837465783842929	0.0010313172522843084	0.05417355784462141	-0.09391509765980098	-0.030102260445780658	-0.445556640625	-0.720458984375	-0.539794921875	-0.118542	-0.3425841	0.82130724	-0.44049814	1.3162222	-2.8000052	-3.811633	Triplo salto in lungo	2	Petto
147	462993213	0.9984540065558858	0.05323029190712046	0.01570098891278471	0.0031002843648057364	0.04752078988815129	-0.04775870932581969	-0.039453356919360714	-0.477783203125	-0.630859375	-0.4755859375	-0.11138945	-0.33859432	0.79544175	-0.49012125	-0.45039558	-0.4760707	-5.1738443	Triplo salto in lungo	2	Petto
148	463009880	0.9985157545511706	0.05146488422958992	0.01657500123847822	0.006551559988725086	0.03942852329469837	9.832897320663546E-5	-0.044684175189494066	-0.511962890625	-0.535888671875	-0.43212890625	-0.103595935	-0.3301669	0.7690839	-0.5373714	-2.186144	1.2803166	-7.2899494	Triplo salto in lungo	2	Petto
149	463026547	0.9985349377854441	0.04945176012861424	0.019385289604183564	0.010330149513106903	0.039503558218699664	0.05564776330386903	-0.01663538516839634	-0.552978515625	-0.447509765625	-0.38330078125	-0.096386366	-0.31616333	0.74250907	-0.582607	-4.0645394	0.6346344	-10.729742	Triplo salto in lungo	2	Petto
150	463043214	0.9985789667949625	0.047103960951074636	0.020030652792562307	0.014833640353215966	0.039499672868180874	0.08185024729506585	-0.00525644494051716	-0.59814453125	-0.357177734375	-0.35205078125	-0.08764413	-0.29733592	0.7165458	-0.62487775	-4.779038	0.038092084	-12.456631	Triplo salto in lungo	2	Petto
151	463059881	0.9987386171242997	0.042149702468966696	0.019702685554353564	0.01887806738957468	0.03498359418359099	0.09270341352608744	-0.02459851001566927	-0.645263671875	-0.2783203125	-0.332275390625	-0.07750709	-0.27465105	0.6930028	-0.6620473	-5.0377655	0.96599025	-13.16019	Triplo salto in lungo	2	Petto
152	463076548	0.9989919484140802	0.035226712561344575	0.01819413052879804	0.021050875047397444	0.01960615314778137	0.10949675671871767	-0.02652947145470798	-0.685302734375	-0.20654296875	-0.3212890625	-0.06671594	-0.2503776	0.6732212	-0.6925557	-4.5687137	1.0192246	-14.830036	Triplo salto in lungo	2	Petto
153	463093215	0.999155558740201	0.02911772508785687	0.019797820803655025	0.021174839212877664	0.004723947525367172	0.13228143806642687	-0.044586494856612625	-0.728759765625	-0.143798828125	-0.31494140625	-0.058395833	-0.22410993	0.65638417	-0.71800035	-4.3445587	1.8409201	-16.73733	Triplo salto in lungo	2	Petto
154	463109882	0.9993709167345962	0.02111121456971969	0.02106284111014348	0.019194898510100145	0.001977317380328735	0.10294928048466766	-0.1072578481350661	-0.771240234375	-0.098388671875	-0.3203125	-0.054088436	-0.19749726	0.6438587	-0.73723495	-4.022348	5.397066	-15.668055	Triplo salto in lungo	2	Petto
155	463126549	0.9995136958290775	0.011694924109926716	0.024458938090801467	0.015406522892331855	0.001348033865410582	0.060074519829944634	-0.17808195848248837	-0.813232421875	-0.06494140625	-0.326171875	-0.056587722	-0.17014694	0.6367273	-0.7499507	-3.6456978	9.764206	-14.116805	Triplo salto in lungo	2	Petto
156	463143216	0.9995723132342076	0.0019131075550502807	0.026564613560718434	0.012076917713874258	0.004182908727192562	0.0632152177327897	-0.17536219708701778	-0.869384765625	-0.057861328125	-0.334228515625	-0.064563096	-0.14267473	0.6358261	-0.75577825	-3.3073869	9.528659	-14.651336	Triplo salto in lungo	2	Petto
157	463159883	0.999788472416861	-0.006674689755034671	0.01722686087392139	0.009038484577861718	-0.04900198620155666	0.14231832574717923	-0.061717854537912065	-0.9111328125	-0.066650390625	-0.334228515625	-0.070109665	-0.12358067	0.64130396	-0.7540171	-0.089862324	2.3192306	-19.293505	Triplo salto in lungo	2	Petto
158	463176550	0.999866262280992	-0.011910757132727531	0.007698051550523972	0.008144410297206917	-0.08536708482783935	0.18625068445509685	-0.07308047176170258	-0.93701171875	-0.0888671875	-0.334228515625	-0.07081373	-0.11179219	0.6510405	-0.7474183	1.5304425	2.7258496	-22.483952	Triplo salto in lungo	2	Petto
159	463193217	0.999867223162986	-0.015658830137341304	0.0018375203917948698	0.004118325130336165	-0.08599168399654634	0.0021750039535471544	-0.26809996816325304	-0.9384765625	-0.114013671875	-0.337646484375	-0.071045116	-0.106647566	0.663356	-0.7372502	3.7419348	16.098278	-13.310835	Triplo salto in lungo	2	Petto
160	463209884	0.9996304144044244	-0.020149220718978518	-0.018016214989782096	0.0029085218752720188	0.04018866249057871	-0.1354062665204133	-0.4286126408241658	-0.921142578125	-0.156982421875	-0.33251953125	-0.05931819	-0.116498604	0.6801493	-0.7213228	-1.9438354	26.337908	-3.8397593	Triplo salto in lungo	2	Petto
161	463226551	0.99978668758719	-0.012513591211164896	-0.015730242962909327	0.004748559230142891	0.18166181337197165	-0.028628239127680283	-0.6397410854944084	-0.8779296875	-0.190185546875	-0.33203125	-0.046890095	-0.123847134	0.691472	-0.71016186	-13.450462	37.511414	-7.164234	Triplo salto in lungo	2	Petto
162	463243218	0.9999454867887136	0.00900830857957205	-0.004752680526023943	0.002299098787600151	0.2900261164912832	0.051986900885401775	-0.4752929620151747	-0.864013671875	-0.18408203125	-0.327880859375	-0.041352328	-0.1262376	0.6870249	-0.7143888	-20.684536	26.40163	-8.892057	Triplo salto in lungo	2	Petto
163	463259885	0.9997156178090392	0.01817707044652085	-0.008064122066383158	-0.013162353663832062	0.17093858584576244	0.34037261644475536	-0.30519848167014096	-0.857177734375	-0.1494140625	-0.330078125	-0.04374639	-0.14221554	0.6742927	-0.72331905	-16.93043	16.018707	-27.541319	Triplo salto in lungo	2	Petto
164	463276552	0.9996096065523395	0.011145977132769852	-0.025613027557879243	-6.119651558763595E-4	-0.24387392089110713	0.49722082624511976	-0.22550384848524865	-0.806396484375	-0.12451171875	-0.32373046875	-0.026352126	-0.16216685	0.6688792	-0.7249886	4.309404	12.815197	-43.044357	Triplo salto in lungo	2	Petto
165	463293219	0.9997632534886925	0.011164687894470518	-0.0054414205994845755	0.017865543926302355	-0.16417195460329057	-0.02498173197844288	-0.32170680128236334	-0.778076171875	-0.102294921875	-0.3271484375	-0.008750402	-0.1548261	0.6655472	-0.7300681	5.855318	20.80707	-11.962198	Triplo salto in lungo	2	Petto
166	463309886	0.9995482020607581	0.026550434648104998	-0.009092411244011807	0.010760772968160415	0.1496063566102003	-0.05533407194546959	-0.4262786526330683	-0.763916015625	-0.05615234375	-0.334716796875	0.008714268	-0.15469626	0.6496576	-0.7442702	-13.278601	23.557716	-6.0084186	Triplo salto in lungo	2	Petto
167	463326553	0.9997189261626837	0.01645054898899609	-0.01573050370269333	0.0066332015913037065	0.186645024696458	0.04379840374554398	-0.5996478059636401	-0.727294921875	-0.0068359375	-0.3427734375	0.025702123	-0.16223347	0.64040536	-0.7502671	-19.828495	31.92854	-13.570773	Triplo salto in lungo	2	Petto
168	463343220	0.999969813454837	-0.0041723053678553584	-0.004942111500530034	0.0043057613649664095	0.13972661794748858	0.02986470376314354	-0.5167758662342458	-0.707275390625	-0.009033203125	-0.343994140625	0.03043229	-0.16378944	0.6467045	-0.74432546	-16.783482	27.19539	-13.499235	Triplo salto in lungo	2	Petto
169	463359887	0.9999451547604815	-0.0030962238505755774	0.010003655210499174	1.6658731480068137E-4	0.042357978885455255	0.11522949330684712	-0.3238441161090861	-0.71826171875	-0.01708984375	-0.33642578125	0.022363547	-0.15697867	0.6521055	-0.74136096	-9.061769	16.810495	-18.003864	Triplo salto in lungo	2	Petto
170	463376554	0.9999259663486274	-0.00278047650782641	0.011602530933628454	0.002389989139616744	-0.01611630516248947	0.18622857665107484	-0.28204465656748	-0.744140625	-0.023681640625	-0.3359375	0.0148488125	-0.14756523	0.6575123	-0.73870283	-5.4574175	14.908901	-22.464722	Triplo salto in lungo	2	Petto
171	463393221	0.9999397695718403	0.0074218883834698685	0.003925488171772824	0.007068475369665651	-0.03522488367714902	0.1874709034686478	-0.30295285743325484	-0.754638671875	-0.01416015625	-0.337646484375	0.017323244	-0.14056176	0.6558146	-0.7415185	-4.2577796	16.610546	-22.74918	Triplo salto in lungo	2	Petto
172	463409888	0.9999207919109337	0.002484863190593073	0.004277285294386619	0.011573253200616529	-0.030615524569648216	0.06405346024191524	-0.3901845500224629	-0.755615234375	0.0	-0.341796875	0.022218645	-0.13034852	0.65833545	-0.7410197	-4.2524066	22.554752	-16.090115	Triplo salto in lungo	2	Petto
173	463426555	0.9998676757465025	-0.008881504949632468	0.00891979345040339	0.010304715033357616	-0.017946507873724128	-0.008403438812027594	-0.3185770959693075	-0.7666015625	-0.013427734375	-0.340576171875	0.021600865	-0.11768321	0.66914827	-0.7334336	-3.1253004	18.839664	-11.246802	Triplo salto in lungo	2	Petto
174	463443222	0.9998659621009286	-0.010484415418332227	0.010526775804352172	0.0068790883469475594	0.019383830257137757	0.03874460867450898	-0.25321015627470395	-0.789794921875	-0.03564453125	-0.338134765625	0.017168008	-0.10607206	0.6805425	-0.7247869	-4.477588	14.402186	-12.988905	Triplo salto in lungo	2	Petto
175	463459889	0.9999241329333286	-0.008249170921396598	0.005553090744977952	0.00726930119190783	0.03675563820282747	0.07857433510910236	-0.23142717003456875	-0.804931640625	-0.05419921875	-0.334228515625	0.016578987	-0.09770329	0.6900164	-0.7169776	-5.1779585	12.971068	-14.798333	Triplo salto in lungo	2	Petto
176	463476556	0.9999258914283612	-0.006886035332611118	-0.001848200906263406	0.009868045500774636	0.034540736898927726	0.09965949929849227	-0.23656277273878717	-0.8046875	-0.070556640625	-0.331787109375	0.02304243	-0.09275385	0.69844055	-0.70925796	-5.0128694	13.433787	-15.804676	Triplo salto in lungo	2	Petto
177	463493223	0.9998716475910004	-0.002508222404888065	-0.008269127111722438	0.013491430644522186	0.01781109187148339	0.09341103526822167	-0.22949808653640527	-0.78564453125	-0.076904296875	-0.327880859375	0.036944024	-0.08960181	0.70374024	-0.7038155	-3.8484662	13.320549	-15.281658	Triplo salto in lungo	2	Petto
178	463509890	0.9998308430218577	0.007183998900134041	-0.010126161342172884	0.013569685275518217	0.0022257558645438283	0.07492188794888663	-0.19205166958990277	-0.76123046875	-0.066162109375	-0.334228515625	0.05310339	-0.087183826	0.70190245	-0.70491993	-2.5173752	11.314762	-14.128674	Triplo salto in lungo	2	Petto
179	463526557	0.9997663076363501	0.01189083793699227	-0.014297796009660997	0.011023208135621855	-0.015807608664618836	0.08154581049855926	-0.1781795991373725	-0.73193359375	-0.04052734375	-0.337646484375	0.07088023	-0.089075916	0.6959673	-0.7089932	-1.4176589	10.654436	-14.671548	Triplo salto in lungo	2	Petto
180	463543224	0.999751563547045	0.008153315816219295	-0.018466209349876615	0.00945165269603393	-0.025820284136483452	0.09055827613169903	-0.1709097184917043	-0.691650390625	-0.021484375	-0.343505859375	0.09021346	-0.09509572	0.69185036	-0.71004343	-0.92941844	10.25586	-15.381622	Triplo salto in lungo	2	Petto
181	463559891	0.9998092796926048	0.005322003273143444	-0.016346913758752468	0.009266009512146569	-0.025651727720376934	0.09540953404043023	-0.15194838201689184	-0.648681640625	-0.014892578125	-0.34619140625	0.107774585	-0.099809505	0.6895346	-0.7092001	-0.9083445	9.082577	-15.724033	Triplo salto in lungo	2	Petto
182	463576558	0.9998746942266862	0.004204424752399377	-0.011627244761288487	0.00988563790826269	-0.021533045108164034	0.07705432331095666	-0.1470347944985318	-0.619873046875	-0.00390625	-0.3486328125	0.12248474	-0.10072572	0.68826026	-0.7079194	-1.2568285	8.719623	-14.63485	Triplo salto in lungo	2	Petto
183	463593225	0.999906793157898	0.0036513870215845456	-0.008861526454613968	0.009723462264100926	-0.00927405414086606	0.04800111740926261	-0.15281648505477843	-0.59423828125	0.001220703125	-0.353271484375	0.13515663	-0.09974814	0.6874474	-0.7065402	-2.2244134	8.833654	-12.926659	Triplo salto in lungo	2	Petto
184	463609892	0.9999414155478875	0.0039111972762577996	-0.006261591319050603	0.00791583742293206	3.073454801434082E-4	0.03824313144957023	-0.148543871286875	-0.576171875	0.00634765625	-0.362548828125	0.1448065	-0.09807118	0.68643093	-0.705851	-2.8050876	8.382757	-12.3732815	Triplo salto in lungo	2	Petto
185	463626559	0.999964552427748	0.00528048338883845	-0.0026738744815466564	0.005988386962360149	0.01174996800674655	0.05885965429250961	-0.13702214553648662	-0.568115234375	0.01416015625	-0.36474609375	0.15076523	-0.09494735	0.6846362	-0.7067731	-3.1903908	7.4566936	-13.656614	Triplo salto in lungo	2	Petto
186	463643226	0.9999678918982682	0.006331752403278504	-5.21838122308771E-4	0.004883827291281229	0.00692665808658113	0.0803505119872692	-0.12302932552000527	-0.559326171875	0.025390625	-0.365966796875	0.15455846	-0.09088892	0.6821954	-0.70884436	-2.506046	6.729489	-14.944408	Triplo salto in lungo	2	Petto
187	463659893	0.9999813517989217	0.0020617027684696754	-0.0015943660926872607	0.005522991296225633	8.862011516365051E-5	0.08558488275486582	-0.12892716719238953	-0.55859375	0.031494140625	-0.369873046875	0.1591506	-0.087801054	0.68255746	-0.7078684	-2.1487303	7.1736717	-15.301571	Triplo salto in lungo	2	Petto
188	463676560	0.9999417554232787	-0.00558325495488729	-0.006310891373795925	0.006744306872368044	-0.0029294810885944975	0.08611181977876715	-0.130806202419355	-0.545166015625	0.020263671875	-0.369873046875	0.16716239	-0.088399306	0.6875586	-0.7010746	-1.9755331	7.355228	-15.318494	Triplo salto in lungo	2	Petto
189	463693227	0.9999096269675336	-0.008517319669207102	-0.0069659243103109	0.00772457518594838	-0.0029845414100894765	0.09197504502525403	-0.10252985121820465	-0.526611328125	0.0029296875	-0.369873046875	0.17605221	-0.089217715	0.6944176	-0.69197553	-1.3925595	5.8399506	-15.494629	Triplo salto in lungo	2	Petto
190	463709894	0.9998842343640858	-0.01119212889686487	-0.006277785806022896	0.008175789030761216	7.323790913812394E-4	0.08123898678388898	-0.09527982815557	-0.514404296875	-0.020751953125	-0.369384765625	0.18453017	-0.08965488	0.70305157	-0.6809034	-1.5635153	5.4438496	-14.748978	Triplo salto in lungo	2	Petto
191	463726561	0.9998739249653219	-0.01216746211791847	-0.005548192045186946	0.008561810852885378	8.664256317948704E-5	0.06254944599808107	-0.08329386808084208	-0.497802734375	-0.051025390625	-0.3740234375	0.19264431	-0.08944309	0.7122572	-0.66901267	-1.4441963	4.8414826	-13.490736	Triplo salto in lungo	2	Petto
192	463743228	0.9998726409254298	-0.01260904327861978	-0.005166860338084279	0.008307677813393866	0.0051387957055097876	0.04172180205004823	-0.08070189704177741	-0.48681640625	-0.0791015625	-0.372802734375	0.20024452	-0.08918571	0.7215376	-0.6567584	-1.8627646	4.558517	-12.1693125	Triplo salto in lungo	2	Petto
193	463759895	0.9998489607933527	-0.014985394216386727	-0.004605118628310201	0.007502429143364909	0.0022396384849334913	0.03154921493767924	-0.09247863271077764	-0.474365234375	-0.11279296875	-0.372802734375	0.2066493	-0.08956572	0.7321339	-0.6428485	-2.1203592	5.2426114	-11.36402	Triplo salto in lungo	2	Petto
194	463776562	0.9998730350655137	-0.014092383659060514	-0.0029338237579555064	0.006834555570132628	0.0020816612075825053	0.027321410776402592	-0.09794121944090797	-0.46875	-0.147705078125	-0.37158203125	0.21142028	-0.08912578	0.7421711	-0.6297144	-2.3462312	5.526151	-10.905046	Triplo salto in lungo	2	Petto
195	463793229	0.9998951630127099	-0.012972317928677285	-0.0013447494884256952	0.006290755134094828	0.014206482551676919	0.021854714952689844	-0.09223147478723447	-0.464111328125	-0.177490234375	-0.372802734375	0.21471371	-0.087815195	0.7515629	-0.61752725	-2.943512	4.878175	-10.594368	Triplo salto in lungo	2	Petto
196	463809896	0.9999009790667773	-0.012887985208011876	-0.001802034239181294	0.005355797903113524	0.023959761432822788	0.008497686282508812	-0.09521547821989183	-0.462158203125	-0.208251953125	-0.375732421875	0.21772037	-0.087448135	0.76051515	-0.6054483	-3.6763508	4.630009	-9.769197	Triplo salto in lungo	2	Petto
197	463826563	0.9999026056557334	-0.013331590897762813	-0.001650699644410919	0.0037845842167567594	0.029180915419361964	0.00208219578119479	-0.09370723562586031	-0.45849609375	-0.235595703125	-0.378662109375	0.21954727	-0.08825953	0.76943535	-0.5932779	-3.9975007	4.3011603	-9.345309	Triplo salto in lungo	2	Petto
198	463843230	0.9998980284178771	-0.014072912780406677	-0.0014014618561282723	0.0019803526410986927	0.03637223260726136	0.007025166717170935	-0.10094408347881967	-0.45654296875	-0.262451171875	-0.385009765625	0.21997653	-0.090463065	0.77849114	-0.5808428	-4.563872	4.549073	-9.498743	Triplo salto in lungo	2	Petto
199	463859897	0.9998908312854304	-0.014654692900770344	-0.0017996379407164145	5.716560131650007E-4	0.0458143975416029	0.02079840402532519	-0.10142100332505802	-0.454833984375	-0.291015625	-0.384521484375	0.21976212	-0.0941058	0.78746897	-0.56810325	-5.017511	4.559661	-10.237307	Triplo salto in lungo	2	Petto
200	463876564	0.9999096274396743	-0.01342847439709019	-6.32749425571011E-4	1.1250325768158431E-4	0.05979097777459297	0.03524889459348128	-0.08925579683140139	-0.4501953125	-0.322265625	-0.387939453125	0.21839982	-0.09716501	0.79577506	-0.5564194	-5.389013	3.8592417	-11.253691	Triplo salto in lungo	2	Petto
201	463893231	0.9999400939247163	-0.010936247886790984	4.228908568059131E-4	-1.679503243767755E-4	0.06582713867946526	0.04501484888202609	-0.10016154118208251	-0.453125	-0.341796875	-0.394775390625	0.21620767	-0.09931506	0.80274534	-0.54680055	-5.99842	4.4802833	-11.533075	Triplo salto in lungo	2	Petto
202	463909898	0.9999656569960929	-0.007881641704945541	0.0025431030378988977	-3.11736019511899E-4	0.0659970769971098	0.06112904911415175	-0.10826286847924889	-0.454345703125	-0.358642578125	-0.3984375	0.21246192	-0.099765055	0.8083964	-0.539817	-6.1906	5.264777	-12.110818	Triplo salto in lungo	2	Petto
203	463926565	0.999969576763399	-0.0054619747530424145	0.005565244306417972	-2.0108514476729902E-4	0.061924763009086795	0.07497705557918942	-0.10255539666713734	-0.46484375	-0.370849609375	-0.397705078125	0.20650361	-0.09799144	0.81333476	-0.5350147	-5.77879	5.45438	-12.773476	Triplo salto in lungo	2	Petto
204	463943232	0.9999712379371452	-0.0038293051844671966	0.006539727798789531	-3.027880040973874E-4	0.05222984372248831	0.08119699172900953	-0.09636900428171297	-0.47705078125	-0.375244140625	-0.396728515625	0.19979532	-0.09545182	0.8175352	-0.5316079	-5.0566754	5.6043587	-12.975105	Triplo salto in lungo	2	Petto
205	463959899	0.9999773808554764	-0.004426387385407682	0.004914941426357511	-0.0012199274204642287	0.03215205862264555	0.0906443289260134	-0.09269733888024312	-0.490966796875	-0.388916015625	-0.39208984375	0.19383097	-0.09465469	0.82158935	-0.5276942	-3.817452	6.1855083	-13.18803	Triplo salto in lungo	2	Petto
206	463976566	0.9999788660117799	-0.0036392334658882086	0.004768795924732284	-0.0025064107811617053	0.01947058603478252	0.10812376898602298	-0.08074126845944785	-0.4990234375	-0.3955078125	-0.387451171875	0.18736936	-0.09483648	0.8250341	-0.524612	-2.7722085	6.3707843	-14.130915	Triplo salto in lungo	2	Petto
207	463993233	0.9999819321734601	-0.0028836778780729766	0.004145047304887018	-0.00326164243431909	0.016263377377777322	0.11299457711256247	-0.08164449526661896	-0.506591796875	-0.400634765625	-0.3896484375	0.18111104	-0.095820434	0.8278487	-0.5221916	-2.6244962	6.6586223	-14.249741	Triplo salto in lungo	2	Petto
208	464009900	0.9999892550678524	-0.0025353678294722515	0.0013570990150572617	-0.003635923689288556	0.023022099087265064	0.1037359337121284	-0.08307914167856155	-0.5087890625	-0.401123046875	-0.392578125	0.17702435	-0.098499656	0.82990366	-0.519827	-3.0722563	6.3817596	-13.7278	Triplo salto in lungo	2	Petto
209	464026567	0.9999904367800918	-0.0012540056310019754	4.2796602825273533E-4	-0.004167812773774816	0.030035628157754665	0.10372209787167881	-0.06794087242863667	-0.50537109375	-0.402099609375	-0.391357421875	0.17358263	-0.101873636	0.83104575	-0.5185112	-3.1457102	5.4978137	-14.110028	Triplo salto in lungo	2	Petto
210	464043234	0.9999898074205934	4.536325945655173E-4	8.191716495614122E-4	-0.004416812221768984	0.03293206774573678	0.11337598084208014	-0.06267516228410111	-0.506591796875	-0.39892578125	-0.390869140625	0.16988455	-0.10495798	0.8313084	-0.51869977	-3.230256	5.4334264	-14.749285	Triplo salto in lungo	2	Petto
