2	 3107508162	 0.9999307958806435	 4.600970245554614E-4	 0.011641326804356868	 -0.0016344021735928416	 -0.1566097716416864	 -0.013543991921097336	 -0.0812783704809686	 -0.003173828125	 0.173095703125	 -0.989013671875	 0.42102572	 0.5963162	 0.56400377	 -0.3860625	 -1.5325619	 1.5603455	 0.577198	Triplo salto in lungo	3	Petto
3	 3107524829	 0.9999292325232924	 1.7117581919778857E-4	 0.011761170077696061	 -0.0017819996133258689	 -0.14726706982958399	 -0.010457469427070099	 -0.07797412152453102	 -0.008056640625	 0.175048828125	 -0.969970703125	 0.40469468	 0.6021379	 0.57287544	 -0.38140023	 -1.1421667	 1.2033527	 0.06717205	Triplo salto in lungo	3	Petto
4	 3107541496	 0.9999252250083652	 3.961474124094533E-4	 0.012077634386321036	 -0.0018756883611278918	 -0.13799892086731896	 -0.0029965691703566534	 -0.06943043575751562	 -0.019775390625	 0.1796875	 -0.94970703125	 0.38973287	 0.6075535	 0.5809461	 -0.37615037	 -0.5416496	 0.6065889	 -0.5785732	Triplo salto in lungo	3	Petto
5	 3107558163	 0.9999239191309652	 0.001159982193973036	 0.012132884460567595	 -0.001898290216755916	 -0.13302571024719317	 -0.0037287321581811923	 -0.06589055703683512	 -0.031005859375	 0.180908203125	 -0.930419921875	 0.3767953	 0.6125203	 0.5877266	 -0.3707048	 -0.4893415	 0.25589854	 -0.91953087	Triplo salto in lungo	3	Petto
8	 3107608164	 0.9993511673095364	 0.005156583570953027	 0.03526849738626054	 -0.005175628952899913	 -0.41341103498724036	 -0.044941829201821104	 -0.19903903731824912	 -0.056884765625	 0.191650390625	 -0.874267578125	 0.34288707	 0.6239179	 0.60401356	 -0.35822186	 -1.0685549	 0.061426725	 -0.2676201	Triplo salto in lungo	3	Petto
10	 3107641498	 0.9996362550812263	 0.0011218312843952472	 0.02669875657176324	 -0.0036435448772595413	 -0.2430219123816273	 -0.010397023089325365	 -0.18389061278116883	 -0.08642578125	 0.200927734375	 -0.837158203125	 0.3193142	 0.6310056	 0.61603624	 -0.34694383	 0.19366828	 1.3415551	 -1.0395947	Triplo salto in lungo	3	Petto
12	 3107674832	 0.9994673705165642	 1.5186593358204603E-4	 0.03243374506916164	 -0.0036061600397049864	 -0.19857761893914833	 -0.005965750011712165	 -0.24058315215179626	 -0.11474609375	 0.201171875	 -0.7890625	 0.29220825	 0.6419618	 0.62967765	 -0.32558534	 -0.13896708	 3.2320766	 -0.58407974	Triplo salto in lungo	3	Petto
14	 3107708166	 0.9993085542872111	 0.002332295113969679	 0.03692656594287908	 -0.003660936433706685	 -0.13963570266396036	 -0.0524516016257556	 -0.26188386606111214	 -0.15380859375	 0.21142578125	 -0.735595703125	 0.25563943	 0.6568397	 0.64367646	 -0.29814583	 -1.1514869	 3.22257	 -2.1774397	Triplo salto in lungo	3	Petto
15	 3107724833	 0.9997847635194099	 7.421930378362362E-4	 0.020626522880909163	 -0.0021029355138868504	 -0.049515757517609255	 -0.018167035235651025	 -0.10185074727151164	 -0.1787109375	 0.213623046875	 -0.706787109375	 0.23427057	 0.664475	 0.6510548	 -0.2823443	 -0.6535588	 2.2894235	 -3.3560243	Triplo salto in lungo	3	Petto
17	 3107758167	 0.9990456628172985	 0.0016558955766922678	 0.04331246261506508	 -0.005390009091137738	 -0.11814237193784183	 -0.03475198408485993	 -0.19891410250249741	 -0.233154296875	 0.22119140625	 -0.655029296875	 0.19065833	 0.6775292	 0.66501504	 -0.24971764	 -0.7084297	 1.4298091	 -2.6345315	Triplo salto in lungo	3	Petto
18	 3107774834	 0.9997354823852608	 0.003908870210662732	 0.02238528215466912	 -0.0035475535854878615	 -0.04713253195072582	 -0.038920487350484326	 -0.12140606303014334	 -0.26318359375	 0.22607421875	 -0.632568359375	 0.16670835	 0.68310845	 0.6709615	 -0.23533405	 -1.6515694	 2.041487	 -2.091323	Triplo salto in lungo	3	Petto
19	 3107791501	 0.9997263082047347	 0.003791683910210647	 0.02286618206138061	 -0.00317325296698362	 -0.06758249954540096	 -0.04274496960881367	 -0.1200283573711956	 -0.29736328125	 0.237548828125	 -0.611083984375	 0.14216241	 0.6884605	 0.6760948	 -0.2206992	 -1.7632707	 0.5417687	 -1.3584986	Triplo salto in lungo	3	Petto
21	 3107824835	 0.9989328613735938	 0.005823365800149152	 0.04547578402445951	 -0.005583900615401095	 -0.14656838501633215	 -0.001110639942818608	 -0.1567714273534349	 -0.36181640625	 0.246337890625	 -0.56640625	 0.09638485	 0.6969367	 0.6841981	 -0.19199571	 1.4047276	 -2.1292274	 -4.3874607	Triplo salto in lungo	3	Petto
22	 3107841502	 0.9997249279068945	 0.0037314761287455533	 0.022975592230710776	 -0.00287519896758226	 -0.06001899205673722	 0.01784895487115986	 -0.0777789136000997	 -0.39794921875	 0.251708984375	 -0.549072265625	 0.07527756	 0.6999488	 0.68745404	 -0.17835987	 1.7415432	 -1.5154796	 -4.284302	Triplo salto in lungo	3	Petto
23	 3107858169	 0.9997112834675914	 0.003342809521958104	 0.023606623448983916	 -0.002983732799504091	 -0.06833140363445167	 0.0032687486701950975	 -0.09326184480377982	 -0.432373046875	 0.2587890625	 -0.532958984375	 0.05532864	 0.7022644	 0.69059384	 -0.16384088	 1.0520205	 -1.891283	 -3.218905	Triplo salto in lungo	3	Petto
24	 3107874836	 0.9996723334882288	 0.0016847211323802597	 0.02521599425638012	 -0.00406706362968251	 -0.07609402600887083	 -0.006026953877050993	 -0.09853474930656721	 -0.475341796875	 0.264892578125	 -0.517333984375	 0.036180563	 0.7033167	 0.6945172	 -0.1472512	 0.58554894	 -2.5316768	 -2.8003197	Triplo salto in lungo	3	Petto
25	 3107891503	 0.9996457458972886	 -0.0013892670887975245	 0.026176295917741718	 -0.004610225421419257	 -0.0839941740630198	 -0.004038261123817272	 -0.09735868889176319	 -0.520751953125	 0.263671875	 -0.498046875	 0.019182773	 0.70336676	 0.6988977	 -0.12825605	 0.71793044	 -3.3539557	 -2.8980737	Triplo salto in lungo	3	Petto
26	 3107908170	 0.999705382407588	 -0.003501672920534604	 0.023723344848695264	 -0.003753609096007471	 -0.09135441831414813	 0.018587138571038633	 -0.09694291593296628	 -0.5615234375	 0.263916015625	 -0.477294921875	 0.006289144	 0.70298827	 0.7026215	 -0.10996122	 2.051412	 -4.1576457	 -3.2078495	Triplo salto in lungo	3	Petto
27	 3107924837	 0.999794111165341	 -0.004149330839517212	 0.01975038223766878	 -0.002107304950843714	 -0.08376598501617755	 0.033605061658601706	 -0.12023126587860725	 -0.603515625	 0.257568359375	 -0.46044921875	 -0.0021091679	 0.7027819	 0.705129	 -0.09426748	 3.098173	 -3.7518966	 -2.2178712	Triplo salto in lungo	3	Petto
28	 3107941504	 0.9998621826324624	 -0.0028038213904126724	 0.016317890127433978	 -0.0012168766773322792	 -0.07256540485985022	 0.004224959519445965	 -0.17343772971568802	 -0.62890625	 0.2490234375	 -0.449951171875	 -0.00799522	 0.7023906	 0.7070219	 -0.08187672	 1.6868951	 -2.8823345	 0.9649868	Triplo salto in lungo	3	Petto
29	 3107958171	 0.9999130003554959	 0.0012399355810792864	 0.0129669320276442	 -0.0020767651805457814	 -0.076101051910192	 -0.07346605056005562	 -0.21321817019894707	 -0.65283203125	 0.2490234375	 -0.44189453125	 -0.014153812	 0.7008872	 0.7092026	 -0.07475698	 -2.737886	 -3.1122544	 3.853094	Triplo salto in lungo	3	Petto
30	 3107974838	 0.999958337474132	 8.258330300136008E-4	 0.008950415195413482	 -0.001591032245480517	 -0.08745982888290625	 -0.1556574580008451	 -0.2450221956296263	 -0.674560546875	 0.254150390625	 -0.443603515625	 -0.017715415	 0.6994927	 0.7108813	 -0.07102167	 -7.3574543	 -3.9178648	 6.3546104	Triplo salto in lungo	3	Petto
31	 3107991505	 0.9999766813560048	 -0.005185492918930369	 0.004341160555929671	 9.495959385948939E-4	 -0.08930488013842362	 -0.1364973850153139	 -0.2554012108464296	 -0.687744140625	 0.247314453125	 -0.434326171875	 -0.014750028	 0.6999393	 0.7108232	 -0.0678088	 -6.0665555	 -4.1394367	 6.820717	Triplo salto in lungo	3	Petto
32	 3108008172	 0.9999706942316484	 -0.006934144690280055	 -0.001966704026416966	 0.0025807732488612456	 -0.08875434645555935	 -0.007621754334738309	 -0.21304696333953813	 -0.6826171875	 0.232421875	 -0.422119140625	 -0.0066308384	 0.70125955	 0.70954585	 -0.06881908	 1.192834	 -4.2235947	 3.3285713	Triplo salto in lungo	3	Petto
33	 3108024839	 0.9999551249967846	 -0.002292866101175361	 -0.00887949095506967	 0.0023760046476961065	 -0.07937473744571377	 0.06627565103549318	 -0.20991181699096556	 -0.671142578125	 0.227294921875	 -0.424072265625	 0.0036905918	 0.7016715	 0.7082367	 -0.07774638	 5.410996	 -3.471965	 2.6686478	Triplo salto in lungo	3	Petto
34	 3108041506	 0.9999380709285254	 5.822930064766918E-4	 -0.010909907482305062	 0.002118764102352011	 -0.056654502305057496	 0.014340685850629958	 -0.2563446901500972	 -0.65087890625	 0.22607421875	 -0.424072265625	 0.014356215	 0.7013475	 0.7070648	 -0.08924928	 2.5190995	 -1.4433641	 5.6930113	Triplo salto in lungo	3	Petto
35	 3108058173	 0.9998666100763476	 1.045463824055834E-4	 -0.01596799282950009	 0.0034313742850539124	 -0.04491708557789123	 -0.06307802283128054	 -0.2868838415346922	 -0.6279296875	 0.22412109375	 -0.433837890625	 0.029165465	 0.7012417	 0.70480025	 -0.103278294	 -1.9230076	 0.003334031	 7.91226	Triplo salto in lungo	3	Petto
36	 3108074840	 0.9998366438137881	 -0.0031487092745304812	 -0.017024895634214342	 0.00518885784433637	 -0.08903943452677232	 -0.0807285314554024	 -0.2893576107201119	 -0.59716796875	 0.216064453125	 -0.440673828125	 0.046530895	 0.7020256	 0.70118636	 -0.115468696	 -2.9264777	 -1.8516343	 8.665037	Triplo salto in lungo	3	Petto
37	 3108091507	 0.9998219999052809	 -0.002266513998365388	 -0.018080075524765343	 0.004893085807388676	 -0.13411357960986536	 -0.030423973971106008	 -0.272145556212233	 -0.5625	 0.208740234375	 -0.443115234375	 0.06351666	 0.7023047	 0.69718045	 -0.12912585	 -0.12475197	 -3.971024	 8.045166	Triplo salto in lungo	3	Petto
38	 3108108174	 0.9998745586120548	 -0.0013153519542102934	 -0.01520506688013787	 0.004235897868890448	 -0.16677305601791992	 -0.025325603134617892	 -0.25354037319512684	 -0.533935546875	 0.20654296875	 -0.449951171875	 0.07789444	 0.70217294	 0.6934565	 -0.14143594	 -0.015095618	 -5.3761826	 7.6502094	Triplo salto in lungo	3	Petto
39	 3108124841	 0.9999019236674084	 -0.0017762586764513352	 -0.013601201291114392	 0.0028275916906473357	 -0.1970670728374562	 -0.041848128553033936	 -0.30986365004873884	 -0.506103515625	 0.201171875	 -0.444091796875	 0.09154157	 0.70093566	 0.69069296	 -0.15248929	 -0.76241434	 -5.3336782	 11.69779	Triplo salto in lungo	3	Petto
40	 3108141508	 0.9999343888249407	 -9.169916928503247E-4	 -0.011366732454796457	 0.0010837734213126615	 -0.2376267170567226	 -0.03048231934332847	 -0.32942290771482996	 -0.48779296875	 0.19921875	 -0.458740234375	 0.10289802	 0.6986483	 0.68904513	 -0.16284835	 -0.046537187	 -6.4501495	 13.759975	Triplo salto in lungo	3	Petto
41	 3108158175	 0.9999344193912654	 9.298972196407213E-4	 -0.011413512762519382	 1.5470692833163827E-4	 -0.2891163032658086	 -0.03985726940844744	 -0.3353874689846928	 -0.46826171875	 0.200439453125	 -0.468017578125	 0.113095276	 0.695641	 0.6875797	 -0.17472093	 -0.565444	 -8.408739	 15.495943	Triplo salto in lungo	3	Petto
42	 3108174842	 0.9999688025761266	 1.674258732947409E-4	 -0.007831598578322748	 0.0010158281117069179	 -0.29459873913339685	 -0.06163047835838987	 -0.32673847484077556	 -0.451416015625	 0.199462890625	 -0.475341796875	 0.12182978	 0.6935016	 0.685892	 -0.18375403	 -1.8035891	 -8.056414	 15.530607	Triplo salto in lungo	3	Petto
43	 3108191509	 0.9999769636622233	 0.0016143978117068442	 -0.006356754739170426	 0.0017485805020615588	 -0.3068473735343564	 -0.06125262766791481	 -0.3676650529714548	 -0.437255859375	 0.203857421875	 -0.477783203125	 0.12881571	 0.6921346	 0.6834652	 -0.1929557	 -1.5141116	 -6.994473	 18.255693	Triplo salto in lungo	3	Petto
44	 3108208176	 0.999943327794494	 0.004608227526941219	 -0.009567340649930369	 7.559306986305581E-4	 -0.3690515398867397	 -0.06260622875738328	 -0.3433092552933378	 -0.418212890625	 0.20947265625	 -0.487548828125	 0.13576919	 0.6897189	 0.6805451	 -0.20667209	 -1.6026273	 -10.307055	 18.821413	Triplo salto in lungo	3	Petto
45	 3108224843	 0.9999364941022024	 0.002257858183735917	 -0.010655632300250309	 0.002892635355513429	 -0.3928369334866838	 -0.06552575784619069	 -0.2717246650619797	 -0.3984375	 0.217529296875	 -0.499755859375	 0.14578708	 0.68790984	 0.67626816	 -0.21951717	 -1.9208184	 -12.715432	 16.098753	Triplo salto in lungo	3	Petto
46	 3108241510	 0.999883900408855	 0.004501199517492976	 -0.013442837303377893	 0.005587041373887824	 -0.3959666115909509	 -0.013170721236902543	 -0.2243374299103674	 -0.3759765625	 0.21875	 -0.50732421875	 0.1570872	 0.68726397	 0.6688964	 -0.23573242	 0.97219014	 -13.540435	 13.89171	Triplo salto in lungo	3	Petto
47	 3108258177	 0.9997998953161935	 0.00773115532136634	 -0.017897628338899827	 0.0044803418360790945	 -0.4150462820597241	 -0.007936459311638663	 -0.23247319651499843	 -0.340576171875	 0.227783203125	 -0.5419921875	 0.16942523	 0.6848047	 0.66038114	 -0.25736132	 1.3468568	 -13.250392	 15.436487	Triplo salto in lungo	3	Petto
48	 3108274844	 0.9996167568375572	 0.005093239452263268	 -0.027050092182084737	 0.0029480288985347936	 -0.33864787146766073	 -0.04819220257036454	 -0.18867494967952653	 -0.30322265625	 0.2333984375	 -0.574462890625	 0.18961391	 0.6777511	 0.65136987	 -0.28357983	 -1.2544249	 -9.612059	 11.526859	Triplo salto in lungo	3	Petto
49	 3108291511	 0.999066755091532	 0.0076105118513421915	 -0.042487221341621306	 -0.0015921692452107174	 -0.4880568806175991	 -0.06739540256038573	 -0.21302413155484184	 -0.25244140625	 0.252197265625	 -0.626708984375	 0.21653098	 0.66268796	 0.6403912	 -0.32227093	 -1.8886398	 -13.945547	 19.155497	Triplo salto in lungo	3	Petto
50	 3108308178	 0.9988789362429757	 6.496413962538278E-4	 -0.04502522285630895	 0.014600616524559629	 -0.49563979482686815	 -0.04095471988223791	 -0.21446708724323893	 -0.1875	 0.25	 -0.693359375	 0.25465187	 0.6536358	 0.6185865	 -0.35392624	 0.41676405	 -11.390653	 20.617783	Triplo salto in lungo	3	Petto
51	 3108324845	 0.9973285096549457	 0.017233037407218266	 -0.06761101520889438	 0.021624450827452627	 -0.15548776549244706	 0.06645167760523199	 -0.20907503602270586	 -0.106201171875	 0.235595703125	 -0.79296875	 0.29754066	 0.64218867	 0.5774952	 -0.40689415	 5.946362	 3.64459	 4.7361536	Triplo salto in lungo	3	Petto
52	 3108341512	 0.9972275778858128	 0.013259235520933055	 -0.07129524530792976	 0.016683482066928157	 -0.0709605287369208	 -0.059574114588541796	 -0.06470637977854075	 -0.028564453125	 0.224609375	 -0.932861328125	 0.34114888	 0.62160206	 0.5365344	 -0.4575583	 -2.8352706	 1.8100966	 -3.9264965	Triplo salto in lungo	3	Petto
53	 3108358179	 0.998315083737751	 -0.00535321134626196	 -0.05772995761740779	 0.002364043878973377	 0.13114355575639758	 -0.08553996285175423	 -0.12643351154451926	 0.013671875	 0.22119140625	 -1.038330078125	 0.38002336	 0.59038556	 0.51475567	 -0.49198997	 -3.4805675	 10.649675	 -14.314853	Triplo salto in lungo	3	Petto
54	 3108374846	 0.9997547660011695	 -0.015247779415021256	 -0.016042349363949108	 7.457263188730412E-4	 0.3570487220541215	 -0.04982087305121186	 -0.40260405242274266	 0.026611328125	 0.2177734375	 -1.091064453125	 0.40053698	 0.574185	 0.51386976	 -0.49580243	 1.2613391	 28.473808	 -25.273403	Triplo salto in lungo	3	Petto
55	 3108391513	 0.9997398029583773	 0.002469074418949807	 0.02256281818696904	 -0.002269204204200515	 0.5959903610471796	 0.018344247188645704	 -0.7081071546673562	 0.018310546875	 0.218994140625	 -1.034912109375	 0.38791972	 0.5834466	 0.5219495	 -0.48649493	 6.9801307	 47.775105	 -37.265945	Triplo salto in lungo	3	Petto
56	 3108408180	 0.9988103733115309	 0.030526040397869214	 -0.03769542349214739	 -0.0050054041450764974	 0.31920945971554243	 -0.05536598650036829	 -0.2104287137257245	 0.017822265625	 0.242431640625	 -1.113037109375	 0.3867786	 0.57364917	 0.49493802	 -0.52570504	 -1.5836072	 17.07671	 -25.404953	Triplo salto in lungo	3	Petto
57	 3108424847	 0.9992217114574686	 0.029691866080706897	 -0.024859212536309794	 0.007508927535091915	 0.07476528215891322	 -0.11158441834673319	 -0.24416477816944773	 0.031494140625	 0.243896484375	 -1.20361328125	 0.38488546	 0.57575554	 0.46563056	 -0.55096024	 -3.496386	 16.261553	 -11.519796	Triplo salto in lungo	3	Petto
58	 3108441514	 0.9999279711399844	 0.008845102462342047	 0.0073763178086661005	 0.003377370262589219	 -0.043373256938200926	 -0.17520596463381732	 -0.12391023896247003	 0.036376953125	 0.23583984375	 -1.223876953125	 0.37664768	 0.5855163	 0.4625407	 -0.54896617	 -7.9335103	 9.643795	 -5.736935	Triplo salto in lungo	3	Petto
59	 3108458181	 0.9989263589997022	 -0.04578864285018627	 3.1469109719656224E-4	 -0.007030679273681229	 -0.016088529479467314	 0.0073604935816510885	 0.006149451864355129	 0.030517578125	 0.239013671875	 -1.183349609375	 0.39694563	 0.5655082	 0.49243784	 -0.5292827	 0.3441878	 -0.6057209	 -8.930033	Triplo salto in lungo	3	Petto
60	 3108474848	 0.998366436260627	 -0.05607638900601605	 5.985839502996583E-4	 -0.01093340027418982	 0.05661907624929916	 0.06534224566625739	 -0.07758358421001632	 0.015380859375	 0.255615234375	 -1.1259765625	 0.42007405	 0.53819174	 0.5286651	 -0.504382	 4.6432905	 4.2062697	 -12.866707	Triplo salto in lungo	3	Petto
61	 3108491515	 0.9986213609441826	 -0.01358660480273527	 0.03249348807897634	 0.03892242115265077	 0.0726572053892158	 0.2438763130376434	 -0.03252021870574077	 0.031494140625	 0.210205078125	 -1.053466796875	 0.4275974	 0.5696959	 0.52836007	 -0.46199897	 14.42156	 1.284398	 -15.035658	Triplo salto in lungo	3	Petto
62	 3108508182	 0.9964043622354481	 0.008930298888025795	 0.05442885184982089	 0.06431249308066556	 0.12584259071175447	 0.22009573980365707	 0.10202705831184768	 0.065673828125	 0.102783203125	 -0.96630859375	 0.4207754	 0.6315665	 0.50966406	 -0.40535727	 12.833538	 -5.3710303	 -18.492786	Triplo salto in lungo	3	Petto
63	 3108524849	 0.99702806798843	 0.021539984377889787	 0.05669157715156143	 0.04750921801427036	 0.12775759863042785	 0.02820897732900217	 0.08185397135069777	 0.066650390625	 0.015380859375	 -0.86962890625	 0.39572987	 0.6866549	 0.4938615	 -0.35777676	 2.442036	 -2.502801	 -18.3862	Triplo salto in lungo	3	Petto
64	 3108541516	 0.9995012044185884	 0.011519591414898944	 0.02215768337972485	 0.0193307642546508	 0.0777784542336804	 -0.05415160210496724	 0.10055109823799101	 0.05517578125	 -0.0244140625	 -0.819091796875	 0.38319454	 0.7089137	 0.48553786	 -0.338905	 -2.5148904	 -2.9049048	 -17.158854	Triplo salto in lungo	3	Petto
65	 3108558183	 0.9998337950043247	 -0.003076000652135563	 -3.355783068733631E-4	 -0.017966857667328143	 0.018891688467738046	 -0.09953214635683694	 0.1951193253305828	 0.05029296875	 -0.007568359375	 -0.816650390625	 0.37904525	 0.69924766	 0.49958673	 -0.3432071	 -6.5672555	 -8.31744	 -17.667122	Triplo salto in lungo	3	Petto
66	 3108574850	 0.9987899141724134	 0.022986382230170854	 0.013113258364236826	 -0.041453299440509406	 -0.03473975025354905	 -0.13222729437354663	 0.21184642653865882	 0.02197265625	 0.064697265625	 -0.812744140625	 0.34148496	 0.69116294	 0.52542377	 -0.3600167	 -9.428511	 -10.319794	 -15.595615	Triplo salto in lungo	3	Petto
67	 3108591517	 0.9963368779695773	 0.0498500499973622	 0.0544986353774126	 -0.04310100758794428	 -0.06852389700476222	 -0.1260696751430054	 0.07698823456761472	 -0.044677734375	 0.1787109375	 -0.775146484375	 0.2614113	 0.7026545	 0.554192	 -0.36167994	 -8.767022	 -4.287719	 -9.348764	Triplo salto in lungo	3	Petto
68	 3108608184	 0.9949439215561996	 -0.008244300884530154	 0.09271015128134756	 -0.03772866696142113	 -0.06248082525216889	 -0.08944030038170254	 -0.20250246513200598	 -0.17724609375	 0.2529296875	 -0.65673828125	 0.20047818	 0.7096103	 0.6051429	 -0.3001067	 -3.0014179	 8.456863	 0.67218494	Triplo salto in lungo	3	Petto
69	 3108624851	 0.9970059419602866	 -0.06899902723960354	 0.033532466487437414	 -0.00968811783262069	 0.0037354291912854443	 -0.057975288216865976	 -0.19473551860240693	 -0.274658203125	 0.197265625	 -0.52294921875	 0.22500569	 0.69799435	 0.6377123	 -0.23558363	 -1.240858	 8.377689	 -1.0408726	Triplo salto in lungo	3	Petto
70	 3108641518	 0.9995015807577069	 -9.413979132308348E-5	 -0.027650652524255945	 0.015232288584700215	 -0.05409275340628181	 0.044726330722083936	 0.1420579779141455	 -0.242431640625	 0.151123046875	 -0.525146484375	 0.24532013	 0.7011101	 0.6206262	 -0.25116965	 2.0665379	 -8.006626	 -14.503791	Triplo salto in lungo	3	Petto
71	 3108658185	 0.9979736985766839	 -0.03462315514916875	 0.03217116564763516	 -0.04259988471302501	 -2.4385312014126373E-4	 0.03727179353012583	 0.1708383336083143	 -0.278564453125	 0.149169921875	 -0.482421875	 0.23790339	 0.67292887	 0.6659418	 -0.21700366	 1.7303131	 -6.970671	 -17.459866	Triplo salto in lungo	3	Petto
72	 3108674852	 0.9970558747223474	 -0.026004936423805858	 -0.0135570020000418	 -0.07084866731293854	 -0.06776375713945812	 0.03973186294182205	 0.052000373422079166	 -0.3564453125	 0.1728515625	 -0.438232421875	 0.24805082	 0.61464167	 0.7141706	 -0.22504905	 2.3864741	 -5.1238103	 -9.737602	Triplo salto in lungo	3	Petto
73	 3108691519	 0.993025089196541	 0.0037825685870709336	 -0.09936016004005432	 -0.06335947441307267	 -0.2614018079461655	 0.13569491970027547	 -0.15151555750567702	 -0.294921875	 0.234619140625	 -0.539794921875	 0.30056566	 0.54357344	 0.72274345	 -0.30303538	 9.261133	 -5.1499805	 6.9984627	Triplo salto in lungo	3	Petto
74	 3108708186	 0.9975181747182624	 0.02927503919566013	 0.054214713494024715	 -0.03407679602896341	 -0.18340588342278888	 0.06897027907728501	 -0.2267736808387259	 -0.351806640625	 0.307373046875	 -0.54150390625	 0.23458502	 0.5426588	 0.74695563	 -0.30421826	 5.0783734	 4.7094593	 6.7817307	Triplo salto in lungo	3	Petto
75	 3108724853	 0.9985907727011795	 0.05047735583630719	 0.015480951725810268	 -0.005370787418928325	 -0.048011729356864194	 -0.09285384965142676	 0.08744171511066737	 -0.435791015625	 0.3896484375	 -0.5693359375	 0.19396931	 0.55415636	 0.7373327	 -0.33410722	 -4.326907	 -6.9097753	 -10.437908	Triplo salto in lungo	3	Petto
76	 3108741520	 0.9994011419446731	 -0.0050023754388826835	 -0.021358272153241407	 0.026761127223640768	 -0.035275489953612404	 -0.21470727003701087	 0.14711395912896952	 -0.385009765625	 0.39599609375	 -0.609375	 0.22156283	 0.5652201	 0.7196981	 -0.33685485	 -12.270602	 -9.811814	 -11.037627	Triplo salto in lungo	3	Petto
77	 3108758187	 0.996103831738018	 -0.059511058899928124	 -0.036938033984966145	 0.053583317467035436	 -0.11535176558820778	 0.0040494645746029165	 -0.11309012935798288	 -0.275634765625	 0.281982421875	 -0.576904296875	 0.29904935	 0.5756847	 0.69847554	 -0.30214038	 2.4757118	 0.43572643	 -0.44921207	Triplo salto in lungo	3	Petto
78	 3108774854	 0.9991228234419098	 0.0356057964898108	 0.02202792803293902	 7.624436818147173E-4	 -0.07007598597574341	 -0.04244097737585815	 -0.26974758173655844	 -0.251708984375	 0.25146484375	 -0.57275390625	 0.26332653	 0.5926349	 0.69337	 -0.3141359	 -2.982036	 9.397584	 3.9315815	Triplo salto in lungo	3	Petto
79	 3108791521	 0.9985943490110358	 0.04995163466519087	 0.017495696805183567	 -0.0028391743169438603	 -0.026903268659022865	 -0.0639946746653004	 -0.3999331241360804	 -0.29833984375	 0.347412109375	 -0.617431640625	 0.2202269	 0.60834986	 0.6830374	 -0.33892614	 -3.3677845	 16.503029	 7.7779064	Triplo salto in lungo	3	Petto
80	 3108808188	 0.998830761670657	 -0.033392805838120876	 -0.022447605724994744	 0.026798042015937273	 -0.11334108977479751	 -0.1920200780059056	 -0.44053886113748475	 -0.243408203125	 0.303466796875	 -0.612060546875	 0.26429448	 0.61091506	 0.67254794	 -0.3234359	 -7.238103	 14.320362	 15.090122	Triplo salto in lungo	3	Petto
81	 3108824855	 0.9996552845006342	 8.439345404586407E-4	 0.020709660192224144	 0.016115517961581508	 -0.1765296511198559	 0.05209432321445716	 -0.3986726474174076	 -0.2294921875	 0.256591796875	 -0.577880859375	 0.25416696	 0.6285927	 0.667901	 -0.30688593	 5.273418	 11.350713	 13.371012	Triplo salto in lungo	3	Petto
82	 3108841522	 0.9999280896668324	 0.004100042471809784	 0.010793069819686365	 0.0032426518215451505	 0.010554878595313379	 0.1746454032163813	 -0.26466110340613874	 -0.2431640625	 0.261962890625	 -0.568603515625	 0.24448155	 0.63532656	 0.6675306	 -0.3016494	 11.119938	 12.226823	 -0.36864948	Triplo salto in lungo	3	Petto
83	 3108858189	 0.9999854034682139	 -0.0029106558911491387	 5.716772743664945E-4	 0.004515984708896249	 0.09669904493867368	 0.24857529292145025	 -0.5920498933515239	 -0.24853515625	 0.2529296875	 -0.559326171875	 0.24649826	 0.63810027	 0.6659961	 -0.2975166	 16.432026	 29.532673	 9.571955	Triplo salto in lungo	3	Petto
84	 3108874856	 0.9993569212008905	 -0.025815358395526122	 -0.024881741250264825	 -4.585533148186438E-4	 -0.06262557767468865	 0.1726921939505981	 -0.6135542768263141	 -0.223388671875	 0.221923828125	 -0.565673828125	 0.27834976	 0.62415993	 0.6678971	 -0.29471973	 12.419587	 23.530554	 17.913229	Triplo salto in lungo	3	Petto
85	 3108891523	 0.9998539965479529	 0.015188787531313225	 -0.006964130852129186	 0.0035759197263137703	 -0.2004653361741345	 0.02824477501467293	 -0.1799484896872417	 -0.19873046875	 0.22119140625	 -0.57958984375	 0.27353773	 0.6293144	 0.65978605	 -0.306306	 2.4200542	 -0.039549276	 6.25683	Triplo salto in lungo	3	Petto
86	 3108908190	 0.9996346026253605	 0.0218080075720124	 0.015691273680660537	 0.002975898193019244	 -0.18474837617438444	 -0.13998897209490452	 -0.16008869195080633	 -0.204345703125	 0.247802734375	 -0.591796875	 0.24933398	 0.6424091	 0.6559249	 -0.3080679	 -7.5198092	 -0.39749065	 5.3188143	Triplo salto in lungo	3	Petto
87	 3108924857	 0.9995827806896384	 -0.02854582597393074	 2.6289364851742053E-4	 -0.004396732328218801	 -0.22616994361258988	 -0.30756685312047366	 -0.4400590049287245	 -0.22216796875	 0.2314453125	 -0.564697265625	 0.2650364	 0.63281614	 0.66787994	 -0.28850687	 -15.9256525	 9.932209	 19.675499	Triplo salto in lungo	3	Petto
88	 3108941524	 0.9999225311302584	 -0.002626306763672037	 -0.011149698479211436	 -0.004870161667035577	 -0.3048684392936406	 -0.010951045281794178	 -0.4319636460374201	 -0.21044921875	 0.215087890625	 -0.562255859375	 0.2713423	 0.62631166	 0.6692348	 -0.2936531	 0.6948343	 5.867828	 21.360909	Triplo salto in lungo	3	Petto
89	 3108958191	 0.9997284929347067	 0.02202386813929827	 0.0026187532736130503	 -0.007143652985326155	 -0.43291661370058937	 0.06990164807949868	 -0.2922335493570069	 -0.218017578125	 0.251220703125	 -0.58837890625	 0.2522328	 0.62876713	 0.66834825	 -0.3071508	 6.0315294	 -4.7286897	 20.862675	Triplo salto in lungo	3	Petto
90	 3108974858	 0.9999071329092971	 8.332819673075587E-4	 0.013543878322149152	 0.0012627581981335956	 -0.4446654849868532	 -0.06610276915559032	 -0.30762709602577387	 -0.23486328125	 0.270751953125	 -0.583740234375	 0.24184597	 0.6344741	 0.67120004	 -0.2973955	 -0.8660546	 -5.0613747	 22.464478	Triplo salto in lungo	3	Petto
91	 3108991525	 0.9999507239107845	 -0.003508327628815394	 0.006530108539447494	 0.006602959185838698	 -0.4711157830088564	 -0.03199180797695013	 -0.35148596287019707	 -0.23876953125	 0.259033203125	 -0.565673828125	 0.24055462	 0.64045906	 0.67008847	 -0.28797117	 1.3906932	 -5.2699766	 25.082783	Triplo salto in lungo	3	Petto
92	 3109008192	 0.9999824130596351	 -0.0014997596740372043	 6.587182288669836E-5	 0.005737591241315898	 -0.3722583134024013	 0.027193151221470396	 -0.3071868003037177	 -0.233154296875	 0.25	 -0.56396484375	 0.24216084	 0.6443803	 0.6673032	 -0.28432214	 3.8989546	 -3.3467584	 18.73279	Triplo salto in lungo	3	Petto
93	 3109024859	 0.9999934461667922	 -6.984734108164414E-4	 0.002315291195575886	 0.0026942874822224465	 -0.3189764217162793	 -0.007535358619826481	 -0.2964273230593096	 -0.228759765625	 0.249267578125	 -0.558349609375	 0.24100816	 0.6470378	 0.6667569	 -0.28052205	 1.3036438	 -1.5987976	 16.235233	Triplo salto in lungo	3	Petto
94	 3109041526	 0.999995178828682	 6.978296623821323E-4	 -0.001436428950125135	 0.0026630856211982135	 -0.2780802066101554	 -0.05053418471083132	 -0.2886761188218563	 -0.226806640625	 0.251220703125	 -0.568603515625	 0.24150665	 0.64891505	 0.6649144	 -0.28013036	 -1.5431259	 -0.33981836	 14.375919	Triplo salto in lungo	3	Petto
95	 3109058193	 0.9999794172607638	 0.0017080232893498248	 -0.0059090167452739715	 0.0018251663953087196	 -0.31178131989862634	 -0.07083315641714519	 -0.2303477635546376	 -0.217041015625	 0.255859375	 -0.57568359375	 0.24408661	 0.64920026	 0.66222554	 -0.28358132	 -2.8957748	 -4.1941113	 13.2745495	Triplo salto in lungo	3	Petto
96	 3109074860	 0.9998759667819915	 0.003545458327401191	 -0.015232459650539184	 0.0018582115114437747	 -0.35746126555433516	 -0.07073165195734366	 -0.21224788847174908	 -0.20263671875	 0.260986328125	 -0.604736328125	 0.25165796	 0.6471978	 0.6566116	 -0.2943888	 -2.855543	 -6.693642	 14.41964	Triplo salto in lungo	3	Petto
97	 3109091527	 0.999691170615307	 -0.004593451295198836	 -0.023860694126843524	 0.005208730630501813	 -0.328972125276377	 -0.03979209016334956	 -0.18956479669664203	 -0.168701171875	 0.257568359375	 -0.63232421875	 0.27110738	 0.6425128	 0.64875305	 -0.3046278	 -1.1080016	 -5.765912	 12.327034	Triplo salto in lungo	3	Petto
98	 3109108194	 0.9992031668248839	 0.0037371407743808094	 -0.03194103202669805	 0.023639705138287725	 -0.29945676419706757	 0.04452404548010801	 -0.1334068204871596	 -0.117919921875	 0.23974609375	 -0.67529296875	 0.29582968	 0.648875	 0.6235993	 -0.32026595	 3.4775357	 -6.1169906	 8.748604	Triplo salto in lungo	3	Petto
99	 3109124861	 0.9991506673280965	 -0.008877341155840657	 -0.03664706968081275	 0.016617131991771176	 -0.35129477932851927	 0.08695998145166217	 -0.04991348390750225	 -0.052490234375	 0.2041015625	 -0.734375	 0.3290438	 0.6445937	 0.6045787	 -0.3327376	 4.991208	 -10.985313	 8.485792	Triplo salto in lungo	3	Petto
100	 3109141528	 0.998960615433331	 0.00628493137149172	 -0.04496654367263501	 -0.004024723698993871	 -0.31613858432473063	 0.035521492647796984	 -0.018892942441339364	 -0.0146484375	 0.207275390625	 -0.810302734375	 0.35026887	 0.6287422	 0.5899574	 -0.36598536	 1.2632415	 -9.818797	 6.545986	Triplo salto in lungo	3	Petto
101	 3109158195	 0.9983495798939072	 0.020089934791863606	 -0.05141666033077241	 -0.015837862423565278	 -0.20153154790655298	 -0.1359519514607878	 -0.05474127574511878	 0.011474609375	 0.244384765625	 -0.91943359375	 0.36149147	 0.60666037	 0.57382	 -0.41475052	 -8.426187	 -2.54275	 2.2731695	Triplo salto in lungo	3	Petto
102	 3109174862	 0.9970161064042027	 0.032862735365876417	 -0.051536869855190744	 -0.047147377874119545	 -0.020486891406878725	 -0.36270058241243264	 -0.10351285700382015	 -0.002685546875	 0.322509765625	 -1.048095703125	 0.35035974	 0.56829935	 0.5687119	 -0.48046958	 -21.131498	 6.9142466	 -5.4206433	Triplo salto in lungo	3	Petto
103	 3109191529	 0.995556973836134	 0.018108277390102123	 -0.04172159400472237	 -0.08244823060507463	 0.3013598702845186	 -0.4503901391864886	 -0.15045702396715832	 -0.087890625	 0.454345703125	 -1.15966796875	 0.32229704	 0.50513184	 0.5900186	 -0.54115134	 -27.212934	 17.019018	 -20.227646	Triplo salto in lungo	3	Petto
104	 3109208196	 0.996862587288679	 -0.025648083089196583	 -0.014790747165802478	 -0.07340566528714021	 0.36896143337951864	 -0.1772265240251808	 -0.3207262704514293	 -0.2216796875	 0.564453125	 -1.16015625	 0.3026968	 0.44391364	 0.63469476	 -0.555408	 -13.11093	 25.047455	 -23.00978	Triplo salto in lungo	3	Petto
105	 3109224863	 0.9998377118896709	 -0.0175778948605127	 0.003393052108600858	 -0.002013626799710289	 0.24062207948268388	 0.28598355964385946	 -0.37160685779754166	 -0.268310546875	 0.587646484375	 -1.108642578125	 0.30654094	 0.43917814	 0.64660543	 -0.54319143	 11.744994	 24.81777	 -25.500263	Triplo salto in lungo	3	Petto
106	 3109241530	 0.9992404214337234	 0.03481898886279189	 -0.01715263836321768	 0.0034648498825042284	 0.2111068261405132	 0.33245911693774455	 -0.26024354854962567	 -0.246826171875	 0.57373046875	 -1.173583984375	 0.3034788	 0.44254014	 0.6207582	 -0.571593	 13.81738	 18.649282	 -26.043442	Triplo salto in lungo	3	Petto
107	 3109258197	 0.9985488158567666	 0.012636375345893902	 -0.05156599887858138	 -0.009029514318127931	 0.06890984328512084	 0.18144921941216618	 -0.30503934684479106	 -0.265380859375	 0.58984375	 -1.262939453125	 0.32392374	 0.41076937	 0.60132074	 -0.60395	 10.354572	 18.260933	 -15.279367	Triplo salto in lungo	3	Petto
108	 3109274864	 0.9994720349298735	 0.022023983589658014	 -0.023461221703260485	 0.004490725572859566	 -0.14272361969976888	 0.1489506089360666	 -0.16265233411554067	 -0.273681640625	 0.591064453125	 -1.33935546875	 0.33119735	 0.40636015	 0.5785678	 -0.62485147	 12.822228	 8.213722	 -5.7433753	Triplo salto in lungo	3	Petto
109	 3109291531	 0.9993759518655312	 0.018176682878679462	 0.029097917619987035	 0.008403940895318042	 -0.0513304887908139	 0.03739671889288693	 0.004415721180635643	 -0.251953125	 0.57666015625	 -1.3515625	 0.31177357	 0.43527535	 0.57335186	 -0.62016165	 3.3388145	 -0.6837052	 -8.087197	Triplo salto in lungo	3	Petto
110	 3109308198	 0.9993138086678375	 0.0022748059932896636	 0.036932420626346114	 -0.0016532907040738287	 0.04877494555174418	 -0.036098763734402475	 -0.035492343379716115	 -0.24365234375	 0.575439453125	 -1.3173828125	 0.288153	 0.45771065	 0.58401966	 -0.6053018	 -2.7817323	 2.7399	 -11.408213	Triplo salto in lungo	3	Petto
111	 3109324865	 0.9997505443124812	 -0.014994309314218857	 0.016550849202404908	 2.987068229597379E-4	 0.09273480033852327	 -0.05030183511517799	 -0.06472836323432068	 -0.24267578125	 0.576416015625	 -1.26806640625	 0.28524178	 0.46351954	 0.5977924	 -0.5885841	 -4.1341534	 5.2596426	 -13.036217	Triplo salto in lungo	3	Petto
112	 3109341532	 0.9999592489967458	 -0.0035536320582054692	 0.005352321654322479	 -0.006342294377243374	 0.05732266525107952	 -0.016740767988040618	 0.11539364260129813	 -0.24853515625	 0.58056640625	 -1.253662109375	 0.27973193	 0.46187308	 0.6045305	 -0.5856338	 -3.7075737	 -5.830952	 -13.422696	Triplo salto in lungo	3	Petto
113	 3109358199	 0.999579469077406	 -0.016449694982202334	 0.02228200007299741	 -0.008590984033877426	 0.032096004980739924	 0.03166539918840577	 0.1209162578976071	 -0.2685546875	 0.59228515625	 -1.214111328125	 0.26851118	 0.46493512	 0.6242915	 -0.5674484	 -0.5838937	 -6.781195	 -13.504127	Triplo salto in lungo	3	Petto
114	 3109374866	 0.9988112653658984	 -0.042592772404213414	 0.023059762823694322	 -0.005491744314028935	 -0.0251646160864265	 0.08036411398856466	 0.03365439535862069	 -0.28466796875	 0.589599609375	 -1.119140625	 0.27029088	 0.46259648	 0.656619	 -0.5308475	 4.5213003	 -2.7149866	 -11.149718	Triplo salto in lungo	3	Petto
115	 3109391533	 0.9994859889700793	 -0.0303003231624647	 0.010469429401585075	 -1.982845378210585E-4	 -0.06851320511880396	 0.0777152445261449	 0.1151180165252213	 -0.291259765625	 0.581787109375	 -1.03955078125	 0.27701977	 0.45957002	 0.67544097	 -0.50580144	 4.9876666	 -7.8164797	 -10.42486	Triplo salto in lungo	3	Petto
116	 3109408200	 0.9993575714246619	 -0.031967199153141834	 0.01613589384643466	 -0.0014749726376427352	 -0.09148959783723794	 0.11450562573147917	 0.1329537546577726	 -0.298583984375	 0.56640625	 -0.97412109375	 0.27973366	 0.45754683	 0.6964648	 -0.47679874	 7.802345	 -8.8916855	 -10.822482	Triplo salto in lungo	3	Petto
117	 3109424867	 0.9989896614723914	 -0.033464050771768866	 0.029219239782449558	 0.006785985835294107	 -0.0279658408978982	 0.12084915374840538	 0.08265953699571317	 -0.315185546875	 0.547119140625	 -0.886474609375	 0.27750665	 0.4663375	 0.71691215	 -0.43767184	 7.0406275	 -4.2606316	 -13.314192	Triplo salto in lungo	3	Petto
118	 3109441534	 0.9981657904537461	 -0.03586566567967081	 0.02667298920802783	 0.040832100606149446	 0.01762947320840052	 0.1013680357558038	 0.06899277209997827	 -0.294677734375	 0.487060546875	 -0.7919921875	 0.29233587	 0.4964384	 0.7197723	 -0.38731998	 5.068673	 -2.1086175	 -14.82294	Triplo salto in lungo	3	Petto
119	 3109458201	 0.9968493539827272	 -0.023683315338185268	 0.03143622294280022	 0.06886385064678054	 0.02241177518344039	 0.06669124520695022	 0.07424607771658462	 -0.23095703125	 0.388671875	 -0.7216796875	 0.3070935	 0.549648	 0.7018036	 -0.33324578	 3.4775286	 -2.2890258	 -14.322581	Triplo salto in lungo	3	Petto
120	 3109474868	 0.9949963673928618	 -0.008038209632866194	 0.0679877381752698	 0.07276869875652747	 0.027881847525553494	 0.009328272015746462	 -0.05450377681842637	 -0.192138671875	 0.276123046875	 -0.636474609375	 0.286427	 0.61803126	 0.68204147	 -0.26611376	 -0.015164348	 3.6792758	 -9.292049	Triplo salto in lungo	3	Petto
121	 3109491535	 0.9976572012977349	 -0.011284184327349761	 0.05662838086971467	 0.03668790485857016	 0.09338471578466784	 -0.0667362412942414	 -0.12778221114814428	 -0.234619140625	 0.20849609375	 -0.52978515625	 0.26375344	 0.65342295	 0.67708224	 -0.2122085	 -4.869872	 8.985352	 -8.486427	Triplo salto in lungo	3	Petto
122	 3109508202	 0.9989201851662186	 0.023899699936440588	 -0.038102894699890234	 0.0116377586297573	 0.08597967150076766	 -0.14402427038887405	 -0.04357551061338791	 -0.195556640625	 0.187744140625	 -0.564697265625	 0.27600512	 0.6587756	 0.65375024	 -0.24989378	 -8.861933	 5.1486397	 -11.566288	Triplo salto in lungo	3	Petto
123	 3109524869	 0.9967928686342276	 0.06643225007387782	 -0.044421405496719114	 -0.004179943033743362	 -0.05005938770648067	 -0.21489900640268705	 -0.08251196404233374	 -0.14404296875	 0.283203125	 -0.70654296875	 0.2592241	 0.6611181	 0.62569654	 -0.32284683	 -13.102772	 1.1433752	 -4.6377597	Triplo salto in lungo	3	Petto
124	 3109541536	 0.9977953489577088	 -0.060904571659281176	 -0.02257119753614734	 -0.013624088635490916	 -0.16950610475259412	 -0.07545724773028858	 -0.056216558935714235	 -0.112060546875	 0.269775390625	 -0.724609375	 0.30852312	 0.6279548	 0.6473495	 -0.30236623	 -4.2401595	 -3.8239915	 0.3218813	Triplo salto in lungo	3	Petto
125	 3109558203	 0.9986221707067654	 -0.04644220263915655	 0.014567327718792239	 -0.01961313208196575	 -0.0023240355250738476	 0.022324917257684773	 0.142285222722043	 -0.143798828125	 0.232421875	 -0.64697265625	 0.32177526	 0.60435224	 0.6775127	 -0.268693	 1.5159094	 -6.6975427	 -15.060198	Triplo salto in lungo	3	Petto
126	 3109574870	 0.9995480856718506	 -0.013683452833810644	 0.020503282122770975	 -0.017204736861622716	 -0.006354836859685256	 0.030489493380681864	 0.10096784894933869	 -0.18896484375	 0.235107421875	 -0.602783203125	 0.31126297	 0.5934121	 0.6980612	 -0.25236553	 2.5161989	 -4.577026	 -13.406281	Triplo salto in lungo	3	Petto
127	 3109591537	 0.9996964751559048	 -0.0037708496539441694	 0.02047821601411676	 -0.0131674189811829	 -0.051532885890383795	 0.03767751180466072	 -0.049215278189468144	 -0.2333984375	 0.23876953125	 -0.56298828125	 0.2956616	 0.58794296	 0.71313936	 -0.24153662	 2.144782	 0.43811345	 -5.499797	Triplo salto in lungo	3	Petto
128	 3109608204	 0.9987814402645081	 0.04610646690399656	 -0.0028782811417926717	 -0.017365016281428947	 -0.1304089301673277	 -0.02047554965061698	 -0.08560458311521266	 -0.259521484375	 0.306396484375	 -0.595947265625	 0.2659243	 0.5876992	 0.7106338	 -0.28088084	 -0.8640439	 -2.1247299	 -0.6554222	Triplo salto in lungo	3	Petto
129	 3109624871	 0.9988467238438862	 0.04396060682038069	 -0.018261558474186645	 -0.00626121365335447	 -0.11755514286836709	 -0.035962184038704284	 -0.107818384782116	 -0.25390625	 0.38134765625	 -0.681884765625	 0.25089645	 0.58900267	 0.6964801	 -0.3241027	 -1.2503923	 -0.5615878	 -0.0981617	Triplo salto in lungo	3	Petto
130	 3109641538	 0.9999084677172423	 -9.133392140505403E-4	 -0.012937784655087632	 -0.003851717416316902	 -0.03355654007343305	 -0.009489838030185624	 -0.009310151251874225	 -0.24072265625	 0.394775390625	 -0.71533203125	 0.25904253	 0.58176726	 0.695885	 -0.33194607	 -0.1775745	 -0.96194994	 -7.8809214	Triplo salto in lungo	3	Petto
131	 3109658205	 0.9993255389214744	 0.006669794243874316	 0.036108681530683036	 -3.7976593435778977E-4	 -0.05684999227999417	 -0.06057852865332898	 -0.08178344428028181	 -0.25439453125	 0.400390625	 -0.708984375	 0.22959736	 0.59475124	 0.702917	 -0.31537932	 -2.7987409	 1.1953442	 -3.5145264	Triplo salto in lungo	3	Petto
132	 3109674872	 0.9966273637929761	 0.007144035384069103	 0.08018474659219225	 -0.015914361798072207	 -0.01777354821625235	 -0.19505425396442627	 -0.46656174368393183	 -0.383056640625	 0.425048828125	 -0.626220703125	 0.16305096	 0.60840815	 0.7262992	 -0.27521557	 -9.828883	 18.216541	 12.397011	Triplo salto in lungo	3	Petto
133	 3109691539	 0.9995317275060496	 -0.02832630099620989	 -0.011570740115914052	 2.5368053602531365E-4	 0.16490572955624264	 -0.11987141873447374	 -0.2628098888015447	 -0.390869140625	 0.413818359375	 -0.607666015625	 0.18853365	 0.60039514	 0.7318836	 -0.2613952	 -7.514292	 16.502066	 -1.4787436	Triplo salto in lungo	3	Petto
134	 3109708206	 0.9987286945713947	 -0.04964872447282054	 0.003870606833969587	 0.0078113507587703745	 0.13902661785763532	 0.10423416736428409	 -0.4594865471870989	 -0.3837890625	 0.344482421875	 -0.537353515625	 0.21713997	 0.59690505	 0.74013406	 -0.22080892	 5.4028945	 24.192488	 6.1328773	Triplo salto in lungo	3	Petto
135	 3109724873	 0.9997520151582677	 -0.0210615427569463	 -0.00692219315044837	 0.002098295896213798	 0.004891256035672087	 0.32106671031639256	 -0.4701322821071381	 -0.375	 0.29638671875	 -0.496826171875	 0.23506999	 0.59211504	 0.742016	 -0.20869736	 17.163015	 20.433193	 11.512476	Triplo salto in lungo	3	Petto
136	 3109741540	 0.9999491683797559	 -0.004161074051256847	 -0.0035667083612375976	 -0.008463138356451294	 -0.1592811736737792	 0.23476226346503834	 -0.34635449654279116	 -0.37109375	 0.29638671875	 -0.49462890625	 0.23824023	 0.5839888	 0.7471932	 -0.20952626	 13.437957	 7.7514453	 12.117031	Triplo salto in lungo	3	Petto
137	 3109758207	 0.9995397404390127	 0.023500748265725707	 0.01882314606204799	 -0.003702875421733976	 -0.18373495806831427	 0.11077680621766474	 -0.2857335626030317	 -0.397216796875	 0.3193359375	 -0.509033203125	 0.2094133	 0.5904108	 0.7487337	 -0.21670121	 6.804464	 3.150319	 10.271154	Triplo salto in lungo	3	Petto
138	 3109774874	 0.9982263645073538	 0.05547218482949243	 0.01949801547074018	 -0.009316077789330635	 -0.12070784412342833	 -0.058655144473780466	 -0.2405370441447649	 -0.436279296875	 0.4013671875	 -0.5654296875	 0.1595265	 0.5981486	 0.7451246	 -0.24811147	 -2.7082121	 1.765816	 6.3942547	Triplo salto in lungo	3	Petto
139	 3109791541	 0.9997658991699959	 0.014899046017480488	 0.0026859772304719813	 -0.015458033862551459	 -0.10970674479420832	 -0.39046931805454527	 -0.7296298352180819	 -0.467041015625	 0.45849609375	 -0.60595703125	 0.14460842	 0.5894023	 0.751121	 -0.25982836	 -18.631662	 15.39068	 34.058132	Triplo salto in lungo	3	Petto
140	 3109808208	 0.9996912360957159	 -0.024466953603401467	 -0.004331014172038573	 2.0729454953577475E-4	 -0.2375174868295688	 -0.29705263856056846	 -0.6734081548037147	 -0.473876953125	 0.431640625	 -0.573486328125	 0.16211249	 0.5846233	 0.7566603	 -0.24372254	 -9.7755575	 8.062105	 34.826324	Triplo salto in lungo	3	Petto
141	 3109824875	 0.999990645115559	 -7.769839078184959E-4	 0.0024278004847967938	 0.0034945331850227417	 -0.3554395015823281	 -0.013713169397427345	 -0.3969992380182509	 -0.465087890625	 0.4150390625	 -0.5654296875	 0.1613921	 0.58763117	 0.7553596	 -0.24098644	 5.7836666	 -4.045022	 21.380049	Triplo salto in lungo	3	Petto
142	 3109841542	 0.9995792960963209	 0.003353162656086983	 0.027666497989865566	 -0.008034426224829416	 -0.3730960515983026	 -0.03293205744526849	 -0.46270846831514334	 -0.502685546875	 0.43310546875	 -0.56005859375	 0.13634752	 0.5884249	 0.763573	 -0.22830236	 4.949447	 -3.1395721	 25.421326	Triplo salto in lungo	3	Petto
143	 3109858209	 0.9998066429563244	 -0.008653246305123208	 0.016971665713774373	 -0.004874483735513081	 -0.2983569704813747	 -0.07887080813529007	 -0.49176543152957986	 -0.54833984375	 0.423095703125	 -0.53173828125	 0.12717517	 0.587214	 0.77070475	 -0.21218032	 2.0763736	 -0.91372764	 24.947361	Triplo salto in lungo	3	Petto
144	 3109874876	 0.9999810774270335	 0.00615166311360657	 3.355578924585379E-7	 -4.2763224082531526E-5	 -0.245893546063953	 -0.09502815116577357	 -0.43879504891767673	 -0.556640625	 0.42724609375	 -0.53515625	 0.12340602	 0.58783656	 0.7695647	 -0.21677041	 0.03340848	 -1.2740567	 20.873354	Triplo salto in lungo	3	Petto
145	 3109891543	 0.9998516152553142	 0.01697219396518819	 -8.754947851998401E-4	 0.002815246388545967	 -0.28429847965689065	 -0.1665315575640091	 -0.41162984949004816	 -0.552001953125	 0.44287109375	 -0.557861328125	 0.11454827	 0.5917248	 0.764148	 -0.22982328	 -3.2177777	 -4.848765	 21.282156	Triplo salto in lungo	3	Petto
146	 3109908210	 0.9997959716117804	 0.017105156885207334	 0.006615243055412224	 0.008465655090206803	 -0.23351560021720935	 -0.19036640937149765	 -0.2779665677275796	 -0.548828125	 0.46240234375	 -0.583251953125	 0.101146355	 0.6014655	 0.7559399	 -0.23783123	 -5.4773984	 -6.036844	 13.392138	Triplo salto in lungo	3	Petto
147	 3109924877	 0.9998681020999057	 -9.225917123834304E-4	 -0.004431446663459821	 0.015597740481675117	 -0.21758195624183335	 -0.19648378694322474	 -0.2455832517071788	 -0.527587890625	 0.46533203125	 -0.589111328125	 0.10860205	 0.61194396	 0.7463601	 -0.2380693	 -5.9769573	 -6.082845	 11.488878	Triplo salto in lungo	3	Petto
148	 3109941544	 0.999769395848943	 -0.01470949043114994	 -0.011184814019907703	 0.010940107423398793	 -0.2549022651957188	 -0.12074927508154619	 -0.2855550067096386	 -0.5	 0.43798828125	 -0.5751953125	 0.12838943	 0.61561626	 0.7419152	 -0.23258318	 -1.2937506	 -5.812612	 13.521681	Triplo salto in lungo	3	Petto
149	 3109958211	 0.9998977263958168	 0.004091254791426718	 -0.011728915445625987	 0.007087377877423585	 -0.27405566363167105	 -0.026973355580489234	 -0.28564750274406703	 -0.47509765625	 0.423828125	 -0.57861328125	 0.1360675	 0.6185363	 0.73513764	 -0.24180926	 3.511002	 -5.6279407	 13.050751	Triplo salto in lungo	3	Petto
150	 3109974878	 0.9995895573260484	 0.018328939512065406	 -0.019608738452370603	 0.010013203153043215	 -0.25282395572656946	 0.0018341590242097194	 -0.22799328625187432	 -0.442138671875	 0.440185546875	 -0.616943359375	 0.14138384	 0.62331665	 0.7216704	 -0.2658554	 4.4680195	 -5.613202	 9.311611	Triplo salto in lungo	3	Petto
151	 3109991545	 0.9992365438707231	 0.019698100058565288	 -0.021773032164525172	 0.025773034701748746	 -0.22543551540902362	 -0.044707753072286166	 -0.1947512015312326	 -0.3876953125	 0.443115234375	 -0.663330078125	 0.15144612	 0.6383636	 0.6968713	 -0.28970098	 1.3526452	 -4.8254514	 7.553602	Triplo salto in lungo	3	Petto
152	 3110008212	 0.996455628004627	 0.02577713817302854	 -0.039899344366219426	 0.06942451213122741	 -0.2193699340346604	 -0.07865756083974351	 -0.09716926838146316	 -0.279296875	 0.4169921875	 -0.725341796875	 0.18225126	 0.6767904	 0.63668734	 -0.32151005	 -1.8509266	 -7.1557655	 3.4110203	Triplo salto in lungo	3	Petto
153	 3110024879	 0.9892797743800588	 -0.042753858721071444	 -0.08815531057860698	 0.10828793461779614	 -0.3886993943197557	 -0.15408942179642882	 0.017402651120612872	 -0.056884765625	 0.255615234375	 -0.825439453125	 0.3000867	 0.7022952	 0.5544153	 -0.3306864	 -8.841262	 -16.921204	 6.495249	Triplo salto in lungo	3	Petto
154	 3110041546	 0.9983734049820265	 -0.012719366377707153	 -0.026242576044852976	 0.04899070469052508	 -0.7761768364345479	 0.06604625988678552	 -0.052795987295127134	 0.03662109375	 0.119384765625	 -0.853759765625	 0.33924273	 0.71570265	 0.5156778	 -0.32674286	 -3.437835	 -25.337269	 29.43877	Triplo salto in lungo	3	Petto
155	 3110058213	 0.997872694441678	 0.005930235644135612	 -0.06479684978039864	 0.004035622807809448	 -0.06305179319112321	 0.06774287849173936	 0.006905533894427433	 0.08154296875	 0.105224609375	 -0.9501953125	 0.36894256	 0.69705695	 0.48788473	 -0.37411472	 2.8909197	 -3.2598457	 -6.3460474	Triplo salto in lungo	3	Petto
156	 3110074880	 0.9940744825447851	 -0.010538298975200783	 -0.10698015670418039	 -0.01612803396498938	 0.004064710912161486	 -0.1084584683293511	 -0.06712061686883722	 0.12109375	 0.111572265625	 -1.144287109375	 0.4201953	 0.64109963	 0.46084008	 -0.44727382	 -5.516127	 5.274007	 -9.196507	Triplo salto in lungo	3	Petto
157	 3110091547	 0.9959893407806686	 0.005320383092630637	 -0.012353760095421218	 -0.08845513657522504	 0.19121148508817745	 -0.24699588543544065	 -0.15912594959214818	 0.072509765625	 0.239990234375	 -1.24072265625	 0.38111684	 0.5944355	 0.508257	 -0.49302292	 -10.551628	 14.829312	 -20.355793	Triplo salto in lungo	3	Petto
158	 3110108214	 0.9975372180592214	 0.0032737787738238433	 -0.004070937337212089	 -0.06994432377545662	 0.6413648187134542	 -0.37449868074836046	 -0.8195622964507214	 -0.031982421875	 0.380859375	 -1.198974609375	 0.34571156	 0.5565777	 0.54561174	 -0.5225063	 -12.4152	 60.03425	 -35.216976	Triplo salto in lungo	3	Petto
159	 3110124881	 0.9993855335336971	 -0.0061352199913949634	 0.004338390124528469	 -0.03423584102007827	 0.49978016994623725	 -0.012977871587543557	 -0.40977677087751996	 -0.09326171875	 0.45263671875	 -1.23095703125	 0.3284608	 0.5376599	 0.5692719	 -0.5281714	 4.568605E-4	 30.99078	 -33.132362	Triplo salto in lungo	3	Petto
160	 3110141548	 0.9999386448807193	 3.1348625495233873E-4	 0.008872555573232134	 -0.006624647770153813	 0.2570398097556078	 0.15090446613676878	 -0.4031935717485834	 -0.114013671875	 0.464111328125	 -1.186767578125	 0.3195047	 0.5386133	 0.575809	 -0.5256015	 10.173384	 25.960888	 -21.106394	Triplo salto in lungo	3	Petto
161	 3110158215	 0.9995267646693118	 -0.007585527670495723	 -0.029251462110226778	 -0.005749647299819195	 -0.020150222071656385	 0.0689454084783892	 -0.07397143480083102	 -0.12109375	 0.469970703125	 -1.220947265625	 0.337045	 0.5172439	 0.57354957	 -0.5384244	 5.092935	 3.3258793	 -8.6821785	Triplo salto in lungo	3	Petto
162	 3110174882	 0.9997520767893043	 0.01868817328723768	 -0.01124424082449377	 0.004483768832121704	 -0.045610114262594155	 0.06350728383741165	 -0.03222739493779554	 -0.1220703125	 0.471923828125	 -1.260498046875	 0.3359457	 0.5199385	 0.5574958	 -0.55317575	 4.6228833	 0.80428934	 -7.882818	Triplo salto in lungo	3	Petto
163	 3110191549	 0.9990934216471123	 0.00636178578286431	 0.032271915660413326	 0.027025653789048424	 0.006295146215926507	 0.06899609926928933	 -0.03890988201052315	 -0.091796875	 0.443603515625	 -1.25634765625	 0.32909405	 0.55452406	 0.55051345	 -0.5302222	 4.3165045	 1.7060299	 -10.899011	Triplo salto in lungo	3	Petto
164	 3110208216	 0.9969986486160908	 -0.0348586148279946	 0.05438808191568801	 0.04266741350837511	 0.048516335533075904	 0.0708164761312237	 -0.13787214711368967	 -0.04150390625	 0.3779296875	 -1.115966796875	 0.33992797	 0.59371334	 0.56182027	 -0.46509323	 5.4466314	 7.8616123	 -11.677929	Triplo salto in lungo	3	Petto
165	 3110224883	 0.9981050500305222	 -0.011221246621814285	 -0.038534514795355024	 0.04664208290061384	 0.01702982528753782	 0.02704940213985253	 0.16531078475117716	 0.021728515625	 0.2958984375	 -1.121337890625	 0.3891682	 0.59700626	 0.52549666	 -0.46474236	 -0.14742959	 -9.050366	 -14.297136	Triplo salto in lungo	3	Petto
166	 3110241550	 0.9980726489544953	 0.009156394039750049	 0.05409569073818305	 0.028996622229225166	 0.13616228998627805	 -0.03285609547243579	 0.15978012574420014	 0.060546875	 0.23291015625	 -1.093994140625	 0.36783755	 0.6397873	 0.52419746	 -0.42495307	 -3.2136972	 -6.6825933	 -20.183548	Triplo salto in lungo	3	Petto
167	 3110258217	 0.9991265176388464	 0.02090062920820382	 0.03590355359607162	 -0.004505584173800815	 0.1877774336158035	 -0.11296325970065174	 0.2632540799248117	 0.044921875	 0.229248046875	 -1.026611328125	 0.33326316	 0.6597819	 0.5311701	 -0.41410416	 -8.148667	 -9.223174	 -26.271227	Triplo salto in lungo	3	Petto
168	 3110274884	 0.9986813483631025	 0.005849516974686247	 0.04703320856935284	 -0.019728782894294028	 0.16089833790077673	 -0.09006649001185377	 0.19410689781336465	 0.009521484375	 0.2626953125	 -0.96240234375	 0.29565164	 0.6698376	 0.55691475	 -0.39211473	 -6.6207066	 -4.993498	 -23.570534	Triplo salto in lungo	3	Petto
169	 3110291551	 0.998331134728529	 -0.01377120512023286	 0.04243965253366755	 -0.03666299543143709	 0.12212430010157849	 -0.023021171436908124	 0.054643785820001206	 -0.057861328125	 0.310546875	 -0.875244140625	 0.26620144	 0.66085476	 0.5986354	 -0.36611983	 -1.4656639	 1.3197895	 -17.714874	Triplo salto in lungo	3	Petto
170	 3110308218	 0.9981053151503475	 -0.033714954412667836	 -0.008850692944240126	 -0.050702533979911035	 0.10045355537680657	 0.008640370493169805	 -0.028799145658197814	 -0.125244140625	 0.360107421875	 -0.8232421875	 0.2745469	 0.6170052	 0.6411473	 -0.36449832	 0.88404423	 4.887225	 -13.675188	Triplo salto in lungo	3	Petto
171	 3110324885	 0.9973070034514273	 -0.059513325750100154	 0.003380255733011706	 -0.042725622243295965	 0.1227547268680662	 0.07569815858585807	 -0.1455892767638347	 -0.1796875	 0.378173828125	 -0.763427734375	 0.29262176	 0.57278913	 0.6885678	 -0.33490276	 4.6994987	 11.276053	 -11.20487	Triplo salto in lungo	3	Petto
172	 3110341552	 0.998867740699002	 -0.01074991786506202	 0.04250801712676656	 -0.018459261543095018	 0.030782943656001725	 0.10719603760725036	 -0.13705502967724023	 -0.2578125	 0.37548828125	 -0.669677734375	 0.26282603	 0.5704525	 0.71456677	 -0.30806017	 5.8500047	 8.417154	 -7.104979	Triplo salto in lungo	3	Petto
173	 3110358219	 0.9994632646087036	 0.002184364424536095	 0.020523046543351298	 -0.025440436520482782	 -0.1456996830660994	 -0.06887260005617139	 -0.04938629835965909	 -0.3046875	 0.4052734375	 -0.664306640625	 0.23874432	 0.5588561	 0.73353237	 -0.30432165	 -2.2624626	 -4.179238	 -0.8854275	Triplo salto in lungo	3	Petto
174	 3110374886	 0.997604866034111	 -0.01907934339577616	 0.05633347517312807	 -0.03531358797358386	 -0.307895046297578	 -0.2459155411364814	 -0.3626379872000654	 -0.431640625	 0.41748046875	 -0.583984375	 0.19661129	 0.544083	 0.77093714	 -0.2664093	 -9.633077	 0.24216972	 20.838661	Triplo salto in lungo	3	Petto
175	 3110391553	 0.9999943102669118	 9.78226990400316E-4	 0.0027241695124979597	 0.0017324567024434858	 -0.16945555993623646	 -0.08234975013524987	 -0.32407776054255333	 -0.473876953125	 0.416015625	 -0.557861328125	 0.19426756	 0.5462317	 0.77042204	 -0.2652196	 -1.560488	 3.3654234	 12.370785	Triplo salto in lungo	3	Petto
176	 3110408220	 0.9995897403478066	 0.02333413553636754	 -0.008950302120401767	 0.013991468905320104	 -0.08246059257547977	 -0.0209796715310174	 -0.09417710478896904	 -0.426025390625	 0.43017578125	 -0.601806640625	 0.19186962	 0.5588659	 0.7546842	 -0.28514385	 0.3781572	 -0.47666797	 -2.2224221	Triplo salto in lungo	3	Petto
177	 3110424887	 0.9975532179122435	 -0.024634113207786995	 0.06535053230032026	 0.003169515334994544	 -0.06165845417591674	 -0.0037503605541044606	 -0.02537381637572964	 -0.485107421875	 0.425537109375	 -0.55029296875	 0.15657337	 0.57371664	 0.77076155	 -0.22860639	 0.94807446	 -1.780912	 -6.3508053	Triplo salto in lungo	3	Petto
178	 3110441554	 0.9962857317629807	 -0.0834822116925556	 0.02109954669906192	 5.197552456860377E-4	 -0.0904430254467451	 0.04705793576225018	 0.05530215694449829	 -0.54541015625	 0.3095703125	 -0.418701171875	 0.18758012	 0.56364226	 0.7901203	 -0.15110089	 4.2225018	 -5.503721	 -10.376646	Triplo salto in lungo	3	Petto
179	 3110458221	 0.9986688949678387	 -0.049989268084168065	 -0.0011848736196300449	 -0.012653354283768294	 -0.14439257431592153	 0.03480099639608107	 0.24486893365830553	 -0.561279296875	 0.214599609375	 -0.349609375	 0.21437168	 0.54335696	 0.80357254	 -0.11436564	 6.3860703	 -13.170295	 -18.813107	Triplo salto in lungo	3	Petto
180	 3110474888	 0.99930177697419	 -0.014621976403127485	 0.015304659236452136	 -0.0307883703360321	 -0.22459124004426684	 0.07205631028015269	 0.0573257235037163	 -0.59814453125	 0.17919921875	 -0.32080078125	 0.20622842	 0.5167479	 0.82479954	 -0.1007343	 9.033673	 -10.875059	 -6.3159504	Triplo salto in lungo	3	Petto
181	 3110491555	 0.9979767040721184	 0.03792570937386967	 0.02908851371727686	 -0.04192847561693525	 -0.23124349069208067	 0.06859841778762504	 -0.08390253545092524	 -0.692626953125	 0.236083984375	 -0.3359375	 0.15789513	 0.49177372	 0.84706235	 -0.12535338	 7.780722	 -7.50021	 1.0495529	Triplo salto in lungo	3	Petto
182	 3110508222	 0.9972742998507584	 0.04766610556406393	 0.015849045168456158	 -0.05404369532871934	 -0.08018363144766559	 -0.06663255815437699	 -0.046580742152299154	 -0.78466796875	 0.33203125	 -0.390380859375	 0.11371926	 0.4541175	 0.86791164	 -0.16605806	 -1.6451044	 -4.7289085	 -5.136616	Triplo salto in lungo	3	Petto
183	 3110524889	 0.9985160496652059	 0.017003542504517397	 7.475159208797517E-4	 -0.051730255395049114	 -0.01605578998844143	 -0.044846168561319955	 -0.01574146529751093	 -0.872802734375	 0.3759765625	 -0.42529296875	 0.096440576	 0.41069	 0.8873631	 -0.18606451	 -1.7249215	 -1.7864228	 -8.111028	Triplo salto in lungo	3	Petto
184	 3110541556	 0.9994596764824907	 0.012688830545360158	 -0.006515303276063007	 -0.029612488718899932	 -0.025203922722253195	 -0.029434660529214778	 0.03580325972949866	 -0.917724609375	 0.389404296875	 -0.445556640625	 0.091310345	 0.38416362	 0.8960994	 -0.20269927	 -0.3353334	 -2.9761374	 -10.838625	Triplo salto in lungo	3	Petto
185	 3110558223	 0.9995982523799475	 -0.02165306366334735	 -0.01598344046281726	 -0.00888866153689122	 -0.05359848491178007	 -0.016202749407304935	 -0.08578356111284952	 -0.909423828125	 0.382080078125	 -0.436279296875	 0.1119781	 0.37074372	 0.902146	 -0.190113	 1.4669697	 -0.46810454	 -3.8626842	Triplo salto in lungo	3	Petto
186	 3110574890	 0.999503245400163	 -0.01814358185655522	 -0.023471657791790144	 -0.010637394063448768	 0.15180062827946517	 0.045451588505672116	 -0.3421377779943643	 -0.918212890625	 0.317626953125	 -0.3857421875	 0.13766892	 0.35437015	 0.90653205	 -0.18349162	 -5.7023373	 16.228464	 4.881443	Triplo salto in lungo	3	Petto
188	 3110608224	 0.9990842034926641	 0.037991967030453044	 -0.01940619161169273	 0.003280929703009583	 0.7210471972633077	 0.5103616240215606	 -1.0512081274831535	 -0.87060546875	 0.379638671875	 -0.439208984375	 0.14193289	 0.35842437	 0.895109	 -0.22397976	 -8.295374	 35.877827	 6.090519	Triplo salto in lungo	3	Petto
189	 3110624891	 0.993768646540057	 -0.06958300369511349	 -0.06564815996397964	 0.057204911013414905	 -0.4044828282357922	 0.030667691455405294	 -0.7121458159469736	 -0.733154296875	 0.312744140625	 -0.386962890625	 0.23733118	 0.38269952	 0.8754486	 -0.17551376	 14.350491	 8.633939	 36.420986	Triplo salto in lungo	3	Petto
190	 3110641558	 0.9985772240028112	 -0.020428316107743774	 -0.02554266155075061	 0.042116315659673	 -0.33166209084206116	 0.05933059317179	 -0.5333679777913993	 -0.594970703125	 0.203369140625	 -0.347900390625	 0.27436155	 0.40958312	 0.85576403	 -0.15695836	 5.505624	 6.2643757	 27.108192	Triplo salto in lungo	3	Petto
191	 3110658225	 0.9936215106541034	 0.1039741287971096	 0.0407936043930724	 0.015542070227638207	 0.174765742354054	 0.05429441459439659	 -0.07950970347032457	 -0.598388671875	 0.321533203125	 -0.434326171875	 0.1973471	 0.4551313	 0.8389483	 -0.22377592	 -4.460005	 10.802404	 -12.407467	Triplo salto in lungo	3	Petto
192	 3110674892	 0.9989175721549131	 0.04194010406744128	 0.017952900735507555	 -0.009077723620342149	 0.22659688484338097	 0.007181996904479009	 -0.4995140573829804	 -0.671875	 0.44580078125	 -0.535888671875	 0.1607348	 0.4592235	 0.83648765	 -0.252125	 -10.378951	 26.01292	 7.4736614	Triplo salto in lungo	3	Petto
193	 3110691559	 0.9977910165094936	 -0.056825909359608434	 -0.03407883533920873	 0.00474724976467389	 0.08655794407035432	 -0.03659523991210042	 -0.5761524365726314	 -0.63427734375	 0.379638671875	 -0.47607421875	 0.21592218	 0.4443959	 0.8414682	 -0.2186816	 -5.907704	 22.24819	 16.5861	Triplo salto in lungo	3	Petto
194	 3110708226	 0.9995694119716574	 -0.024007503782082662	 -0.010333110519699153	 0.013336312825362961	 -0.20169466020503374	 -0.010781462197229849	 -0.384028694762255	 -0.5810546875	 0.3056640625	 -0.4296875	 0.23785616	 0.44783506	 0.8384135	 -0.19982831	 1.7495884	 4.655847	 15.742193	Triplo salto in lungo	3	Petto
195	 3110724893	 0.9996334999723602	 0.003571830956208083	 0.025788068956521668	 0.007421809491167664	 -0.22250645803037655	 -0.0137161231708166	 -0.294228566687157	 -0.5947265625	 0.304931640625	 -0.42626953125	 0.21578126	 0.4597649	 0.84039503	 -0.18918571	 1.9078467	 0.48595157	 12.247795	Triplo salto in lungo	3	Petto
196	 3110741560	 0.9993341380050014	 0.01228752412752887	 0.03420288509321975	 0.0032341954047667154	 -0.1530702469516413	 0.005487066041664053	 -0.3491800579204706	 -0.6494140625	 0.3125	 -0.421142578125	 0.18162	 0.47115198	 0.8435893	 -0.18272254	 0.76988703	 4.6312838	 12.577019	Triplo salto in lungo	3	Petto
197	 3110758227	 0.9999638321116178	 0.004672559566953199	 0.006062895534682977	 -0.0037071489688387253	 -0.04968974043138252	 -0.022298462394629744	 -0.4616674575034466	 -0.677978515625	 0.330810546875	 -0.431396484375	 0.1734003	 0.46978006	 0.84575415	 -0.18422623	 -3.420112	 10.441165	 15.82444	Triplo salto in lungo	3	Petto
198	 3110774894	 0.9996943902391402	 -0.019919198902883226	 -0.014083439854022663	 -0.004001045030887607	 -0.05673050760747545	 -0.06978872061802124	 -0.4043935383587408	 -0.663330078125	 0.3056640625	 -0.4111328125	 0.19364561	 0.46005958	 0.8487847	 -0.17438924	 -4.821705	 6.9593506	 13.556778	Triplo salto in lungo	3	Petto
199	 3110791561	 0.9999414947606136	 -0.009101642980737984	 -0.005837290419083125	 -3.052728686221418E-4	 -0.07295213007654766	 -0.002518674165423611	 -0.3242271099585089	 -0.651123046875	 0.27978515625	 -0.394287109375	 0.20248394	 0.45685184	 0.84951144	 -0.16916667	 -1.2110573	 6.016909	 9.15904	Triplo salto in lungo	3	Petto
200	 3110808228	 0.9999704946976551	 0.00638843157989058	 0.0034690545402722432	 0.0024826068300514703	 -0.07488986437465305	 0.03616331629459831	 -0.30955746451077126	 -0.648681640625	 0.283447265625	 -0.3984375	 0.1967956	 0.46068117	 0.84815425	 -0.17227603	 0.55797213	 6.728769	 8.194576	Triplo salto in lungo	3	Petto
201	 3110824895	 0.9999950226172523	 0.0019954082840735188	 2.4056536856129074E-4	 0.0024321214616709334	 -0.031066943550296225	 0.047110199299562464	 -0.292471232204614	 -0.648681640625	 0.288818359375	 -0.397216796875	 0.19585778	 0.46302715	 0.84691465	 -0.17315178	 0.24838084	 8.434769	 5.94184	Triplo salto in lungo	3	Petto
202	 3110841562	 0.99997974049498	 0.005161545173322374	 0.002996167569567943	 0.002213601344278615	 -0.006430562160146168	 0.05705454191408818	 -0.27016202195278305	 -0.64892578125	 0.291259765625	 -0.404296875	 0.19107847	 0.4662711	 0.84574896	 -0.17546913	 0.32148114	 9.163212	 3.9906988	Triplo salto in lungo	3	Petto
203	 3110858229	 0.9999953688322827	 0.0019986916630014284	 0.002011497110529337	 0.0011051809795167846	 -0.014494496240168502	 0.03651198217363349	 -0.24725099312046536	 -0.651123046875	 0.298583984375	 -0.403076171875	 0.18840761	 0.4677865	 0.8454478	 -0.1757746	 -0.07173883	 7.518103	 3.1910229	Triplo salto in lungo	3	Petto
204	 3110874896	 0.9999792824027525	 -0.006238043835495838	 -0.0015516009649596543	 3.377999823209188E-4	 -0.04983046243407439	 0.018337776388659764	 -0.24659977042874456	 -0.6474609375	 0.29052734375	 -0.396728515625	 0.19246285	 0.4664639	 0.8462596	 -0.17092247	 0.12726663	 5.3852324	 4.3314447	Triplo salto in lungo	3	Petto
205	 3110891563	 0.9999920173709633	 -0.003659409015378867	 -9.167805657032957E-4	 0.0013165991810198399	 -0.07053254223317965	 0.021936935868320136	 -0.23377856295395733	 -0.64208984375	 0.278564453125	 -0.391357421875	 0.19494165	 0.46656322	 0.84626913	 -0.16776568	 0.86556065	 4.176523	 4.2654333	Triplo salto in lungo	3	Petto
206	 3110908230	 0.9999901255711826	 0.0037918383748712092	 0.001454509107047919	 0.0018041965322040387	 -0.0789283135953833	 0.0062031917763894495	 -0.2387810273327129	 -0.638671875	 0.281494140625	 -0.3896484375	 0.19201997	 0.46891809	 0.8452467	 -0.16971396	 0.14533003	 3.429273	 4.884824	Triplo salto in lungo	3	Petto
207	 3110924897	 0.9999692750955733	 0.007359257887659676	 0.0014389451266705602	 0.0022846498854732227	 -0.07072572411491557	 -0.01882680111059511	 -0.2178722914981152	 -0.639404296875	 0.292724609375	 -0.39501953125	 0.18751565	 0.47234127	 0.84335625	 -0.17459188	 -1.0693789	 2.4448895	 3.7171736	Triplo salto in lungo	3	Petto
208	 3110941564	 0.9999798481800324	 0.005812908661024463	 -8.091633434025304E-4	 0.002420450664978646	 -0.06725359382059024	 -0.029788905099562817	 -0.18419587326528689	 -0.636962890625	 0.3017578125	 -0.40185546875	 0.18565352	 0.47517374	 0.84120727	 -0.17920215	 -1.2647797	 1.3768055	 1.939189	Triplo salto in lungo	3	Petto
209	 3110958231	 0.9999450089256947	 0.008801484188277947	 -9.15304907573411E-4	 0.005628074057975775	 -0.05732855382619334	 -0.020594532355372907	 -0.1222450418244544	 -0.626953125	 0.309814453125	 -0.412841796875	 0.18302281	 0.48120958	 0.8369148	 -0.18577896	 -0.46234852	 0.3831795	 -1.6397219	Triplo salto in lungo	3	Petto
210	 3110974898	 0.9997690789717985	 0.01865963049133959	 0.002858492458021056	 0.010268200556858842	 -0.05026493386374044	 -0.005685118268672041	 -0.06089595232336161	 -0.61474609375	 0.33154296875	 -0.43310546875	 0.17330255	 0.493503	 0.8290094	 -0.19790065	 0.6534276	 -0.6038157	 -5.1465526	Triplo salto in lungo	3	Petto
211	 3110991565	 0.9991941305370573	 0.0347173994002985	 0.017823993856228338	 0.009385996067933612	 -0.02088673758875525	 -0.0065463463033422625	 -0.021783059785062106	 -0.6181640625	 0.36865234375	 -0.465087890625	 0.14290117	 0.5103012	 0.82009476	 -0.21591009	 0.09963666	 -0.45863485	 -8.020736	Triplo salto in lungo	3	Petto
212	 3111008232	 0.9987722891123191	 0.04025662586487383	 0.026920636892017364	 0.010421030881911653	 0.018097556893179476	 -0.01413876315780042	 0.035678608055556726	 -0.64404296875	 0.4345703125	 -0.514404296875	 0.10215104	 0.5296534	 0.80909187	 -0.23324491	 -1.2079422	 -0.55590284	 -11.9835	Triplo salto in lungo	3	Petto
213	 3111024899	 0.9998339810087233	 0.0014889406469486416	 -0.010288480059206392	 0.014964646807361705	 0.01925702034838652	 0.04146903692016997	 0.13037310409207675	 -0.62109375	 0.436767578125	 -0.521240234375	 0.11295453	 0.5393185	 0.79978955	 -0.23814641	 1.1299976	 -2.0399666	 -17.767426	Triplo salto in lungo	3	Petto
214	 3111041566	 0.9998362349949811	 0.013798135369533365	 -0.011634357452047996	 -0.0013252841442710217	 0.09005384826657636	 -0.004512565963999241	 0.05736915934577945	 -0.591796875	 0.455322265625	 -0.55322265625	 0.11428781	 0.53685486	 0.795928	 -0.25538972	 -2.6342685	 2.5554352	 -15.069683	Triplo salto in lungo	3	Petto
215	 3111058233	 0.9994502202643203	 -0.023554723473165395	 0.0035421231004691416	 -0.02306264468020636	 0.15535366196056247	 -0.008611851876261348	 -0.15503367917758676	 -0.620361328125	 0.440185546875	 -0.5283203125	 0.1179625	 0.5162979	 0.81444836	 -0.23705597	 -3.3292363	 12.190264	 -6.070472	Triplo salto in lungo	3	Petto
216	 3111074900	 0.9994465451097994	 -0.0014254031287952718	 -0.0012960642052215062	 -0.033209816494257804	 0.132882157454671	 0.026560564770046667	 -0.042101875670468164	 -0.670166015625	 0.43798828125	 -0.5126953125	 0.11160242	 0.48836228	 0.83148766	 -0.240158	 -1.9460272	 8.105139	 -11.544522	Triplo salto in lungo	3	Petto
217	 3111091567	 0.9992286435648565	 -0.029311167915339525	 -0.005601520448947739	 -0.02552638406895558	 0.07048921567492404	 0.09184521716924304	 0.02378017501389697	 -0.70849609375	 0.424072265625	 -0.4853515625	 0.12413623	 0.4620034	 0.8498881	 -0.22098318	 2.5897524	 4.732436	 -14.415195	Triplo salto in lungo	3	Petto
218	 3111108234	 0.9997183474805484	 -0.019427828451631907	 -0.010296942278614345	 -0.008930743089256565	 -0.006276818068763356	 0.08044348301376658	 0.003975766549313434	 -0.7177734375	 0.3857421875	 -0.451171875	 0.13963602	 0.44945505	 0.85694915	 -0.2100728	 4.258599	 1.9075485	 -11.123189	Triplo salto in lungo	3	Petto
219	 3111124901	 0.9992811873208078	 -0.03623534673231764	 0.006698566340294186	 0.008901546095488712	 -0.06668320661185033	 0.021057819708457902	 -0.06885012752444301	 -0.713623046875	 0.33935546875	 -0.4072265625	 0.15173727	 0.45297703	 0.86102647	 -0.17441702	 3.0677152	 -0.1983188	 -4.791083	Triplo salto in lungo	3	Petto
220	 3111141568	 0.9993896827490981	 -0.031031543988996532	 0.005935298041780516	 0.014902265917349444	 -0.0675095066580698	 -0.003953847621612096	 -0.01456245677072579	 -0.706298828125	 0.277099609375	 -0.360107421875	 0.16298711	 0.46172917	 0.8602034	 -0.1424489	 1.9164711	 -2.6873388	 -7.295068	Triplo salto in lungo	3	Petto
221	 3111158235	 0.9990452729760582	 -0.031293540539412634	 0.02846786884704175	 0.010901252589008982	 -0.03717776118926625	 0.011487138888716355	 -0.07386736127780077	 -0.726318359375	 0.21923828125	 -0.3212890625	 0.15414777	 0.46954048	 0.8635451	 -0.10030139	 1.0802966	 0.45285088	 -4.942663	Triplo salto in lungo	3	Petto
222	 3111174902	 0.9994165603925135	 -0.011114814293010283	 0.03207117142293057	 -0.0037999578932613742	 0.06322031011571494	 0.027227431844148508	 -0.22194721228756692	 -0.786865234375	 0.188720703125	 -0.30224609375	 0.13101956	 0.4673411	 0.8710062	 -0.07599129	 -2.8634884	 8.069682	 1.1905441	Triplo salto in lungo	3	Petto
224	 3111208236	 0.9991768171700841	 -0.0025630992592711246	 0.039729379934340926	 -0.007790694582665458	 0.16447223150492365	 0.06763035688826545	 -0.4594471327675922	 -0.881103515625	 0.177490234375	 -0.29541015625	 0.096519396	 0.4624353	 0.87961936	 -0.0557447	 -1.7495027	 5.632692	 0.008195877	Triplo salto in lungo	3	Petto
225	 3111224903	 0.9997331533280429	 -0.008290513166507906	 0.018436960679206558	 0.01117890912017988	 -0.03616268150111967	 0.013509829836874878	 -0.08437758724276392	 -0.908203125	 0.171630859375	 -0.28369140625	 0.08452163	 0.47219554	 0.8765819	 -0.038622558	 1.2711612	 -0.33522382	 -4.4026194	Triplo salto in lungo	3	Petto
226	 3111241570	 0.9995860218955712	 -0.020603630638343653	 0.012411864962177723	 0.015786729986468906	 -0.06831493385371375	 0.013796453574644308	 -0.08916717535554086	 -0.9208984375	 0.14013671875	 -0.272705078125	 0.08374357	 0.48438728	 0.87073743	 -0.013144384	 2.3079727	 -2.1195364	 -3.7892752	Triplo salto in lungo	3	Petto
227	 3111258237	 0.9996992039571581	 -0.015586132621649332	 0.016236188285132406	 0.009744755886860192	 -0.04138448252144598	 0.029864432211584014	 -0.12988342490000399	 -0.935302734375	 0.106201171875	 -0.262939453125	 0.07707273	 0.49148545	 0.8674188	 0.009305366	 1.7610347	 -0.32819346	 -1.6334963	Triplo salto in lungo	3	Petto
228	 3111274904	 0.999571904476333	 5.14635589238116E-5	 0.028725593254715718	 0.005553865790899504	 0.0036183369784127326	 0.035242689070762806	 -0.13807846585582223	 -0.97802734375	 0.100830078125	 -0.26416015625	 0.05186923	 0.49560755	 0.8666644	 0.02399802	 0.5049688	 1.7714329	 -1.4606256	Triplo salto in lungo	3	Petto
229	 3111291571	 0.9996040625388627	 -0.0023705987032394127	 0.027371598101714842	 -0.006074046011341428	 0.047577788607394256	 -0.011759522299435426	 -0.1374337718754854	 -1.035888671875	 0.099853515625	 -0.2734375	 0.029276399	 0.4891829	 0.8707952	 0.039487775	 -2.9803967	 2.1785128	 -1.8742328	Triplo salto in lungo	3	Petto
230	 3111308238	 0.9996984057088951	 -0.005291584651221579	 0.022284406092714138	 -0.00886013544294273	 0.08020048601399753	 -0.012303678860643933	 -0.10362875170407138	 -1.09033203125	 0.08203125	 -0.271728515625	 0.012626139	 0.48009348	 0.8754057	 0.054917324	 -3.6890492	 3.474572	 -3.7566009	Triplo salto in lungo	3	Petto
231	 3111324905	 0.9998440944781395	 -8.020161826031297E-4	 0.017175082630762107	 0.004019955703565726	 0.04458915299419858	 -0.0034591432250297965	 -0.12181671769740803	 -1.127685546875	 0.0810546875	 -0.287353515625	 -0.0024277042	 0.48240164	 0.87359864	 0.064097464	 -2.163078	 1.524034	 -2.4901128	Triplo salto in lungo	3	Petto
232	 3111341572	 0.9997978535433998	 -0.01728306013117216	 0.004759650962587404	 0.009104592534949885	 -0.008411897111923954	 0.0020000373862342925	 -0.15154613987468815	 -1.142333984375	 0.064208984375	 -0.283447265625	 9.861803E-4	 0.48981038	 0.8679973	 0.08164565	 -0.15140969	 -1.4031634	 -0.8151207	Triplo salto in lungo	3	Petto
233	 3111358239	 0.9990804212777626	 -0.036690980303216436	 -0.008165576337949287	 0.020625400527181984	 -0.05880964254579626	 0.06903551628783011	 -0.20483679145718198	 -1.110595703125	 0.012939453125	 -0.256591796875	 0.024185847	 0.50770754	 0.85418487	 0.10962137	 4.355471	 -2.6280985	 2.627863	Triplo salto in lungo	3	Petto
234	 3111374906	 0.9998357909918584	 -0.005930898192001655	 0.011992329048115232	 0.012222910550390265	 -0.0665638696343187	 0.11255866097089333	 -0.2943298615677662	 -1.11181640625	 -0.011962890625	 -0.243896484375	 0.0154611785	 0.5164489	 0.8475526	 0.12122877	 5.0596943	 -3.246638	 8.552059	Triplo salto in lungo	3	Petto
235	 3111391573	 0.9997935935062944	 0.007043147433405464	 0.019019900697900747	 -0.001186522416114222	 0.027949128487326218	 0.10101088524546195	 -0.26254241301914993	 -1.14892578125	 -0.00146484375	 -0.26025390625	 -0.004286862	 0.5129658	 0.8492172	 0.12521277	 2.1145144	 1.1384695	 6.9774456	Triplo salto in lungo	3	Petto
236	 3111408240	 0.9999607101275187	 -0.0014873495909907275	 0.003763826904406215	 -0.007886672270123907	 0.1108065428179282	 0.035501674337059044	 -0.2656382801807804	 -1.173828125	 0.0	 -0.2705078125	 -0.0058608027	 0.5056036	 0.8531057	 0.12861417	 -3.2258103	 3.26351	 6.971342	Triplo salto in lungo	3	Petto
237	 3111424907	 0.9994649426877262	 -0.02298117136329092	 -0.023131234428219072	 -0.002576838143503069	 0.04156109579207145	 0.015966874934858735	 -0.28111711287832153	 -1.14453125	 -0.035888671875	 -0.248046875	 0.025687737	 0.50606424	 0.8512145	 0.13664971	 -2.414292	 -1.2206007	 7.048191	Triplo salto in lungo	3	Petto
238	 3111441574	 0.9999752305357619	 -1.1710556353505819E-4	 -0.006207660514841702	 -0.0033150493464370046	 0.04948196408543753	 0.047456963678764535	 -0.1544062377264671	 -1.1171875	 -0.056884765625	 -0.240478515625	 0.03134791	 0.5039114	 0.8527715	 0.13368456	 -0.6993278	 1.9456179	 0.11116791	Triplo salto in lungo	3	Petto
239	 3111458241	 0.9999816771762338	 0.0019344322187500596	 0.004871623790952962	 -0.0030282941463740114	 0.09698834992914371	 0.06629402467594109	 -0.14367970900283494	 -1.129150390625	 -0.052490234375	 -0.23291015625	 0.026482482	 0.5005517	 0.8547755	 0.13455763	 -1.0940112	 5.171069	 -0.011883736	Triplo salto in lungo	3	Petto
240	 3111474908	 0.9999985820344319	 -1.8653089248502064E-4	 0.0015630248412937533	 -5.984051280613634E-4	 0.11350094351671175	 0.03687735387040779	 -0.21616104959596444	 -1.1318359375	 -0.05517578125	 -0.244384765625	 0.025171893	 0.49964327	 0.8551728	 0.13565637	 -3.8482955	 4.25561	 3.8457718	Triplo salto in lungo	3	Petto
241	 3111491575	 0.9999985819534176	 -0.0016096152847536738	 4.5313086162676597E-4	 1.9975537866784301E-4	 0.06889980851610346	 0.02581884516192414	 -0.17151218804950097	 -1.13232421875	 -0.0546875	 -0.243408203125	 0.025402045	 0.49952656	 0.85494953	 0.1374391	 -2.5913203	 2.1465352	 0.8675833	Triplo salto in lungo	3	Petto
242	 3111508242	 0.9999966784093646	 -9.134497002394326E-4	 -0.00236973506248539	 -4.3947197484378586E-4	 0.040478103706754566	 0.06054554258696353	 -0.1685181094845904	 -1.129638671875	 -0.05908203125	 -0.238037109375	 0.027781406	 0.49926907	 0.85506463	 0.13719845	 0.035133947	 1.6539202	 1.0774412	Triplo salto in lungo	3	Petto
243	 3111524909	 0.9999913049365272	 0.0036290329012081124	 -0.0018007603833508914	 -9.886524087017736E-4	 0.02645649681158373	 0.07468513033989435	 -0.16075621453281502	 -1.1279296875	 -0.05419921875	 -0.234130859375	 0.027482366	 0.49858505	 0.8560829	 0.13334197	 1.2179731	 1.4497737	 0.77218914	Triplo salto in lungo	3	Petto
244	 3111541576	 0.9999939601992194	 0.0019489929434615139	 -0.0026049384776218602	 -0.0012228193309369861	 0.03952009622469285	 0.06462213796415485	 -0.13729443129051705	 -1.12353515625	 -0.04931640625	 -0.232421875	 0.02874291	 0.49774802	 0.8569635	 0.13051686	 0.60776246	 2.1982064	 -0.6855087	Triplo salto in lungo	3	Petto
245	 3111558243	 0.999996173794224	 0.002247902553391079	 -0.0015443907322045813	 -4.628048064184154E-4	 0.04908637595581564	 0.06314431045223909	 -0.1334053995913046	 -1.12060546875	 -0.047607421875	 -0.2333984375	 0.028847834	 0.49742886	 0.8575268	 0.1279868	 0.28677014	 2.754553	 -0.9008255	Triplo salto in lungo	3	Petto
246	 3111574910	 0.9999743856737531	 0.00701863123071364	 0.0013386410495334624	 -4.181533064753218E-4	 0.06790590501498245	 0.039609945607996966	 -0.11565158779198195	 -1.1201171875	 -0.037109375	 -0.246826171875	 0.024100002	 0.49689782	 0.85873854	 0.12280103	 -1.2716202	 3.3028085	 -2.2047281	Triplo salto in lungo	3	Petto
247	 3111591577	 0.9999540291420866	 0.008970033713970593	 0.0033010877836762713	 -7.621791926034073E-4	 0.07435614238492415	 0.022376226240696066	 -0.07574291639050551	 -1.12744140625	 -0.022705078125	 -0.24267578125	 0.016734047	 0.49584106	 0.86034656	 0.116899945	 -1.860777	 3.6209002	 -4.7352886	Triplo salto in lungo	3	Petto
248	 3111608244	 0.9999948754978412	 0.00301750756401363	 8.02784479673413E-4	 -7.065148528743737E-4	 0.057806491656494985	 0.019214049125127617	 -0.10428758505029136	 -1.135498046875	 -0.0078125	 -0.252685546875	 0.014456233	 0.49499708	 0.8611457	 0.114878915	 -1.6896507	 2.370167	 -3.1764345	Triplo salto in lungo	3	Petto
249	 3111624911	 0.9999894351685013	 -0.002992145667895768	 -0.0033976095158753383	 -7.955282907212703E-4	 0.023039715270357287	 0.04158219101196009	 -0.1746578565281235	 -1.131591796875	 -0.016845703125	 -0.250244140625	 0.018777607	 0.49447006	 0.8612215	 0.11595079	 -0.037884183	 0.46440998	 1.0381975	Triplo salto in lungo	3	Petto
250	 3111641578	 0.9999874118902705	 0.003964783628847071	 -0.003070286413717677	 1.7289624875466147E-4	 0.017410709804513806	 0.08331312721119954	 -0.1465882704120191	 -1.1201171875	 -0.012939453125	 -0.2509765625	 0.019266717	 0.4948572	 0.86161387	 0.11120676	 2.408303	 1.7218055	 -0.08347893	Triplo salto in lungo	3	Petto
251	 3111658245	 0.9999882635591338	 0.004821212310711781	 -4.055919841452483E-4	 -2.532804490490426E-4	 0.04190739156691031	 0.0965143118977273	 -0.11600871106298102	 -1.1171875	 -0.001708984375	 -0.256103515625	 0.017088016	 0.49457952	 0.8623472	 0.107036814	 2.6311724	 3.7665477	 -1.6152086	Triplo salto in lungo	3	Petto
252	 3111674912	 0.999995896374633	 0.0020205774801928533	 0.0018009737669453382	 -9.386128229926238E-4	 0.09156934900683548	 0.08321830822446825	 -0.12321444589954014	 -1.120361328125	 -9.765625E-4	 -0.259521484375	 0.014466475	 0.49340865	 0.8631481	 0.10636849	 0.43170857	 5.9013762	 -1.1670599	Triplo salto in lungo	3	Petto
253	 3111691579	 0.9999975328514101	 -2.933417025285795E-4	 0.0021881327438185993	 -2.455948569148881E-4	 0.07381056028466845	 0.053957416195070225	 -0.15056416607892825	 -1.1279296875	 0.001708984375	 -0.256103515625	 0.012573186	 0.4927516	 0.86336195	 0.1079084	 -0.69961256	 3.8417685	 0.00823307	Triplo salto in lungo	3	Petto
254	 3111708246	 0.9999959978232921	 -0.0013110504691368208	 0.0024649317703776545	 4.578159381919411E-4	 0.03792845857310871	 0.06060530997187863	 -0.16026663776903977	 -1.130126953125	 -9.765625E-4	 -0.256591796875	 0.010861643	 0.49265254	 0.86311704	 0.11047512	 0.6801307	 2.054197	 0.4915638	Triplo salto in lungo	3	Petto
255	 3111724913	 0.9999949438919034	 -5.881347806244303E-4	 0.0029080122989056938	 0.0011444442224277098	 0.039718608399842384	 0.07576137751856661	 -0.1621431623701705	 -1.1376953125	 -0.002197265625	 -0.249755859375	 0.008336252	 0.4930972	 0.8626109	 0.1126436	 1.385627	 2.5092077	 0.80637074	Triplo salto in lungo	3	Petto
256	 3111741580	 0.9999906385457413	 -0.0030323532714600643	 0.002692022506144032	 0.0015101885127041803	 0.06395592939642417	 0.07730452074493574	 -0.15892080722018245	 -1.140380859375	 -0.0048828125	 -0.25830078125	 0.007162121	 0.49385017	 0.8616348	 0.11681856	 0.76567346	 3.760825	 0.7905407	Triplo salto in lungo	3	Petto
257	 3111758247	 0.9999833093164314	 -0.0050090597107956825	 0.0024897658351670515	 0.0014461934372096976	 0.08739679727418939	 0.075286135637962	 -0.1423539119005543	 -1.1435546875	 -0.014404296875	 -0.259033203125	 0.0071426765	 0.49453917	 0.8604359	 0.12259864	 0.05572312	 5.0005817	 -0.023181915	Triplo salto in lungo	3	Petto
258	 3111774914	 0.9999845977314377	 -0.005255426691548576	 -2.545116708590201E-4	 0.0017663561344608003	 0.07412806313003321	 0.05588841481702668	 -0.1131373534292085	 -1.1435546875	 -0.022216796875	 -0.25732421875	 0.009560686	 0.4958177	 0.85900176	 0.1272395	 -0.3339724	 4.0195417	 -2.012607	Triplo salto in lungo	3	Petto
259	 3111791581	 0.9999675569783106	 -0.007636110768077242	 -0.002287703162614924	 0.0011581094104426428	 0.022706144663435058	 0.03300180789755431	 -0.1481365028034407	 -1.143798828125	 -0.036865234375	 -0.253173828125	 0.014976952	 0.496783	 0.8575066	 0.1329105	 -0.2784145	 0.24503033	 -0.6129637	Triplo salto in lungo	3	Petto
260	 3111808248	 0.9999843199268965	 -0.004560049914567016	 -0.003084385940158974	 0.0010258696267024248	 -0.001312872467509399	 0.054692746783012836	 -0.16502674341079693	 -1.134033203125	 -0.045654296875	 -0.243408203125	 0.01956656	 0.4977678	 0.8564315	 0.13553526	 1.2614112	 -0.63197803	 0.5234499	Triplo salto in lungo	3	Petto
261	 3111824915	 0.999996872965817	 -6.396595840324482E-5	 0.002193322819541793	 0.0011997091119058114	 0.011240203733343885	 0.07667281012171205	 -0.139078635158209	 -1.134521484375	 -0.04736328125	 -0.240966796875	 0.017380944	 0.49827254	 0.8559627	 0.1369327	 2.1511245	 0.9561797	 -0.5548668	Triplo salto in lungo	3	Petto
262	 3111841582	 0.9999857004118917	 0.00332381461921627	 0.004160176308246639	 4.941267041412289E-4	 0.0649390288252301	 0.04909743180090105	 -0.13462687796973483	 -1.141845703125	 -0.039306640625	 -0.24267578125	 0.011924394	 0.4979455	 0.85633206	 0.13639607	 -0.80576855	 2.958667	 -0.8854542	Triplo salto in lungo	3	Petto
263	 3111858249	 0.9999992650950733	 -5.81927016967354E-4	 1.8906876426083577E-4	 -0.0010466247000376907	 0.08840725583284742	 0.021044448793434596	 -0.1298599933920788	 -1.147705078125	 -0.038818359375	 -0.240966796875	 0.01201902	 0.4967864	 0.856874	 0.1372082	 -2.8212497	 3.3981113	 -1.3904057	Triplo salto in lungo	3	Petto
264	 3111874916	 0.9999628156296001	 -0.006731762213039394	 -0.005384666105329478	 2.3686824082697067E-4	 0.06876981863145265	 0.03414604910106249	 -0.13575049529163752	 -1.143310546875	 -0.04736328125	 -0.23974609375	 0.019758997	 0.49740314	 0.8558333	 0.14053248	 -1.6313455	 2.665388	 -0.99254036	Triplo salto in lungo	3	Petto
265	 3111891583	 0.9999636654970157	 -0.007439362888482737	 -0.004157585473527153	 1.9506054499951467E-4	 0.026826273506880098	 0.06978402503797955	 -0.13008102010667147	 -1.12646484375	 -0.06884765625	 -0.237548828125	 0.026800212	 0.49776855	 0.8546727	 0.14506286	 1.3734319	 1.6042308	 -1.0620947	Triplo salto in lungo	3	Petto
266	 3111908250	 0.9999993191647928	 3.644064809488201E-6	 9.149180869442998E-4	 7.242800326788812E-4	 0.015704957006835562	 0.08910714152965059	 -0.13217238700750483	 -1.131103515625	 -0.068359375	 -0.232421875	 0.025725508	 0.49802902	 0.85443395	 0.14576821	 2.5234988	 1.5268749	 -0.6661787	Triplo salto in lungo	3	Petto
267	 3111924917	 0.9999945250323897	 0.0025146079458351622	 0.0021022753253496233	 4.550720606744663E-4	 0.039128140072222636	 0.058092879765244805	 -0.15167935092572912	 -1.1337890625	 -0.0654296875	 -0.236328125	 0.022429245	 0.49793813	 0.85472494	 0.14491475	 0.0373401	 1.588324	 0.0844574	Triplo salto in lungo	3	Petto
268	 3111941584	 0.9999986591483003	 -4.111495821225719E-4	 -0.0015167195753647835	 -4.6067271728689185E-4	 0.06218339278474842	 0.038421921419053595	 -0.157026029569295	 -1.131591796875	 -0.063232421875	 -0.22998046875	 0.023815338	 0.49752	 0.8549607	 0.14473867	 -1.6533674	 2.138384	 0.22213936	Triplo salto in lungo	3	Petto
269	 3111958251	 0.9999988034994207	 2.6930143390560546E-4	 -0.0011435233405639178	 -0.0010063949693696619	 0.0626432091332265	 0.050654756504777854	 -0.15244891116527642	 -1.131103515625	 -0.062255859375	 -0.231201171875	 0.024618164	 0.4965996	 0.8555718	 0.14415269	 -1.0211605	 2.5800824	 0.15330315	Triplo salto in lungo	3	Petto
270	 3111974918	 0.9999988182407844	 5.992751858233947E-4	 -6.405479762663092E-4	 -0.001262570622299175	 0.056971673983475135	 0.06447281987271457	 -0.15426463704468507	 -1.12646484375	 -0.064208984375	 -0.23876953125	 0.0248598	 0.49539435	 0.856368	 0.14352953	 -0.18666914	 2.6695764	 0.44165897	Triplo salto in lungo	3	Petto
271	 3111991585	 0.9999962209939429	 -6.930633362880467E-4	 -0.0021247720483305314	 -0.0016009387207676087	 0.04103820930110813	 0.06987724503607452	 -0.14874463352135808	 -1.126953125	 -0.063232421875	 -0.232421875	 0.027058678	 0.49407673	 0.8571052	 0.14327237	 0.6262874	 2.0930433	 0.113324165	Triplo salto in lungo	3	Petto
272	 3112008252	 0.9999992637769877	 3.9596854581230856E-4	 -2.393142790406422E-4	 -0.001121776746588421	 0.01838386414304985	 0.07577220987375727	 -0.16199765213071116	 -1.12255859375	 -0.06591796875	 -0.235107421875	 0.027034992	 0.4929235	 0.8578104	 0.143029	 1.423837	 0.9542052	 0.8367281	Triplo salto in lungo	3	Petto
273	 3112024919	 0.9999948023568216	 0.003210604440410769	 2.1252665814172622E-4	 -2.0520937632112493E-4	 0.03310709218344106	 0.06998532274247449	 -0.17355786827174516	 -1.126953125	 -0.06201171875	 -0.234619140625	 0.02510919	 0.4925611	 0.85847527	 0.14061862	 0.5470988	 1.4026396	 1.4899702	Triplo salto in lungo	3	Petto
274	 3112041586	 0.999996778722188	 0.0017204248604479888	 -0.0018658738394733978	 -3.461736978654928E-5	 0.06538966295024032	 0.054960547167820284	 -0.13015302266321138	 -1.124267578125	 -0.05615234375	 -0.228759765625	 0.025678765	 0.49259654	 0.8587878	 0.13846774	 -0.670248	 3.2182574	 -1.0693588	Triplo salto in lungo	3	Petto
275	 3112058253	 0.9999943205358788	 0.002664357571117437	 -0.0020534829438453588	 -2.0809257277570883E-4	 0.06027527955027244	 0.057997557463304775	 -0.13078405590530073	 -1.1181640625	 -0.05126953125	 -0.2392578125	 0.02596314	 0.49252683	 0.859306	 0.13541321	 -0.35732725	 3.0723293	 -1.0267668	Triplo salto in lungo	3	Petto
276	 3112074920	 0.9999914925998901	 0.0036667045495895334	 -0.001728259042231617	 -7.636270509123189E-4	 0.051779213894508895	 0.06374338367889729	 -0.1353872383013217	 -1.1142578125	 -0.043701171875	 -0.23583984375	 0.025545644	 0.49195334	 0.8602319	 0.13164623	 0.16621245	 2.795227	 -0.73478603	Triplo salto in lungo	3	Petto
277	 3112091587	 0.9999889743891297	 0.004399696547684545	 -0.0010255734779722192	 -0.0012813935797085232	 0.041315817716536016	 0.05169552053847365	 -0.15464972918005698	 -1.1123046875	 -0.03955078125	 -0.2421875	 0.024228815	 0.49084646	 0.86151356	 0.12758355	 -0.28252	 1.7368716	 0.12599945	Triplo salto in lungo	3	Petto
278	 3112108254	 0.9999919175159219	 0.0034864530147732387	 -0.001906748147565224	 -6.114406817148144E-4	 0.029553909944637375	 0.05726900485462051	 -0.16197511480116333	 -1.10986328125	 -0.033935546875	 -0.243896484375	 0.024033334	 0.49039942	 0.8623123	 0.1238896	 0.34357172	 1.2712772	 0.56301117	Triplo salto in lungo	3	Petto
279	 3112124921	 0.9999921455846794	 0.0031712826616515366	 -0.002370846884531708	 -1.7555705421717918E-4	 0.029778124246152574	 0.07694311611689238	 -0.15821796318839876	 -1.107421875	 -0.0283203125	 -0.243408203125	 0.024339307	 0.4903682	 0.8628368	 0.12024925	 1.4026725	 1.9707166	 0.61637974	Triplo salto in lungo	3	Petto
280	 3112141588	 0.9999870801486075	 0.00456070421163049	 -0.0022271383447664416	 -2.8172282477906263E-4	 0.04143518238497644	 0.06426406939981157	 -0.14674359165579096	 -1.099853515625	 -0.019287109375	 -0.2451171875	 0.023854757	 0.49024662	 0.86357063	 0.11548006	 0.5420132	 2.3888748	 -0.19180298	Triplo salto in lungo	3	Petto
281	 3112158255	 0.9999873306217152	 0.003881942460636459	 -0.0031752159300591637	 -4.3257668256929677E-4	 0.0484639433005694	 0.04574890578106082	 -0.1360889260659915	 -1.096435546875	 -0.010986328125	 -0.241455078125	 0.024537727	 0.49007127	 0.8642598	 0.11083078	 -0.46111774	 2.3897803	 -1.0527067	Triplo salto in lungo	3	Petto
282	 3112174922	 0.9999838544466824	 0.004914710344551321	 -0.002787557213214179	 -6.049735272967705E-4	 0.050070739537570394	 0.03753696734005185	 -0.138160820139495	 -1.08935546875	 -7.32421875E-4	 -0.250732421875	 0.024395399	 0.48971564	 0.8651352	 0.10547493	 -0.91678596	 2.2840798	 -1.051281	Triplo salto in lungo	3	Petto
283	 3112191589	 0.9999809990396451	 0.0056678619827539994	 -0.002377061792164501	 -4.7589647379936434E-4	 0.0445867352673132	 0.03373476176284356	 -0.16658108040215427	 -1.08447265625	 0.009765625	 -0.250244140625	 0.023511885	 0.48943365	 0.86600685	 0.0996698	 -1.1408316	 1.6998193	 0.52942944	Triplo salto in lungo	3	Petto
284	 3112208256	 0.9999825336368698	 0.004690671718496811	 -0.003564255104681641	 -4.7550558831072065E-4	 0.03126658060315732	 0.03987250353305197	 -0.17353134991008135	 -1.079345703125	 0.018310546875	 -0.250732421875	 0.02413128	 0.4892321	 0.86672384	 0.09412629	 -0.39943686	 1.236125	 0.95575047	Triplo salto in lungo	3	Petto
285	 3112224923	 0.9999844548225973	 0.0030849886679615857	 -0.004548966820944786	 -9.380079602138714E-4	 0.02182314124441198	 0.05381890894339498	 -0.16332124518930385	 -1.073974609375	 0.022705078125	 -0.251953125	 0.026432287	 0.48866743	 0.8674671	 0.08947868	 0.72885966	 1.3728557	 0.4706669	Triplo salto in lungo	3	Petto
286	 3112241590	 0.9999847145513497	 0.0038707132394196347	 -0.003742344418371291	 -0.0012582133872886536	 0.016051172277675378	 0.06245266951948488	 -0.14315039102826138	 -1.06494140625	 0.02978515625	 -0.24560546875	 0.027680105	 0.48776025	 0.86843413	 0.08453503	 1.5109954	 1.6060549	 -0.6548853	Triplo salto in lungo	3	Petto
287	 3112258257	 0.9999850798998242	 0.0046336371206929655	 -0.002663698827321676	 -0.0011287574288209037	 0.016037733027876207	 0.05476871692886891	 -0.1256355248445813	 -1.06005859375	 0.0390625	 -0.25537109375	 0.027611012	 0.486872	 0.86941344	 0.07946128	 1.2796559	 1.5903993	 -1.7891417	Triplo salto in lungo	3	Petto
288	 3112274924	 0.9999789145144679	 0.005996579368256413	 -0.002338666207236648	 -8.615118791890919E-4	 0.01610681037806627	 0.04077092268304833	 -0.14220559771967828	 -1.0546875	 0.049072265625	 -0.26171875	 0.026576918	 0.48620388	 0.8703544	 0.07336951	 0.48188913	 1.1271564	 -0.96853447	Triplo salto in lungo	3	Petto
289	 3112291591	 0.9999851009803478	 0.0039751563516035315	 -0.0034100387415347266	 -0.0015386959040601391	 0.015790543623706296	 0.03335222132624407	 -0.15875742695924153	 -1.054443359375	 0.0576171875	 -0.26416015625	 0.027509365	 0.48495615	 0.87141794	 0.06849685	 0.066753	 0.865773	 -0.07236099	Triplo salto in lungo	3	Petto
290	 3112308258	 0.999985746365577	 0.003448782221535135	 -0.0034428653893372884	 -0.00218166101377687	 0.005950438940204861	 0.033506074316255165	 -0.17637570571320832	 -1.04638671875	 0.0654296875	 -0.26171875	 0.028770754	 0.48312446	 0.87273216	 0.06404711	 0.29166844	 0.36492404	 0.95520496	Triplo salto in lungo	3	Petto
291	 3112324925	 0.9999848322056533	 0.0015200197189692982	 -0.004732116312239882	 -0.002373178015462552	 -7.839775075932053E-4	 0.03931005694674487	 -0.18971847091753996	 -1.040771484375	 0.0693359375	 -0.2607421875	 0.03210384	 0.48114052	 0.8739539	 0.060649496	 0.7288115	 0.24018884	 1.7861118	Triplo salto in lungo	3	Petto
292	 3112341592	 0.9999843063053356	 0.0036728645403622667	 -0.0038784885337587453	 -0.0016895371550875726	 8.116144661453398E-4	 0.06492737919148613	 -0.1789700031372818	 -1.03271484375	 0.072509765625	 -0.25439453125	 0.033617005	 0.47975263	 0.87498224	 0.055801157	 2.0040343	 1.2963643	 1.3581915	Triplo salto in lungo	3	Petto
293	 3112358259	 0.9999816360269431	 0.005291429823298624	 -0.002818535072284717	 -8.855728934569763E-4	 0.020131878329838572	 0.05868807358273946	 -0.16434721568560678	 -1.028564453125	 0.08154296875	 -0.265869140625	 0.033386108	 0.47904274	 0.87572616	 0.050075565	 1.1826024	 2.2506833	 0.41597176	Triplo salto in lungo	3	Petto
294	 3112374926	 0.9999846055576063	 0.0030432448158061592	 -0.004639727294646929	 -1.5473236231688947E-5	 0.02788416929325755	 0.042834153794065556	 -0.16937098451744448	 -1.021484375	 0.090087890625	 -0.27001953125	 0.035783507	 0.4790891	 0.8758567	 0.045481663	 0.16142173	 2.2178807	 0.5664711	Triplo salto in lungo	3	Petto
295	 3112391593	 0.999971934270965	 2.0983305138289055E-4	 -0.007476850471303143	 4.281909683246377E-4	 0.018064677691076003	 0.03370389253089238	 -0.1774822551781508	 -1.0078125	 0.092529296875	 -0.26171875	 0.04199945	 0.47952554	 0.8755142	 0.042031106	 -0.026631625	 1.5116503	 0.97532463	Triplo salto in lungo	3	Petto
296	 3112408260	 0.9999686727448417	 1.3892780321506093E-4	 -0.00789156262250962	 5.97885741956683E-4	 0.004654948866845315	 0.03677608886301224	 -0.17680907353397762	 -0.992431640625	 0.08935546875	 -0.26416015625	 0.04860173	 0.4801024	 0.87502086	 0.038452256	 0.48542666	 1.0633245	 0.9630699	Triplo salto in lungo	3	Petto
